[[0.    0.    0.    0.001 0.001 0.   ]
 [0.    0.    0.    0.313 0.    0.   ]
 [0.    0.    0.    0.    0.    0.   ]
 [0.    0.    0.    0.    0.    0.   ]
 [0.    0.    0.    0.671 0.    0.   ]
 [0.    0.    0.    0.    0.    0.   ]]
[[0. 0. 0. 0. 0. 1.]
 [0. 0. 0. 0. 0. 0.]
 [0. 0. 0. 2. 0. 0.]
 [0. 0. 0. 2. 0. 0.]
 [0. 0. 0. 0. 0. 0.]
 [0. 0. 0. 0. 0. 0.]]
[[0. 0. 0. 0. 0. 0.]
 [0. 0. 0. 0. 0. 0.]
 [0. 0. 0. 0. 0. 0.]
 [0. 0. 0. 0. 0. 0.]
 [0. 1. 0. 0. 0. 0.]
 [0. 0. 0. 0. 0. 0.]]
[[0. 0. 0. 0. 0. 1.]
 [0. 0. 0. 0. 0. 0.]
 [0. 0. 0. 2. 0. 0.]
 [0. 0. 0. 2. 0. 0.]
 [0. 1. 0. 0. 0. 0.]
 [0. 0. 0. 0. 0. 0.]]
