[[0.003 0.005 0.003 0.    0.002 0.002]
 [0.003 0.028 0.098 0.148 0.    0.002]
 [0.005 0.16  0.    0.    0.007 0.003]
 [0.    0.108 0.    0.183 0.008 0.003]
 [0.005 0.    0.183 0.003 0.005 0.002]
 [0.002 0.003 0.016 0.003 0.002 0.003]]
[[0. 0. 0. 2. 0. 0.]
 [0. 0. 0. 0. 2. 0.]
 [0. 0. 1. 2. 0. 0.]
 [2. 0. 1. 0. 0. 0.]
 [0. 1. 0. 0. 0. 0.]
 [0. 0. 0. 0. 0. 0.]]
[[0. 0. 0. 0. 0. 0.]
 [0. 0. 0. 0. 0. 0.]
 [0. 0. 0. 0. 0. 0.]
 [0. 0. 0. 0. 1. 0.]
 [0. 0. 0. 0. 0. 0.]
 [0. 0. 0. 0. 0. 0.]]
[[0. 0. 0. 2. 0. 0.]
 [0. 0. 0. 0. 2. 0.]
 [0. 0. 1. 2. 0. 0.]
 [2. 0. 1. 0. 1. 0.]
 [0. 1. 0. 0. 0. 0.]
 [0. 0. 0. 0. 0. 0.]]
