[[0.002 0.002 0.002 0.025 0.007 0.   ]
 [0.002 0.002 0.003 0.052 0.004 0.003]
 [0.002 0.044 0.001 0.    0.003 0.002]
 [0.006 0.546 0.    0.    0.039 0.011]
 [0.029 0.    0.018 0.176 0.002 0.002]
 [0.002 0.002 0.009 0.002 0.002 0.002]]
[[0. 0. 0. 0. 0. 1.]
 [0. 0. 0. 0. 0. 0.]
 [0. 0. 0. 2. 0. 0.]
 [0. 0. 2. 2. 0. 0.]
 [0. 1. 0. 0. 0. 0.]
 [0. 0. 0. 0. 0. 0.]]
[[0. 0. 0. 0. 0. 0.]
 [0. 0. 0. 1. 0. 0.]
 [0. 0. 0. 0. 0. 0.]
 [0. 0. 0. 0. 0. 0.]
 [0. 0. 0. 0. 0. 0.]
 [0. 0. 0. 0. 0. 0.]]
[[0. 0. 0. 0. 0. 1.]
 [0. 0. 0. 1. 0. 0.]
 [0. 0. 0. 2. 0. 0.]
 [0. 0. 2. 2. 0. 0.]
 [0. 1. 0. 0. 0. 0.]
 [0. 0. 0. 0. 0. 0.]]
