[[0.001 0.001 0.001 0.001 0.001 0.001]
 [0.001 0.006 0.001 0.001 0.001 0.001]
 [0.001 0.006 0.027 0.056 0.001 0.001]
 [0.    0.806 0.    0.029 0.001 0.001]
 [0.001 0.    0.045 0.002 0.004 0.001]
 [0.001 0.001 0.001 0.001 0.001 0.001]]
[[0. 0. 0. 0. 0. 0.]
 [0. 0. 0. 0. 0. 0.]
 [0. 0. 0. 0. 0. 0.]
 [2. 0. 2. 0. 0. 0.]
 [0. 1. 0. 0. 0. 0.]
 [0. 0. 0. 0. 0. 0.]]
[[0. 0. 0. 0. 0. 0.]
 [0. 0. 0. 0. 0. 0.]
 [0. 0. 0. 0. 0. 0.]
 [0. 1. 0. 0. 0. 0.]
 [0. 0. 0. 0. 0. 0.]
 [0. 0. 0. 0. 0. 0.]]
[[0. 0. 0. 0. 0. 0.]
 [0. 0. 0. 0. 0. 0.]
 [0. 0. 0. 0. 0. 0.]
 [2. 1. 2. 0. 0. 0.]
 [0. 1. 0. 0. 0. 0.]
 [0. 0. 0. 0. 0. 0.]]
