[[0.002 0.002 0.002 0.003 0.002 0.   ]
 [0.002 0.028 0.009 0.015 0.003 0.002]
 [0.003 0.192 0.017 0.108 0.004 0.003]
 [0.    0.    0.    0.447 0.019 0.006]
 [0.095 0.    0.    0.004 0.004 0.002]
 [0.001 0.    0.019 0.003 0.002 0.002]]
[[0. 0. 0. 0. 0. 1.]
 [0. 0. 0. 0. 0. 0.]
 [0. 0. 0. 0. 0. 0.]
 [2. 1. 2. 0. 0. 0.]
 [0. 1. 2. 0. 0. 0.]
 [0. 2. 0. 0. 0. 0.]]
[[0. 0. 0. 0. 0. 0.]
 [0. 0. 0. 0. 0. 1.]
 [0. 0. 0. 0. 0. 0.]
 [0. 0. 0. 0. 0. 0.]
 [0. 0. 0. 0. 0. 0.]
 [0. 0. 0. 0. 0. 0.]]
[[0. 0. 0. 0. 0. 1.]
 [0. 0. 0. 0. 0. 1.]
 [0. 0. 0. 0. 0. 0.]
 [2. 1. 2. 0. 0. 0.]
 [0. 1. 2. 0. 0. 0.]
 [0. 2. 0. 0. 0. 0.]]
