[[0.    0.    0.    0.    0.    0.   ]
 [0.    0.    0.    0.914 0.    0.   ]
 [0.    0.    0.    0.    0.    0.   ]
 [0.    0.001 0.001 0.    0.    0.   ]
 [0.    0.    0.001 0.071 0.    0.   ]
 [0.    0.    0.    0.    0.    0.   ]]
[[0. 0. 0. 0. 0. 0.]
 [0. 0. 0. 0. 0. 0.]
 [0. 0. 1. 2. 0. 0.]
 [0. 0. 0. 2. 0. 0.]
 [0. 0. 0. 0. 0. 0.]
 [0. 0. 0. 0. 0. 0.]]
[[0. 0. 0. 0. 0. 0.]
 [0. 0. 0. 0. 0. 0.]
 [0. 0. 0. 0. 0. 0.]
 [0. 0. 1. 0. 0. 0.]
 [0. 0. 0. 0. 0. 0.]
 [0. 0. 0. 0. 0. 0.]]
[[0. 0. 0. 0. 0. 0.]
 [0. 0. 0. 0. 0. 0.]
 [0. 0. 1. 2. 0. 0.]
 [0. 0. 1. 2. 0. 0.]
 [0. 0. 0. 0. 0. 0.]
 [0. 0. 0. 0. 0. 0.]]
