[[0.001 0.001 0.007 0.002 0.003 0.   ]
 [0.004 0.003 0.004 0.    0.003 0.001]
 [0.001 0.046 0.003 0.    0.002 0.001]
 [0.003 0.057 0.    0.    0.002 0.006]
 [0.004 0.    0.001 0.    0.001 0.001]
 [0.001 0.001 0.006 0.832 0.003 0.001]]
[[0. 0. 0. 0. 0. 1.]
 [0. 0. 0. 1. 0. 0.]
 [0. 0. 0. 2. 0. 0.]
 [0. 0. 2. 2. 0. 0.]
 [0. 1. 0. 2. 0. 0.]
 [0. 0. 0. 0. 0. 0.]]
[[0. 0. 0. 0. 0. 0.]
 [0. 0. 0. 0. 0. 1.]
 [0. 0. 0. 0. 0. 0.]
 [0. 0. 0. 0. 0. 0.]
 [0. 0. 0. 0. 0. 0.]
 [0. 0. 0. 0. 0. 0.]]
[[0. 0. 0. 0. 0. 1.]
 [0. 0. 0. 1. 0. 1.]
 [0. 0. 0. 2. 0. 0.]
 [0. 0. 2. 2. 0. 0.]
 [0. 1. 0. 2. 0. 0.]
 [0. 0. 0. 0. 0. 0.]]
