[[0.    0.    0.    0.    0.    0.   ]
 [0.    0.018 0.001 0.002 0.001 0.   ]
 [0.002 0.029 0.006 0.035 0.003 0.   ]
 [0.    0.    0.    0.063 0.001 0.   ]
 [0.082 0.    0.747 0.001 0.005 0.   ]
 [0.    0.    0.002 0.    0.    0.   ]]
[[0. 0. 0. 0. 0. 0.]
 [0. 0. 0. 0. 0. 0.]
 [0. 0. 0. 0. 0. 0.]
 [2. 1. 2. 0. 0. 0.]
 [0. 1. 0. 0. 0. 0.]
 [0. 2. 0. 0. 0. 0.]]
[[0. 0. 0. 0. 0. 1.]
 [0. 0. 0. 0. 0. 0.]
 [0. 0. 0. 0. 0. 0.]
 [0. 0. 0. 0. 0. 0.]
 [0. 0. 0. 0. 0. 0.]
 [0. 0. 0. 0. 0. 0.]]
[[0. 0. 0. 0. 0. 1.]
 [0. 0. 0. 0. 0. 0.]
 [0. 0. 0. 0. 0. 0.]
 [2. 1. 2. 0. 0. 0.]
 [0. 1. 0. 0. 0. 0.]
 [0. 2. 0. 0. 0. 0.]]
