[[0.001 0.001 0.006 0.001 0.001 0.001]
 [0.001 0.001 0.383 0.148 0.001 0.001]
 [0.001 0.001 0.    0.    0.001 0.001]
 [0.001 0.001 0.    0.    0.001 0.001]
 [0.001 0.001 0.391 0.    0.001 0.001]
 [0.001 0.001 0.005 0.053 0.001 0.001]]
[[0. 0. 0. 0. 0. 0.]
 [0. 0. 0. 0. 0. 0.]
 [0. 0. 1. 2. 0. 0.]
 [0. 0. 1. 2. 0. 0.]
 [0. 0. 0. 2. 0. 0.]
 [0. 0. 0. 0. 0. 0.]]
[[0. 0. 0. 0. 0. 0.]
 [0. 0. 0. 0. 0. 0.]
 [0. 0. 0. 0. 0. 0.]
 [0. 0. 0. 0. 0. 0.]
 [0. 0. 1. 0. 0. 0.]
 [0. 0. 0. 0. 0. 0.]]
[[0. 0. 0. 0. 0. 0.]
 [0. 0. 0. 0. 0. 0.]
 [0. 0. 1. 2. 0. 0.]
 [0. 0. 1. 2. 0. 0.]
 [0. 0. 1. 2. 0. 0.]
 [0. 0. 0. 0. 0. 0.]]
