[[0.    0.    0.    0.    0.    0.   ]
 [0.    0.003 0.008 0.001 0.    0.   ]
 [0.    0.001 0.035 0.024 0.    0.   ]
 [0.    0.018 0.    0.05  0.003 0.   ]
 [0.    0.    0.846 0.    0.001 0.   ]
 [0.    0.    0.009 0.    0.    0.   ]]
[[0. 0. 0. 2. 0. 0.]
 [0. 0. 0. 0. 2. 0.]
 [0. 0. 0. 0. 0. 0.]
 [2. 0. 1. 0. 0. 0.]
 [0. 1. 0. 0. 0. 0.]
 [0. 0. 0. 0. 0. 0.]]
[[0. 0. 0. 0. 0. 0.]
 [0. 0. 0. 0. 0. 0.]
 [0. 0. 1. 0. 0. 0.]
 [0. 0. 0. 0. 0. 0.]
 [0. 0. 0. 0. 0. 0.]
 [0. 0. 0. 0. 0. 0.]]
[[0. 0. 0. 2. 0. 0.]
 [0. 0. 0. 0. 2. 0.]
 [0. 0. 1. 0. 0. 0.]
 [2. 0. 1. 0. 0. 0.]
 [0. 1. 0. 0. 0. 0.]
 [0. 0. 0. 0. 0. 0.]]
