[[0.001 0.001 0.002 0.002 0.001 0.001]
 [0.001 0.007 0.005 0.002 0.002 0.001]
 [0.002 0.005 0.127 0.223 0.003 0.002]
 [0.    0.007 0.209 0.381 0.004 0.002]
 [0.002 0.002 0.002 0.002 0.002 0.001]
 [0.001 0.001 0.002 0.002 0.    0.001]]
[[0. 0. 0. 0. 0. 0.]
 [0. 0. 0. 0. 0. 0.]
 [0. 0. 0. 0. 0. 0.]
 [2. 0. 0. 0. 0. 0.]
 [0. 0. 0. 0. 0. 0.]
 [0. 0. 0. 0. 0. 0.]]
[[0. 0. 0. 0. 0. 0.]
 [0. 0. 0. 0. 0. 0.]
 [0. 0. 0. 0. 0. 0.]
 [0. 0. 0. 0. 0. 0.]
 [0. 1. 0. 0. 0. 0.]
 [0. 0. 0. 0. 0. 0.]]
[[0. 0. 0. 0. 0. 0.]
 [0. 0. 0. 0. 0. 0.]
 [0. 0. 0. 0. 0. 0.]
 [2. 0. 0. 0. 0. 0.]
 [0. 1. 0. 0. 0. 0.]
 [0. 0. 0. 0. 0. 0.]]
