8.578343124e-04 2.040285335e-03 2.040285335e-03 1.337231352e-02 3.195468036e-01 8.578343124e-04
8.578343124e-04 8.578343124e-04 2.040285335e-03 1.169138962e-01 2.712710282e-16 1.140554176e-01
8.578343124e-04 8.578343124e-04 8.578343124e-04 8.578343124e-04 3.947486233e-01 8.055499527e-03
8.578343124e-04 2.712710282e-16 8.578343124e-04 4.852643675e-03 8.578343124e-04 4.852643675e-03
8.578343124e-04 2.712710282e-16 2.712710282e-16 2.712710282e-16 8.578343124e-04 2.040285335e-03
8.578343124e-04 8.578343124e-04 8.578343124e-04 8.578343124e-04 8.578343124e-04 2.712710282e-16

2.184267900e-16 2.184267900e-16 2.184267900e-16 7.946736328e-01 6.907261586e-04 2.184267900e-16
2.184267900e-16 2.184267900e-16 1.870535471e-02 2.184267900e-16 0.000000000e+00 1.011109296e-01
2.184267900e-16 2.184267900e-16 6.907261586e-04 0.000000000e+00 8.274717829e-02 2.184267900e-16
2.184267900e-16 2.184267900e-16 2.184267900e-16 6.907261586e-04 6.907261586e-04 2.184267900e-16
2.184267900e-16 2.184267900e-16 2.184267900e-16 2.184267900e-16 2.184267900e-16 2.184267900e-16
2.184267900e-16 2.184267900e-16 2.184267900e-16 2.184267900e-16 2.184267900e-16 2.184267900e-16

2.157856814e-16 2.157856814e-16 6.823742399e-04 2.995379229e-01 2.157856814e-16 2.157856814e-16
2.157856814e-16 1.366984153e-02 2.157856814e-16 0.000000000e+00 0.000000000e+00 7.769537614e-03
2.157856814e-16 2.157856814e-16 6.783403237e-01 0.000000000e+00 0.000000000e+00 2.157856814e-16
2.157856814e-16 2.157856814e-16 2.157856814e-16 2.157856814e-16 2.157856814e-16 2.157856814e-16
2.157856814e-16 2.157856814e-16 2.157856814e-16 2.157856814e-16 2.157856814e-16 2.157856814e-16
2.157856814e-16 2.157856814e-16 2.157856814e-16 2.157856814e-16 2.157856814e-16 2.157856814e-16

1.901015907e-16 8.088132079e-03 6.011540135e-04 9.722293075e-01 6.011540135e-04 1.901015907e-16
2.373489525e-03 1.901015907e-16 0.000000000e+00 0.000000000e+00 0.000000000e+00 2.373489525e-03
1.901015907e-16 5.645141260e-03 0.000000000e+00 0.000000000e+00 0.000000000e+00 1.901015907e-16
1.901015907e-16 1.901015907e-16 1.901015907e-16 8.088132079e-03 1.901015907e-16 1.901015907e-16
1.901015907e-16 1.901015907e-16 1.901015907e-16 1.901015907e-16 1.901015907e-16 1.901015907e-16
1.901015907e-16 1.901015907e-16 1.901015907e-16 1.901015907e-16 1.901015907e-16 1.901015907e-16

