2.506265664e-13 2.506265664e-13 2.506265664e-13 2.506265664e-13 2.506265664e-13 2.506265664e-13
2.506265664e-13 2.506265664e-13 2.155388471e-01 4.511278195e-02 2.506265664e-13 2.506265664e-13
2.506265664e-13 2.506265664e-13 1.754385965e-02 6.441102757e-01 0.000000000e+00 2.506265664e-13
2.506265664e-13 2.506265664e-13 7.518796993e-03 7.017543860e-02 2.506265664e-13 2.506265664e-13
2.506265664e-13 2.506265664e-13 2.506265664e-13 2.506265664e-13 2.506265664e-13 2.506265664e-13
2.506265664e-13 2.506265664e-13 2.506265664e-13 2.506265664e-13 2.506265664e-13 2.506265664e-13

2.506265664e-03 2.506265664e-03 2.506265664e-03 2.506265664e-03 2.506265664e-03 2.506265664e-03
2.506265664e-03 2.506265664e-03 3.759398496e-02 2.706766917e-01 0.000000000e+00 2.506265664e-03
2.506265664e-03 2.506265664e-03 6.165413534e-01 0.000000000e+00 0.000000000e+00 2.506265664e-03
2.506265664e-03 2.506265664e-03 2.506265664e-03 2.506265664e-03 2.506265664e-03 2.506265664e-03
2.506265664e-03 2.506265664e-03 2.506265664e-03 2.506265664e-03 2.506265664e-03 2.506265664e-03
2.506265664e-03 2.506265664e-03 2.506265664e-03 2.506265664e-03 2.506265664e-03 2.506265664e-03

2.506265664e-03 2.506265664e-03 7.518796993e-03 2.506265664e-03 2.506265664e-03 2.506265664e-03
2.506265664e-03 2.506265664e-03 2.506265664e-03 0.000000000e+00 0.000000000e+00 0.000000000e+00
2.506265664e-03 7.518796993e-03 8.972431078e-01 0.000000000e+00 0.000000000e+00 2.506265664e-03
2.506265664e-03 5.012531329e-03 2.506265664e-03 2.506265664e-03 5.012531329e-03 1.002506266e-02
2.506265664e-03 2.506265664e-03 5.012531329e-03 2.506265664e-03 2.506265664e-03 2.506265664e-03
2.506265664e-03 2.506265664e-03 2.506265664e-03 5.012531329e-03 2.506265664e-03 2.506265664e-03

