2.506265664e-13 2.506265664e-13 2.506265664e-13 2.506265664e-13 2.506265664e-13 2.506265664e-13
2.506265664e-13 6.015037594e-02 6.215538847e-01 2.506265664e-13 1.503759399e-02 2.506265664e-13
2.506265664e-13 2.506265664e-13 2.531328321e-01 2.506265664e-03 1.002506266e-02 2.506265664e-13
2.506265664e-13 2.506265664e-02 2.506265664e-03 0.000000000e+00 5.012531329e-03 2.506265664e-13
2.506265664e-03 2.506265664e-13 2.506265664e-13 2.506265664e-03 2.506265664e-13 2.506265664e-13
2.506265664e-13 2.506265664e-13 2.506265664e-13 2.506265664e-13 2.506265664e-13 2.506265664e-13

2.506265664e-13 2.506265664e-13 2.506265664e-13 2.506265664e-13 2.506265664e-13 2.506265664e-13
2.506265664e-13 2.506265664e-13 9.473684210e-01 0.000000000e+00 2.005012531e-02 2.506265664e-13
2.506265664e-13 2.506265664e-13 0.000000000e+00 2.506265664e-13 2.506265664e-13 2.506265664e-13
2.506265664e-13 3.258145363e-02 2.506265664e-13 0.000000000e+00 2.506265664e-13 2.506265664e-13
2.506265664e-13 2.506265664e-13 2.506265664e-13 2.506265664e-13 2.506265664e-13 2.506265664e-13
2.506265664e-13 2.506265664e-13 2.506265664e-13 2.506265664e-13 2.506265664e-13 2.506265664e-13

7.518796993e-03 7.518796993e-03 5.263157895e-02 5.012531329e-03 2.506265664e-03 7.518796993e-03
7.518796993e-03 0.000000000e+00 0.000000000e+00 0.000000000e+00 6.766917293e-02 5.012531329e-03
7.518796993e-03 1.929824561e-01 0.000000000e+00 3.408521303e-01 6.015037594e-02 5.012531329e-03
7.518796993e-03 4.010025063e-02 2.506265664e-13 0.000000000e+00 4.761904762e-02 5.012531329e-03
1.503759399e-02 1.002506266e-02 5.012531329e-03 3.759398496e-02 1.002506266e-02 7.518796993e-03
5.012531329e-03 5.012531329e-03 7.518796993e-03 1.002506266e-02 1.002506266e-02 7.518796993e-03

1.002506266e-02 7.518796993e-03 1.328320802e-01 1.002506266e-02 2.506265664e-03 7.518796993e-03
7.518796993e-03 0.000000000e+00 0.000000000e+00 0.000000000e+00 4.260651629e-02 5.012531329e-03
1.253132832e-02 1.002506266e-01 0.000000000e+00 2.857142857e-01 1.328320802e-01 7.518796993e-03
5.012531329e-03 1.754385965e-02 0.000000000e+00 0.000000000e+00 7.518796993e-03 1.002506266e-02
4.010025063e-02 7.518796993e-03 2.506265664e-03 1.002506266e-02 0.000000000e+00 5.513784461e-02
5.012531329e-03 5.012531329e-03 1.002506266e-02 1.503759399e-02 4.260651629e-02 2.506265664e-03

1.253132832e-02 1.102756892e-01 1.253132832e-02 1.253132832e-02 1.253132832e-02 1.002506266e-02
3.258145363e-02 0.000000000e+00 0.000000000e+00 0.000000000e+00 8.521303258e-02 2.005012531e-02
7.518796993e-03 1.754385965e-02 0.000000000e+00 4.260651629e-02 0.000000000e+00 1.253132832e-02
1.002506266e-02 2.531328321e-01 0.000000000e+00 0.000000000e+00 1.002506266e-02 1.002506266e-02
1.002506266e-02 1.253132832e-02 1.002506266e-02 3.759398496e-02 0.000000000e+00 7.518796993e-03
1.002506266e-02 1.002506266e-02 1.002506266e-02 1.002506266e-02 2.105263158e-01 0.000000000e+00

2.506265664e-03 1.253132832e-02 7.518796993e-03 7.518796993e-03 2.506265664e-03 5.012531329e-03
1.503759399e-02 0.000000000e+00 0.000000000e+00 0.000000000e+00 1.203007519e-01 2.506265664e-03
2.506265664e-03 0.000000000e+00 0.000000000e+00 2.005012531e-02 0.000000000e+00 2.506265664e-03
2.506265664e-03 3.533834586e-01 0.000000000e+00 0.000000000e+00 2.506265664e-03 7.518796993e-03
2.506265664e-03 6.015037594e-02 0.000000000e+00 2.280701754e-01 0.000000000e+00 2.506265664e-03
2.506265664e-03 7.518796993e-03 2.506265664e-03 1.002506266e-02 1.177944862e-01 0.000000000e+00

4.500000000e-02 4.500000000e-02 4.500000000e-02 4.500000000e-02 4.500000000e-02 4.500000000e-02
4.500000000e-02 0.000000000e+00 0.000000000e+00 0.000000000e+00 4.500000000e-02 4.500000000e-02
4.250000000e-02 0.000000000e+00 0.000000000e+00 4.250000000e-02 0.000000000e+00 4.250000000e-02
4.250000000e-02 4.250000000e-02 0.000000000e+00 0.000000000e+00 4.250000000e-02 4.250000000e-02
4.250000000e-02 4.250000000e-02 0.000000000e+00 0.000000000e+00 0.000000000e+00 4.250000000e-02
4.250000000e-02 0.000000000e+00 4.250000000e-02 4.250000000e-02 4.250000000e-02 0.000000000e+00

