2.554020676e-16 8.076522528e-04 2.554020676e-16 7.584264521e-03 8.076522528e-04 2.554020676e-16
2.554020676e-16 2.554020676e-16 8.076522528e-04 1.902209178e-01 8.076522528e-04 8.076522528e-04
8.076522528e-04 2.554020676e-16 2.618030028e-01 2.554020676e-16 4.812375630e-01 1.993671493e-02
8.076522528e-04 2.554020676e-16 6.038609059e-03 2.187179634e-02 8.076522528e-04 2.554020676e-16
8.076522528e-04 2.554020676e-16 2.554020676e-16 8.076522528e-04 2.554020676e-16 2.554020676e-16
8.076522528e-04 8.076522528e-04 8.076522528e-04 8.076522528e-04 2.554020676e-16 2.554020676e-16

2.673768431e-16 2.673768431e-16 2.673768431e-16 2.010996367e-03 2.673768431e-16 2.673768431e-16
2.673768431e-16 2.673768431e-16 0.000000000e+00 1.382575338e-01 1.441405202e-01 2.673768431e-16
2.673768431e-16 2.673768431e-16 2.118221671e-01 0.000000000e+00 2.673768431e-16 2.150170499e-01
2.673768431e-16 2.673768431e-16 2.673768431e-16 2.808118725e-01 7.939860174e-03 2.673768431e-16
2.673768431e-16 2.673768431e-16 2.673768431e-16 2.673768431e-16 2.673768431e-16 2.673768431e-16
2.673768431e-16 2.673768431e-16 2.673768431e-16 2.673768431e-16 2.673768431e-16 2.673768431e-16

2.092631502e-16 3.743413032e-03 2.092631502e-16 2.612728768e-03 2.092631502e-16 2.092631502e-16
2.092631502e-16 6.617481849e-04 0.000000000e+00 1.363847132e-01 1.031563330e-02 2.092631502e-16
2.092631502e-16 2.092631502e-16 0.000000000e+00 0.000000000e+00 0.000000000e+00 8.400105455e-01
2.092631502e-16 2.092631502e-16 2.092631502e-16 4.947721708e-03 6.617481849e-04 2.092631502e-16
2.092631502e-16 2.092631502e-16 2.092631502e-16 2.092631502e-16 2.092631502e-16 2.092631502e-16
2.092631502e-16 6.617481849e-04 2.092631502e-16 2.092631502e-16 2.092631502e-16 2.092631502e-16

9.025096126e-04 1.214267357e-02 0.000000000e+00 3.346127364e-02 9.025096126e-04 9.025096126e-04
9.025096126e-04 2.961408831e-01 0.000000000e+00 0.000000000e+00 2.025204233e-01 9.025096126e-04
9.025096126e-04 3.563308342e-03 0.000000000e+00 0.000000000e+00 0.000000000e+00 2.818355866e-01
9.025096126e-04 9.025096126e-04 9.025096126e-04 1.199953292e-01 1.604914261e-02 9.025096126e-04
9.025096126e-04 9.025096126e-04 9.025096126e-04 9.025096126e-04 9.025096126e-04 9.025096126e-04
9.025096126e-04 3.563308342e-03 5.105365337e-03 8.475023267e-03 9.025096126e-04 9.025096126e-04

9.003290041e-04 4.782613586e-02 0.000000000e+00 2.565287384e-01 9.003290041e-04 9.003290041e-04
9.003290041e-04 1.410083435e-01 0.000000000e+00 0.000000000e+00 3.353762507e-01 9.003290041e-04
9.003290041e-04 9.003290041e-04 0.000000000e+00 0.000000000e+00 0.000000000e+00 3.807928066e-02
2.141355315e-03 0.000000000e+00 2.141355315e-03 1.441073835e-01 5.093029952e-03 9.003290041e-04
9.003290041e-04 9.003290041e-04 0.000000000e+00 9.003290041e-04 9.003290041e-04 9.003290041e-04
9.003290041e-04 2.141355315e-03 1.025117839e-02 9.003290041e-04 9.003290041e-04 9.003290041e-04

