2.771206635e-16 8.763324834e-04 6.552113554e-03 3.662742826e-01 2.084281649e-03 2.771206635e-16
2.771206635e-16 2.084281649e-03 3.706435140e-02 2.771206635e-16 2.599102558e-01 5.145002559e-02
2.084281649e-03 8.763324834e-04 0.000000000e+00 2.162400961e-01 4.957285132e-03 4.957285132e-03
3.459955224e-03 2.771206635e-16 4.957285132e-03 3.025032618e-02 2.771206635e-16 2.084281649e-03
2.771206635e-16 2.771206635e-16 2.771206635e-16 2.771206635e-16 2.771206635e-16 2.084281649e-03
2.771206635e-16 2.771206635e-16 8.763324834e-04 8.763324834e-04 2.771206635e-16 2.771206635e-16

3.797772177e-03 1.506506153e-01 7.036058755e-02 2.839496998e-02 3.797772177e-03 9.618942755e-04
6.753500067e-02 9.618942755e-04 3.780602714e-01 0.000000000e+00 1.710516785e-02 5.441295719e-03
9.618942755e-04 1.741214630e-01 0.000000000e+00 2.148344368e-02 9.618942755e-04 9.618942755e-04
2.287783032e-03 9.618942755e-04 5.109652816e-02 0.000000000e+00 9.618942755e-04 2.287783032e-03
9.618942755e-04 9.618942755e-04 2.287783032e-03 2.287783032e-03 2.287783032e-03 9.618942755e-04
9.618942755e-04 9.618942755e-04 9.618942755e-04 2.287783032e-03 9.618942755e-04 9.618942755e-04

1.915051214e-16 4.527859041e-03 6.895296453e-03 2.391013131e-03 1.915051214e-16 1.915051214e-16
1.440349504e-03 0.000000000e+00 9.727762817e-01 0.000000000e+00 1.440349504e-03 6.055923673e-04
1.915051214e-16 6.895296453e-03 0.000000000e+00 6.055923673e-04 1.915051214e-16 1.915051214e-16
1.915051214e-16 1.915051214e-16 6.055923673e-04 0.000000000e+00 1.915051214e-16 6.055923673e-04
1.915051214e-16 1.915051214e-16 1.915051214e-16 1.915051214e-16 0.000000000e+00 6.055923673e-04
1.915051214e-16 1.915051214e-16 1.915051214e-16 6.055923673e-04 1.915051214e-16 1.915051214e-16

7.246098924e-03 3.844445906e-02 4.617640349e-02 3.826426025e-03 3.826426025e-03 9.691516809e-04
9.691516809e-04 0.000000000e+00 0.000000000e+00 0.000000000e+00 2.305044149e-03 9.691516809e-04
1.103479586e-02 2.318751656e-01 0.000000000e+00 3.593208221e-02 1.036223331e-01 9.691516809e-04
9.691516809e-04 9.691516809e-04 9.691516809e-04 0.000000000e+00 3.826426025e-03 2.874393750e-01
9.691516809e-04 9.691516809e-04 9.691516809e-04 1.941478608e-02 0.000000000e+00 1.652167394e-01
9.691516809e-04 9.691516809e-04 9.691516809e-04 2.624531550e-02 9.691516809e-04 0.000000000e+00

6.722835792e-04 1.984570710e-02 2.654324844e-03 1.598968831e-03 7.654644989e-03 6.722835792e-04
6.722835792e-04 0.000000000e+00 0.000000000e+00 0.000000000e+00 6.722835792e-04 1.195508047e-02
6.722835792e-04 1.501512877e-02 0.000000000e+00 9.205675383e-01 0.000000000e+00 6.722835792e-04
6.722835792e-04 6.722835792e-04 0.000000000e+00 0.000000000e+00 5.026492154e-03 6.722835792e-04
6.722835792e-04 6.722835792e-04 6.722835792e-04 6.722835792e-04 0.000000000e+00 2.654324844e-03
6.722835792e-04 6.722835792e-04 6.722835792e-04 1.598968831e-03 6.722835792e-04 0.000000000e+00

0.000000000e+00 0.000000000e+00 0.000000000e+00 0.000000000e+00 0.000000000e+00 0.000000000e+00
0.000000000e+00 0.000000000e+00 0.000000000e+00 0.000000000e+00 0.000000000e+00 0.000000000e+00
0.000000000e+00 0.000000000e+00 0.000000000e+00 0.000000000e+00 0.000000000e+00 0.000000000e+00
0.000000000e+00 0.000000000e+00 0.000000000e+00 0.000000000e+00 0.000000000e+00 0.000000000e+00
0.000000000e+00 0.000000000e+00 0.000000000e+00 0.000000000e+00 0.000000000e+00 0.000000000e+00
0.000000000e+00 0.000000000e+00 0.000000000e+00 0.000000000e+00 0.000000000e+00 0.000000000e+00

