2.252082790e-16 2.252082790e-16 2.252082790e-16 2.252082790e-16 2.252082790e-16 2.252082790e-16
2.252082790e-16 2.252082790e-16 6.275042525e-01 2.252082790e-16 2.252082790e-16 2.252082790e-16
2.252082790e-16 2.252082790e-16 0.000000000e+00 2.252082790e-16 2.252082790e-16 2.252082790e-16
2.252082790e-16 2.252082790e-16 2.799097675e-01 9.581794130e-03 8.300418583e-02 2.252082790e-16
2.252082790e-16 2.252082790e-16 2.252082790e-16 2.252082790e-16 2.252082790e-16 2.252082790e-16
2.252082790e-16 2.252082790e-16 2.252082790e-16 2.252082790e-16 2.252082790e-16 2.252082790e-16

1.791328115e-16 5.664676880e-04 1.791328115e-16 1.791328115e-16 1.791328115e-16 1.791328115e-16
1.791328115e-16 1.791328115e-16 1.791328115e-16 0.000000000e+00 1.791328115e-16 1.791328115e-16
1.791328115e-16 1.791328115e-16 0.000000000e+00 0.000000000e+00 1.791328115e-16 1.791328115e-16
1.791328115e-16 1.347294810e-03 1.791328115e-16 5.664676880e-04 9.975197698e-01 1.791328115e-16
1.791328115e-16 1.791328115e-16 1.791328115e-16 1.791328115e-16 1.791328115e-16 1.791328115e-16
1.791328115e-16 1.791328115e-16 1.791328115e-16 1.791328115e-16 1.791328115e-16 1.791328115e-16

1.816951394e-16 5.745704805e-04 1.816951394e-16 5.745704805e-04 1.366566607e-03 1.816951394e-16
1.816951394e-16 1.816951394e-16 0.000000000e+00 0.000000000e+00 1.816951394e-16 1.816951394e-16
1.816951394e-16 1.816951394e-16 0.000000000e+00 0.000000000e+00 1.816951394e-16 1.816951394e-16
4.295916338e-03 0.000000000e+00 1.816951394e-16 5.745704805e-04 9.926138056e-01 1.816951394e-16
1.816951394e-16 1.816951394e-16 1.816951394e-16 1.816951394e-16 1.816951394e-16 1.816951394e-16
1.816951394e-16 1.816951394e-16 1.816951394e-16 1.816951394e-16 1.816951394e-16 1.816951394e-16

