2.704413962e-16 2.704413962e-16 3.170763139e-02 1.793654494e-01 2.704413962e-01 2.704413962e-16
2.704413962e-16 2.704413962e-16 2.704413962e-16 8.552107857e-04 8.552107857e-04 3.790201411e-01
6.394192030e-03 2.704413962e-16 0.000000000e+00 2.034045502e-03 2.704413962e-16 9.143969787e-02
8.552107857e-04 2.704413962e-16 1.910071950e-02 1.333141679e-02 2.704413962e-16 2.034045502e-03
2.704413962e-16 2.704413962e-16 2.704413962e-16 2.704413962e-16 2.704413962e-16 8.552107857e-04
2.704413962e-16 2.704413962e-16 8.552107857e-04 8.552107857e-04 2.704413962e-16 2.704413962e-16

7.388099315e-04 7.388099315e-04 1.757196054e-03 7.388099315e-04 6.761647816e-01 0.000000000e+00
7.388099315e-04 7.388099315e-04 7.388099315e-04 0.000000000e+00 1.823735765e-02 2.721953985e-01
1.757196054e-03 7.388099315e-04 0.000000000e+00 7.388099315e-04 7.388099315e-04 9.940201966e-03
7.388099315e-04 7.388099315e-04 7.388099315e-04 7.388099315e-04 7.388099315e-04 7.388099315e-04
7.388099315e-04 7.388099315e-04 7.388099315e-04 7.388099315e-04 7.388099315e-04 7.388099315e-04
7.388099315e-04 7.388099315e-04 7.388099315e-04 7.388099315e-04 7.388099315e-04 7.388099315e-04

2.265870488e-16 2.265870488e-16 7.165311625e-04 0.000000000e+00 6.383067482e-01 0.000000000e+00
2.265870488e-16 2.265870488e-16 2.265870488e-16 0.000000000e+00 2.115188890e-02 3.115101635e-01
7.165311625e-04 2.265870488e-16 0.000000000e+00 2.265870488e-16 2.265870488e-16 5.357320002e-03
1.600337715e-02 0.000000000e+00 2.265870488e-16 2.265870488e-16 2.265870488e-16 2.265870488e-16
2.265870488e-16 1.704207913e-03 2.265870488e-16 2.265870488e-16 2.265870488e-16 2.265870488e-16
2.829024127e-03 1.704207913e-03 2.265870488e-16 2.265870488e-16 2.265870488e-16 2.265870488e-16

