2.506265664e-03 2.506265664e-03 2.506265664e-03 2.756892231e-02 2.506265664e-03 5.012531329e-03
2.506265664e-03 2.506265664e-03 3.258145363e-02 4.010025063e-02 1.253132832e-02 2.506265664e-03
7.518796993e-03 5.012531329e-03 0.000000000e+00 4.060150376e-01 4.260651629e-02 2.506265664e-03
2.506265664e-03 1.754385965e-02 2.506265664e-02 2.531328321e-01 2.756892231e-02 2.506265664e-03
2.506265664e-03 2.506265664e-03 4.260651629e-02 2.506265664e-03 5.012531329e-03 2.506265664e-03
2.506265664e-03 2.506265664e-03 2.506265664e-03 2.506265664e-03 2.506265664e-03 2.506265664e-03

2.506265664e-03 2.506265664e-03 2.506265664e-03 1.253132832e-02 6.516290727e-02 0.000000000e+00
2.506265664e-03 2.506265664e-03 8.270676692e-02 0.000000000e+00 3.784461153e-01 2.506265664e-03
5.012531329e-03 5.012531329e-03 0.000000000e+00 8.521303258e-02 7.518796992e-02 2.506265664e-03
2.506265664e-03 1.754385965e-01 1.002506266e-02 2.255639098e-02 7.518796993e-03 2.506265664e-03
7.518796993e-03 5.012531329e-03 1.503759399e-02 5.012531329e-03 2.506265664e-03 2.506265664e-03
2.506265664e-03 2.506265664e-03 2.506265664e-03 2.506265664e-03 2.506265664e-03 2.506265664e-03

2.506265664e-03 2.506265664e-03 5.012531329e-03 0.000000000e+00 4.661654135e-01 0.000000000e+00
2.506265664e-03 2.506265664e-03 8.270676692e-02 0.000000000e+00 2.005012531e-02 2.506265664e-03
2.882205514e-01 7.518796993e-03 0.000000000e+00 1.002506266e-02 7.518796993e-03 5.012531329e-03
1.253132832e-02 0.000000000e+00 2.506265664e-03 1.503759399e-02 2.506265664e-03 2.506265664e-03
1.002506266e-02 5.012531329e-03 1.002506266e-02 2.506265664e-03 2.506265664e-03 2.506265664e-03
2.506265664e-03 1.503759399e-02 2.506265664e-03 2.506265664e-03 2.506265664e-03 2.506265664e-03

