2.464722198e-16 2.464722198e-16 2.464722198e-16 2.464722198e-16 2.464722198e-16 2.464722198e-16
2.464722198e-16 2.464722198e-16 7.794135947e-04 8.874431194e-03 2.464722198e-16 2.464722198e-16
2.464722198e-16 2.464722198e-16 2.464722198e-16 2.281275800e-01 1.923964998e-02 2.464722198e-16
2.464722198e-16 3.713610299e-02 5.752422274e-01 1.167404434e-01 2.464722198e-16 2.464722198e-16
2.464722198e-16 2.464722198e-16 1.386015147e-02 2.464722198e-16 2.464722198e-16 2.464722198e-16
2.464722198e-16 2.464722198e-16 2.464722198e-16 2.464722198e-16 2.464722198e-16 2.464722198e-16

2.441540235e-16 2.441540235e-16 2.441540235e-16 2.441540235e-16 2.441540235e-16 2.441540235e-16
2.441540235e-16 3.324117354e-01 2.441540235e-16 2.441540235e-16 2.441540235e-16 2.441540235e-16
2.441540235e-16 2.441540235e-16 0.000000000e+00 0.000000000e+00 2.441540235e-16 2.441540235e-16
2.441540235e-16 1.546695215e-02 3.918365603e-01 2.441540235e-16 2.441540235e-16 2.441540235e-16
2.441540235e-16 2.441540235e-16 1.038786673e-02 2.441540235e-16 2.411059227e-01 2.441540235e-16
2.441540235e-16 2.441540235e-16 2.441540235e-16 2.441540235e-16 2.441540235e-16 8.790962666e-03

2.277152930e-16 2.277152930e-16 2.277152930e-16 2.277152930e-16 2.277152930e-16 2.277152930e-16
2.277152930e-16 0.000000000e+00 1.122523224e-02 2.277152930e-16 2.277152930e-16 2.277152930e-16
2.277152930e-16 2.277152930e-16 0.000000000e+00 0.000000000e+00 2.277152930e-16 2.277152930e-16
2.277152930e-16 9.097954170e-02 1.749840531e-01 0.000000000e+00 2.125721044e-02 2.277152930e-16
2.277152930e-16 2.277152930e-16 2.277152930e-16 2.277152930e-16 2.277152930e-16 2.277152930e-16
2.277152930e-16 2.277152930e-16 2.277152930e-16 2.277152930e-16 2.277152930e-16 7.015539625e-01

2.261677705e-02 2.422794857e-16 2.422794857e-16 2.422794857e-16 2.422794857e-16 2.422794857e-16
2.422794857e-16 0.000000000e+00 8.436303836e-02 2.422794857e-16 2.422794857e-16 2.422794857e-16
2.422794857e-16 2.422794857e-16 0.000000000e+00 0.000000000e+00 2.422794857e-16 2.422794857e-16
2.422794857e-16 5.511417100e-01 2.422794857e-16 0.000000000e+00 8.436303836e-02 2.422794857e-16
2.422794857e-16 2.422794857e-16 0.000000000e+00 2.422794857e-16 0.000000000e+00 2.422794857e-16
2.422794857e-16 2.422794857e-16 2.422794857e-16 2.422794857e-16 2.422794857e-16 2.575154362e-01

