2.454900024e-16 2.454900024e-16 2.454900024e-16 2.454900024e-16 2.454900024e-16 2.454900024e-16
2.454900024e-16 2.454900024e-16 2.878223015e-02 7.763075505e-04 2.454900024e-16 2.454900024e-16
2.454900024e-16 1.733845389e-02 9.808110655e-02 2.454900024e-16 1.846380925e-03 2.454900024e-16
2.454900024e-16 2.454900024e-16 9.808110655e-02 6.802512666e-01 5.000130616e-02 2.454900024e-16
2.454900024e-16 2.454900024e-16 2.454900024e-16 2.484184161e-02 2.454900024e-16 2.454900024e-16
2.454900024e-16 2.454900024e-16 2.454900024e-16 2.454900024e-16 2.454900024e-16 2.454900024e-16

2.107320551e-16 2.107320551e-16 2.107320551e-16 2.107320551e-16 2.107320551e-16 2.107320551e-16
2.107320551e-16 2.107320551e-16 2.107320551e-16 2.107320551e-16 2.107320551e-16 2.107320551e-16
2.107320551e-16 2.107320551e-16 5.422569249e-01 0.000000000e+00 2.107320551e-16 2.107320551e-16
2.107320551e-16 2.107320551e-16 2.107320551e-16 2.107320551e-16 4.577430751e-01 2.107320551e-16
2.107320551e-16 2.107320551e-16 2.107320551e-16 2.107320551e-16 2.107320551e-16 2.107320551e-16
2.107320551e-16 0.000000000e+00 2.107320551e-16 2.107320551e-16 2.107320551e-16 2.107320551e-16

2.106294548e-16 2.106294548e-16 2.106294548e-16 2.106294548e-16 2.106294548e-16 2.106294548e-16
2.106294548e-16 2.106294548e-16 0.000000000e+00 4.452545218e-01 2.106294548e-16 2.106294548e-16
2.106294548e-16 2.106294548e-16 2.106294548e-16 0.000000000e+00 2.106294548e-16 2.106294548e-16
2.106294548e-16 2.106294548e-16 2.106294548e-16 2.106294548e-16 0.000000000e+00 2.106294548e-16
2.106294548e-16 2.106294548e-16 2.106294548e-16 5.547454782e-01 2.106294548e-16 2.106294548e-16
2.106294548e-16 0.000000000e+00 2.106294548e-16 2.106294548e-16 2.106294548e-16 2.106294548e-16

2.659138542e-16 2.659138542e-16 2.659138542e-16 2.659138542e-16 2.659138542e-16 2.659138542e-16
2.659138542e-16 2.659138542e-16 0.000000000e+00 6.399977361e-02 2.659138542e-16 2.659138542e-16
2.659138542e-16 3.235737574e-01 2.659138542e-16 0.000000000e+00 1.878094853e-02 2.461221963e-01
2.659138542e-16 2.659138542e-16 2.792753720e-01 0.000000000e+00 0.000000000e+00 2.659138542e-16
2.659138542e-16 2.659138542e-16 6.287144909e-03 0.000000000e+00 4.700737238e-02 2.659138542e-16
2.659138542e-16 0.000000000e+00 1.495343492e-02 2.659138542e-16 2.659138542e-16 2.659138542e-16

1.888590757e-16 1.888590757e-16 1.888590757e-16 1.888590757e-16 1.888590757e-16 1.888590757e-16
1.888590757e-16 1.888590757e-16 0.000000000e+00 9.309813834e-03 1.888590757e-16 1.888590757e-16
1.888590757e-16 6.800023441e-03 0.000000000e+00 0.000000000e+00 9.691478014e-01 1.888590757e-16
1.888590757e-16 1.888590757e-16 1.888590757e-16 0.000000000e+00 0.000000000e+00 1.888590757e-16
1.888590757e-16 1.888590757e-16 1.888590757e-16 0.000000000e+00 1.474236129e-02 1.888590757e-16
1.888590757e-16 0.000000000e+00 0.000000000e+00 1.888590757e-16 1.888590757e-16 1.888590757e-16

2.291651261e-02 2.676014631e-16 2.676014631e-16 4.331468417e-01 2.676014631e-16 2.676014631e-16
2.676014631e-16 1.836657317e-01 0.000000000e+00 2.676014631e-16 9.047948013e-02 1.319142220e-02
2.707936412e-02 2.676014631e-16 0.000000000e+00 0.000000000e+00 0.000000000e+00 0.000000000e+00
2.676014631e-16 4.787000499e-03 2.676014631e-16 0.000000000e+00 0.000000000e+00 2.676014631e-16
7.946530353e-03 2.676014631e-16 2.676014631e-16 0.000000000e+00 2.120001163e-01 2.676014631e-16
2.676014631e-16 0.000000000e+00 0.000000000e+00 2.676014631e-16 2.676014631e-16 4.787000499e-03

0.000000000e+00 0.000000000e+00 0.000000000e+00 0.000000000e+00 0.000000000e+00 0.000000000e+00
0.000000000e+00 0.000000000e+00 0.000000000e+00 0.000000000e+00 0.000000000e+00 0.000000000e+00
0.000000000e+00 0.000000000e+00 0.000000000e+00 0.000000000e+00 0.000000000e+00 0.000000000e+00
0.000000000e+00 0.000000000e+00 0.000000000e+00 0.000000000e+00 0.000000000e+00 0.000000000e+00
0.000000000e+00 0.000000000e+00 0.000000000e+00 0.000000000e+00 0.000000000e+00 0.000000000e+00
0.000000000e+00 0.000000000e+00 0.000000000e+00 0.000000000e+00 0.000000000e+00 0.000000000e+00

