2.554020676e-16 8.076522528e-04 2.554020676e-16 7.584264521e-03 8.076522528e-04 2.554020676e-16
2.554020676e-16 2.554020676e-16 8.076522528e-04 1.902209178e-01 8.076522528e-04 8.076522528e-04
8.076522528e-04 2.554020676e-16 2.618030028e-01 2.554020676e-16 4.812375630e-01 1.993671493e-02
8.076522528e-04 2.554020676e-16 6.038609059e-03 2.187179634e-02 8.076522528e-04 2.554020676e-16
8.076522528e-04 2.554020676e-16 2.554020676e-16 8.076522528e-04 2.554020676e-16 2.554020676e-16
8.076522528e-04 8.076522528e-04 8.076522528e-04 8.076522528e-04 2.554020676e-16 2.554020676e-16

2.101843171e-16 2.101843171e-16 2.101843171e-16 3.759891367e-03 6.646611705e-04 2.101843171e-16
2.101843171e-16 2.101843171e-16 6.646611705e-04 7.240868460e-01 2.101843171e-16 2.101843171e-16
2.101843171e-16 2.101843171e-16 2.101843171e-16 0.000000000e+00 2.694946179e-01 6.646611705e-04
2.101843171e-16 2.101843171e-16 0.000000000e+00 2.101843171e-16 6.646611705e-04 2.101843171e-16
2.101843171e-16 2.101843171e-16 2.101843171e-16 2.101843171e-16 2.101843171e-16 2.101843171e-16
2.101843171e-16 2.101843171e-16 2.101843171e-16 2.101843171e-16 2.101843171e-16 2.101843171e-16

1.837783362e-16 1.837783362e-16 1.837783362e-16 1.837783362e-16 1.715569787e-02 1.837783362e-16
1.837783362e-16 1.837783362e-16 1.837783362e-16 9.814620674e-01 0.000000000e+00 1.837783362e-16
1.837783362e-16 1.837783362e-16 1.837783362e-16 0.000000000e+00 1.382234760e-03 1.837783362e-16
1.837783362e-16 1.837783362e-16 0.000000000e+00 1.837783362e-16 1.837783362e-16 1.837783362e-16
1.837783362e-16 1.837783362e-16 1.837783362e-16 0.000000000e+00 1.837783362e-16 1.837783362e-16
1.837783362e-16 1.837783362e-16 1.837783362e-16 1.837783362e-16 1.837783362e-16 1.837783362e-16

1.873208404e-16 1.873208404e-16 1.873208404e-16 0.000000000e+00 3.815343436e-02 5.923605090e-04
1.873208404e-16 1.873208404e-16 1.873208404e-16 0.000000000e+00 0.000000000e+00 1.873208404e-16
1.873208404e-16 1.873208404e-16 1.873208404e-16 0.000000000e+00 9.612542051e-01 1.873208404e-16
1.873208404e-16 1.873208404e-16 0.000000000e+00 1.873208404e-16 1.873208404e-16 1.873208404e-16
1.873208404e-16 1.873208404e-16 1.873208404e-16 0.000000000e+00 1.873208404e-16 1.873208404e-16
1.873208404e-16 1.873208404e-16 1.873208404e-16 1.873208404e-16 1.873208404e-16 1.873208404e-16

2.287428486e-16 1.720422128e-03 7.233484001e-04 0.000000000e+00 7.770510846e-01 2.314714880e-02
2.287428486e-16 2.287428486e-16 2.855940095e-03 0.000000000e+00 0.000000000e+00 4.091876471e-03
1.720422128e-03 2.287428486e-16 7.233484001e-04 0.000000000e+00 0.000000000e+00 1.720422128e-03
2.287428486e-16 2.287428486e-16 0.000000000e+00 2.287428486e-16 0.000000000e+00 7.233484001e-04
2.287428486e-16 2.287428486e-16 7.233484001e-04 0.000000000e+00 1.438496762e-01 1.615563686e-02
2.287428486e-16 2.287428486e-16 1.720422128e-03 2.135313270e-02 2.287428486e-16 1.720422128e-03

1.822017744e-16 1.822017744e-16 1.822017744e-16 0.000000000e+00 3.259324426e-03 1.822017744e-16
1.822017744e-16 1.822017744e-16 1.822017744e-16 0.000000000e+00 0.000000000e+00 1.822017744e-16
1.822017744e-16 1.822017744e-16 1.822017744e-16 0.000000000e+00 0.000000000e+00 1.822017744e-16
1.822017744e-16 1.822017744e-16 0.000000000e+00 0.000000000e+00 0.000000000e+00 1.822017744e-16
1.822017744e-16 1.822017744e-16 1.822017744e-16 0.000000000e+00 1.822017744e-16 9.889886520e-01
1.822017744e-16 1.822017744e-16 1.822017744e-16 7.752023594e-03 0.000000000e+00 1.822017744e-16

2.080297215e-16 2.080297215e-16 2.080297215e-16 0.000000000e+00 7.737184072e-01 6.578477410e-04
2.080297215e-16 2.080297215e-16 2.080297215e-16 0.000000000e+00 0.000000000e+00 2.080297215e-16
2.080297215e-16 2.080297215e-16 2.080297215e-16 0.000000000e+00 0.000000000e+00 2.080297215e-16
2.080297215e-16 2.080297215e-16 0.000000000e+00 0.000000000e+00 0.000000000e+00 4.918559088e-03
2.080297215e-16 2.080297215e-16 2.080297215e-16 0.000000000e+00 0.000000000e+00 0.000000000e+00
2.080297215e-16 2.080297215e-16 1.564634428e-03 2.184827038e-01 0.000000000e+00 6.578477410e-04

7.345236709e-04 7.345236709e-04 7.345236709e-04 0.000000000e+00 8.088004150e-02 7.345236709e-04
7.345236709e-04 7.345236709e-04 7.345236709e-04 0.000000000e+00 0.000000000e+00 7.345236709e-04
7.345236709e-04 7.345236709e-04 0.000000000e+00 0.000000000e+00 0.000000000e+00 7.345236709e-04
7.345236709e-04 7.345236709e-04 0.000000000e+00 0.000000000e+00 0.000000000e+00 2.676260131e-01
7.345236709e-04 7.345236709e-04 0.000000000e+00 0.000000000e+00 0.000000000e+00 0.000000000e+00
7.345236709e-04 7.345236709e-04 1.747001551e-03 6.365255178e-01 0.000000000e+00 7.345236709e-04

