2.416592223e-16 2.416592223e-16 5.713679542e-03 5.604326938e-01 3.017205855e-03 2.416592223e-16
2.416592223e-16 2.416592223e-16 8.701135332e-03 2.416592223e-16 2.255887549e-02 4.322931587e-03
2.416592223e-16 2.416592223e-16 3.849135223e-02 3.419170733e-01 4.322931587e-03 2.416592223e-16
1.817568837e-03 2.416592223e-16 2.416592223e-16 0.000000000e+00 2.416592223e-16 7.176165341e-03
2.416592223e-16 2.416592223e-16 2.416592223e-16 2.416592223e-16 7.641935600e-04 7.641935600e-04
2.416592223e-16 2.416592223e-16 2.416592223e-16 2.416592223e-16 2.416592223e-16 2.416592223e-16

3.797772177e-03 1.506506153e-01 7.036058755e-02 2.839496998e-02 3.797772177e-03 9.618942755e-04
6.753500067e-02 9.618942755e-04 3.780602714e-01 0.000000000e+00 1.710516785e-02 5.441295719e-03
9.618942755e-04 1.741214630e-01 0.000000000e+00 2.148344368e-02 9.618942755e-04 9.618942755e-04
2.287783032e-03 9.618942755e-04 5.109652816e-02 0.000000000e+00 9.618942755e-04 2.287783032e-03
9.618942755e-04 9.618942755e-04 2.287783032e-03 2.287783032e-03 2.287783032e-03 9.618942755e-04
9.618942755e-04 9.618942755e-04 9.618942755e-04 2.287783032e-03 9.618942755e-04 9.618942755e-04

7.457053317e-03 3.150069868e-02 3.783611496e-02 3.135304701e-03 1.888711740e-03 7.941054659e-04
1.068416703e-02 0.000000000e+00 0.000000000e+00 0.000000000e+00 1.888711740e-03 7.941054659e-04
7.457053317e-03 7.501398502e-01 0.000000000e+00 4.662242621e-02 7.988278075e-02 7.941054659e-04
7.941054659e-04 1.888711740e-03 7.941054659e-04 0.000000000e+00 7.941054659e-04 3.135304701e-03
7.941054659e-04 7.941054659e-04 1.888711740e-03 7.941054659e-04 7.941054659e-04 7.941054659e-04
7.941054659e-04 7.941054659e-04 7.941054659e-04 1.888711740e-03 7.941054659e-04 7.941054659e-04

5.324585767e-03 7.163880134e-02 1.071725065e-02 2.238712542e-03 2.238712542e-03 9.412626757e-04
7.037579974e-03 0.000000000e+00 0.000000000e+00 0.000000000e+00 2.238712542e-03 9.412626757e-04
9.412626757e-04 2.322619956e-01 0.000000000e+00 4.231408520e-02 5.261818318e-02 9.412626757e-04
2.238712542e-03 3.716314040e-03 0.000000000e+00 0.000000000e+00 3.716314040e-03 3.013786998e-01
9.412626757e-04 9.412626757e-04 9.412626757e-04 1.467283300e-02 0.000000000e+00 2.216892846e-01
9.412626757e-04 9.412626757e-04 9.412626757e-04 1.266407056e-02 9.412626757e-04 9.412626757e-04

7.824394599e-04 5.774754518e-01 1.860965145e-03 1.860965145e-03 1.860965145e-03 7.824394599e-04
5.850099463e-03 0.000000000e+00 0.000000000e+00 0.000000000e+00 7.824394599e-04 1.860965145e-03
3.089244719e-03 7.824394599e-04 0.000000000e+00 3.075278460e-01 0.000000000e+00 7.824394599e-04
4.426145983e-03 6.188610779e-02 0.000000000e+00 0.000000000e+00 7.824394599e-04 3.089244719e-03
7.824394599e-04 7.824394599e-04 7.824394599e-04 7.824394599e-04 0.000000000e+00 7.824394599e-04
7.824394599e-04 7.824394599e-04 7.824394599e-04 1.747540712e-02 7.824394599e-04 0.000000000e+00

8.328496219e-04 5.037362387e-01 1.980861392e-03 8.328496219e-04 1.980861392e-03 8.328496219e-04
2.255415899e-02 0.000000000e+00 0.000000000e+00 0.000000000e+00 8.328496219e-04 8.328496219e-04
8.328496219e-04 0.000000000e+00 0.000000000e+00 1.868889324e-01 0.000000000e+00 8.328496219e-04
8.328496219e-04 1.304398115e-01 0.000000000e+00 0.000000000e+00 8.328496219e-04 8.328496219e-04
8.328496219e-04 8.328496219e-04 0.000000000e+00 8.328496219e-04 0.000000000e+00 8.328496219e-04
8.328496219e-04 7.820880604e-03 8.328496219e-04 1.304398115e-01 8.328496219e-04 0.000000000e+00

0.000000000e+00 0.000000000e+00 0.000000000e+00 0.000000000e+00 0.000000000e+00 0.000000000e+00
0.000000000e+00 0.000000000e+00 0.000000000e+00 0.000000000e+00 0.000000000e+00 0.000000000e+00
0.000000000e+00 0.000000000e+00 0.000000000e+00 0.000000000e+00 0.000000000e+00 0.000000000e+00
0.000000000e+00 0.000000000e+00 0.000000000e+00 0.000000000e+00 0.000000000e+00 0.000000000e+00
0.000000000e+00 0.000000000e+00 0.000000000e+00 0.000000000e+00 0.000000000e+00 0.000000000e+00
0.000000000e+00 0.000000000e+00 0.000000000e+00 0.000000000e+00 0.000000000e+00 0.000000000e+00

