2.506265664e-13 2.506265664e-13 2.506265664e-13 2.506265664e-13 2.506265664e-13 2.506265664e-13
2.506265664e-13 2.506265664e-13 4.511278195e-02 2.506265664e-03 2.506265664e-13 2.506265664e-13
2.506265664e-13 3.007518797e-02 1.203007519e-01 2.506265664e-13 5.012531329e-03 2.506265664e-13
2.506265664e-13 2.506265664e-13 1.203007519e-01 5.664160401e-01 7.017543860e-02 2.506265664e-13
2.506265664e-13 2.506265664e-13 2.506265664e-13 4.010025063e-02 2.506265664e-13 2.506265664e-13
2.506265664e-13 2.506265664e-13 2.506265664e-13 2.506265664e-13 2.506265664e-13 2.506265664e-13

2.506265664e-13 2.506265664e-13 2.506265664e-13 2.506265664e-13 2.506265664e-13 5.263157895e-02
2.506265664e-03 2.506265664e-13 2.731829574e-01 7.518796993e-03 2.506265664e-13 2.506265664e-13
2.506265664e-13 5.012531329e-03 3.508771930e-01 0.000000000e+00 2.756892231e-02 2.506265664e-13
2.506265664e-13 2.506265664e-13 0.000000000e+00 8.771929825e-02 1.604010025e-01 2.506265664e-13
2.506265664e-13 2.506265664e-03 2.506265664e-13 2.756892231e-02 2.506265664e-13 2.506265664e-13
2.506265664e-13 2.506265664e-13 2.506265664e-13 2.506265664e-03 2.506265664e-13 2.506265664e-13

2.506265664e-13 2.506265664e-13 2.506265664e-13 2.005012531e-02 2.506265664e-13 2.506265664e-03
2.506265664e-13 2.506265664e-03 6.365914787e-01 2.506265664e-13 0.000000000e+00 7.518796993e-03
2.506265664e-13 2.506265664e-13 2.506265664e-13 0.000000000e+00 2.506265664e-13 0.000000000e+00
2.506265664e-13 2.506265664e-13 0.000000000e+00 3.233082707e-01 2.506265664e-03 2.506265664e-13
2.506265664e-13 2.506265664e-13 2.506265664e-13 2.506265664e-03 2.506265664e-13 2.506265664e-13
2.506265664e-13 2.506265664e-13 2.506265664e-13 2.506265664e-03 2.506265664e-13 2.506265664e-13

2.506265664e-13 2.506265664e-13 2.506265664e-13 2.506265664e-13 2.506265664e-13 2.506265664e-13
2.506265664e-13 2.506265664e-13 5.764411028e-02 0.000000000e+00 0.000000000e+00 2.506265664e-13
2.506265664e-13 2.506265664e-13 2.506265664e-13 0.000000000e+00 2.506265664e-13 0.000000000e+00
2.506265664e-13 2.506265664e-13 0.000000000e+00 9.423558897e-01 2.506265664e-13 2.506265664e-13
2.506265664e-13 2.506265664e-13 2.506265664e-13 2.506265664e-13 2.506265664e-13 2.506265664e-13
2.506265664e-13 2.506265664e-13 2.506265664e-13 0.000000000e+00 2.506265664e-13 2.506265664e-13

