2.420592163e-16 2.420592163e-16 2.420592163e-16 2.420592163e-16 2.420592163e-16 2.420592163e-16
2.420592163e-16 4.330086898e-03 5.151327011e-02 2.420592163e-16 7.654584522e-04 2.420592163e-16
2.420592163e-16 2.420592163e-16 2.726857727e-01 4.711143447e-02 2.420592163e-16 2.420592163e-16
2.420592163e-16 7.654584522e-04 4.711143447e-02 5.757170845e-01 2.420592163e-16 2.420592163e-16
2.420592163e-16 2.420592163e-16 2.420592163e-16 2.420592163e-16 2.420592163e-16 2.420592163e-16
2.420592163e-16 2.420592163e-16 2.420592163e-16 2.420592163e-16 2.420592163e-16 2.420592163e-16

2.301639716e-16 2.301639716e-16 2.301639716e-16 2.301639716e-16 2.301639716e-16 2.301639716e-16
2.301639716e-16 7.278423856e-04 5.371803596e-01 0.000000000e+00 7.278423856e-04 2.301639716e-16
2.301639716e-16 2.301639716e-16 0.000000000e+00 1.526521634e-01 2.301639716e-16 2.301639716e-16
2.301639716e-16 7.278423856e-04 7.278423856e-04 3.072561075e-01 2.301639716e-16 2.301639716e-16
2.301639716e-16 2.301639716e-16 2.301639716e-16 2.301639716e-16 2.301639716e-16 2.301639716e-16
2.301639716e-16 2.301639716e-16 2.301639716e-16 2.301639716e-16 2.301639716e-16 2.301639716e-16

7.562544349e-04 2.391486505e-16 7.562544349e-04 0.000000000e+00 7.562544349e-04 7.562544349e-04
7.562544349e-04 4.069417262e-01 5.090164252e-01 0.000000000e+00 7.562544349e-04 7.562544349e-04
7.562544349e-04 7.562544349e-04 0.000000000e+00 2.391486505e-16 7.562544349e-04 2.391486505e-16
7.562544349e-04 7.562544349e-04 4.278021113e-03 0.000000000e+00 7.562544349e-04 7.562544349e-04
7.562544349e-04 7.562544349e-04 7.562544349e-04 7.562544349e-04 5.981503474e-02 7.562544349e-04
7.562544349e-04 7.562544349e-04 7.562544349e-04 7.562544349e-04 7.562544349e-04 1.798686309e-03

2.219381601e-16 2.219381601e-16 2.219381601e-16 0.000000000e+00 2.219381601e-16 2.219381601e-16
2.219381601e-16 6.320434809e-01 2.219381601e-16 0.000000000e+00 2.219381601e-16 2.602091792e-02
2.219381601e-16 2.219381601e-16 0.000000000e+00 0.000000000e+00 2.219381601e-16 2.219381601e-16
7.991062573e-03 2.219381601e-16 0.000000000e+00 0.000000000e+00 3.259534760e-01 2.219381601e-16
2.219381601e-16 2.219381601e-16 2.219381601e-16 2.219381601e-16 2.219381601e-16 7.991062573e-03
2.219381601e-16 2.219381601e-16 2.219381601e-16 2.219381601e-16 2.219381601e-16 2.219381601e-16

