2.454900024e-16 2.454900024e-16 2.454900024e-16 2.454900024e-16 2.454900024e-16 2.454900024e-16
2.454900024e-16 2.454900024e-16 2.878223015e-02 7.763075505e-04 2.454900024e-16 2.454900024e-16
2.454900024e-16 1.733845389e-02 9.808110655e-02 2.454900024e-16 1.846380925e-03 2.454900024e-16
2.454900024e-16 2.454900024e-16 9.808110655e-02 6.802512666e-01 5.000130616e-02 2.454900024e-16
2.454900024e-16 2.454900024e-16 2.454900024e-16 2.484184161e-02 2.454900024e-16 2.454900024e-16
2.454900024e-16 2.454900024e-16 2.454900024e-16 2.454900024e-16 2.454900024e-16 2.454900024e-16

2.114031799e-16 6.685155531e-04 2.114031799e-16 2.114031799e-16 2.114031799e-16 2.114031799e-16
2.114031799e-16 2.114031799e-16 2.114031799e-16 2.114031799e-16 2.114031799e-16 2.114031799e-16
2.114031799e-16 2.114031799e-16 2.114031799e-16 0.000000000e+00 2.114031799e-16 2.114031799e-16
2.114031799e-16 2.114031799e-16 0.000000000e+00 4.965271532e-01 5.028043313e-01 2.114031799e-16
2.114031799e-16 2.114031799e-16 2.114031799e-16 2.114031799e-16 2.114031799e-16 2.114031799e-16
2.114031799e-16 2.114031799e-16 2.114031799e-16 2.114031799e-16 2.114031799e-16 2.114031799e-16

1.777877872e-16 1.777877872e-16 1.777877872e-16 1.777877872e-16 1.777877872e-16 1.777877872e-16
1.777877872e-16 1.777877872e-16 0.000000000e+00 1.777877872e-16 1.777877872e-16 1.777877872e-16
1.777877872e-16 1.777877872e-16 1.777877872e-16 0.000000000e+00 1.777877872e-16 1.777877872e-16
1.777877872e-16 1.777877872e-16 0.000000000e+00 0.000000000e+00 9.994377857e-01 1.777877872e-16
1.777877872e-16 1.777877872e-16 1.777877872e-16 1.777877872e-16 1.777877872e-16 5.622143478e-04
1.777877872e-16 1.777877872e-16 1.777877872e-16 1.777877872e-16 1.777877872e-16 1.777877872e-16

1.878435563e-03 3.118246013e-03 7.897848658e-04 1.878435563e-03 1.878435563e-03 7.897848658e-04
4.467697874e-03 7.416480689e-03 0.000000000e+00 7.897848658e-04 3.118246013e-03 7.897848658e-04
3.118246013e-03 2.138793482e-02 0.000000000e+00 0.000000000e+00 8.992518859e-03 0.000000000e+00
7.897848658e-04 8.193861676e-02 0.000000000e+00 0.000000000e+00 7.616335916e-01 3.118246013e-03
1.878435563e-03 7.897848658e-04 7.897848658e-04 7.416480689e-03 5.905019182e-03 6.484215703e-02
7.897848658e-04 1.878435563e-03 7.897848658e-04 3.118246013e-03 7.897848658e-04 3.118246013e-03

