2.157997084e-16 2.157997084e-16 2.157997084e-16 2.157997084e-16 2.157997084e-16 2.157997084e-16
2.157997084e-16 2.157997084e-16 2.530122128e-02 8.201949476e-01 2.157997084e-16 2.157997084e-16
2.157997084e-16 1.068795024e-01 1.623074102e-03 6.824185970e-04 2.157997084e-16 2.157997084e-16
2.157997084e-16 4.395399887e-02 6.824185970e-04 0.000000000e+00 6.824185970e-04 2.157997084e-16
2.157997084e-16 2.157997084e-16 2.157997084e-16 2.157997084e-16 2.157997084e-16 2.157997084e-16
2.157997084e-16 2.157997084e-16 2.157997084e-16 2.157997084e-16 2.157997084e-16 2.157997084e-16

2.199921047e-16 2.199921047e-16 2.199921047e-16 2.199921047e-16 2.199921047e-16 2.199921047e-16
2.199921047e-16 0.000000000e+00 1.769115560e-01 7.333034174e-01 2.199921047e-16 2.199921047e-16
2.199921047e-16 6.956761183e-04 6.956761183e-04 6.956761183e-04 2.199921047e-16 2.199921047e-16
6.956761183e-04 0.000000000e+00 8.561096989e-02 0.000000000e+00 6.956761183e-04 2.199921047e-16
2.199921047e-16 2.199921047e-16 2.199921047e-16 2.199921047e-16 2.199921047e-16 2.199921047e-16
2.199921047e-16 2.199921047e-16 2.199921047e-16 2.199921047e-16 6.956761183e-04 2.199921047e-16

7.476566091e-04 7.476566091e-04 7.476566091e-04 7.476566091e-04 7.476566091e-04 7.476566091e-04
0.000000000e+00 0.000000000e+00 7.581311172e-01 7.053938557e-02 7.476566091e-04 7.476566091e-04
9.200776879e-02 7.476566091e-04 7.476566091e-04 7.476566091e-04 7.476566091e-04 7.476566091e-04
7.476566091e-04 0.000000000e+00 0.000000000e+00 0.000000000e+00 5.913500005e-02 7.476566091e-04
7.476566091e-04 7.476566091e-04 7.476566091e-04 7.476566091e-04 7.476566091e-04 7.476566091e-04
7.476566091e-04 7.476566091e-04 7.476566091e-04 7.476566091e-04 7.476566091e-04 7.476566091e-04

