2.849370730e-16 1.805052406e-02 2.849370730e-16 1.695035812e-01 2.849370730e-16 2.849370730e-16
2.849370730e-16 2.849370730e-16 2.849370730e-16 2.088657415e-01 2.849370730e-16 2.849370730e-16
3.557546023e-03 2.849370730e-16 1.662993894e-01 2.849370730e-16 1.599280514e-01 7.945607078e-02
9.010501407e-04 2.849370730e-16 0.000000000e+00 1.889794494e-01 3.557546023e-03 2.849370730e-16
2.849370730e-16 2.849370730e-16 2.849370730e-16 9.010501407e-04 2.849370730e-16 2.849370730e-16
2.849370730e-16 2.849370730e-16 2.849370730e-16 2.849370730e-16 2.849370730e-16 2.849370730e-16

2.166999028e-16 2.166999028e-16 7.802454890e-03 3.270598376e-01 2.166999028e-16 2.166999028e-16
2.166999028e-16 2.166999028e-16 2.166999028e-16 6.540755633e-01 2.166999028e-16 2.166999028e-16
1.629844649e-03 2.166999028e-16 7.802454890e-03 0.000000000e+00 2.166999028e-16 2.166999028e-16
2.166999028e-16 2.166999028e-16 0.000000000e+00 1.629844649e-03 2.166999028e-16 2.166999028e-16
2.166999028e-16 2.166999028e-16 2.166999028e-16 0.000000000e+00 2.166999028e-16 2.166999028e-16
2.166999028e-16 2.166999028e-16 2.166999028e-16 2.166999028e-16 2.166999028e-16 2.166999028e-16

6.898370402e-03 9.883708550e-03 2.323044059e-16 4.521287792e-02 2.323044059e-16 2.323044059e-16
2.323044059e-16 1.747209335e-03 0.000000000e+00 6.903269414e-01 1.747209335e-03 2.323044059e-16
2.294042397e-01 0.000000000e+00 1.747209335e-03 0.000000000e+00 2.323044059e-16 1.747209335e-03
4.155587545e-03 7.346110332e-04 0.000000000e+00 1.747209335e-03 1.747209335e-03 2.323044059e-16
2.323044059e-16 2.323044059e-16 2.900407471e-03 0.000000000e+00 2.323044059e-16 2.323044059e-16
2.323044059e-16 2.323044059e-16 2.323044059e-16 2.323044059e-16 2.323044059e-16 2.323044059e-16

