3.709474205e-03 2.971055653e-16 2.971055653e-16 3.243186613e-02 7.024627384e-03 2.971055653e-16
9.395302920e-04 2.971055653e-16 3.709474205e-03 1.767423831e-01 9.395302920e-04 9.395302920e-04
9.395302920e-04 2.971055653e-16 2.073659120e-01 2.971055653e-16 1.634558238e-01 4.223620658e-02
2.098395492e-02 2.971055653e-16 1.634558238e-01 0.000000000e+00 1.700731496e-01 2.971055653e-16
2.971055653e-16 2.971055653e-16 2.971055653e-16 9.395302920e-04 9.395302920e-04 2.971055653e-16
9.395302920e-04 2.234592216e-03 2.971055653e-16 2.971055653e-16 2.971055653e-16 2.971055653e-16

5.024630973e-03 5.721062880e-02 5.024630973e-03 1.579534739e-02 2.112597087e-03 2.112597087e-03
3.066128371e-02 8.882376586e-04 1.384625478e-02 1.240318900e-01 3.506959499e-03 3.506959499e-03
8.882376586e-04 4.232115708e-02 0.000000000e+00 0.000000000e+00 1.579534739e-02 5.024630973e-03
3.506959499e-03 1.011350590e-02 6.306971827e-01 0.000000000e+00 5.024630973e-03 8.882376586e-04
2.112597087e-03 8.882376586e-04 2.112597087e-03 8.882376586e-04 8.882376586e-04 3.506959499e-03
2.112597087e-03 3.506959499e-03 2.112597087e-03 8.882376586e-04 8.882376586e-04 2.112597087e-03

2.419408177e-03 5.754354835e-03 1.937793861e-16 1.937793861e-16 1.937793861e-16 1.937793861e-16
1.937793861e-16 0.000000000e+00 4.846743097e-02 0.000000000e+00 1.937793861e-16 1.937793861e-16
9.409393978e-01 2.419408177e-03 0.000000000e+00 0.000000000e+00 1.937793861e-16 1.937793861e-16
1.937793861e-16 1.937793861e-16 1.937793861e-16 0.000000000e+00 1.937793861e-16 1.937793861e-16
1.937793861e-16 1.937793861e-16 1.937793861e-16 1.937793861e-16 1.937793861e-16 1.937793861e-16
1.937793861e-16 1.937793861e-16 1.937793861e-16 1.937793861e-16 1.937793861e-16 1.937793861e-16

1.637670585e-03 5.036643027e-02 6.885556622e-04 6.885556622e-04 6.885556622e-04 6.885556622e-04
0.000000000e+00 0.000000000e+00 6.071796114e-02 0.000000000e+00 6.885556622e-04 6.885556622e-04
8.668575431e-01 6.885556622e-04 0.000000000e+00 0.000000000e+00 6.885556622e-04 6.885556622e-04
6.885556622e-04 0.000000000e+00 6.885556622e-04 0.000000000e+00 6.885556622e-04 6.885556622e-04
6.885556622e-04 6.885556622e-04 6.885556622e-04 6.885556622e-04 6.885556622e-04 6.885556622e-04
3.895059023e-03 6.885556622e-04 6.885556622e-04 6.885556622e-04 6.885556622e-04 6.885556622e-04

