2.150989343e-16 6.802025548e-04 6.387447178e-03 5.584533558e-02 6.802025548e-04 2.150989343e-16
2.150989343e-16 2.150989343e-16 6.387447178e-03 2.150989343e-16 5.790596642e-02 6.802025548e-04
6.802025548e-04 2.150989343e-16 6.802025548e-04 8.634361712e-01 6.802025548e-04 1.617803436e-03
1.617803436e-03 2.150989343e-16 2.150989343e-16 6.802025548e-04 2.150989343e-16 6.802025548e-04
6.802025548e-04 2.150989343e-16 2.150989343e-16 2.150989343e-16 2.150989343e-16 6.802025548e-04
2.150989343e-16 2.150989343e-16 2.150989343e-16 2.150989343e-16 2.150989343e-16 2.150989343e-16

2.406989976e-16 2.406989976e-16 2.406989976e-16 5.689061482e-01 2.406989976e-16 2.406989976e-16
2.406989976e-16 2.406989976e-16 9.118461554e-02 0.000000000e+00 1.568726444e-01 2.406989976e-16
2.406989976e-16 2.406989976e-16 1.792702177e-01 2.406989976e-16 3.005217092e-03 7.611570632e-04
2.406989976e-16 2.406989976e-16 2.406989976e-16 0.000000000e+00 2.406989976e-16 2.406989976e-16
2.406989976e-16 2.406989976e-16 2.406989976e-16 2.406989976e-16 2.406989976e-16 2.406989976e-16
2.406989976e-16 2.406989976e-16 2.406989976e-16 2.406989976e-16 2.406989976e-16 2.406989976e-16

2.450500048e-16 2.450500048e-16 2.450500048e-16 2.148116605e-01 2.450500048e-16 2.450500048e-16
2.450500048e-16 2.450500048e-16 5.793849646e-03 0.000000000e+00 1.321043167e-01 6.129106111e-02
2.450500048e-16 2.450500048e-16 1.042598748e-02 0.000000000e+00 5.682962686e-01 2.450500048e-16
2.450500048e-16 2.450500048e-16 0.000000000e+00 0.000000000e+00 2.450500048e-16 7.276855958e-03
2.450500048e-16 2.450500048e-16 2.450500048e-16 2.450500048e-16 2.450500048e-16 2.450500048e-16
2.450500048e-16 2.450500048e-16 2.450500048e-16 2.450500048e-16 2.450500048e-16 2.450500048e-16

7.023784150e-04 7.023784150e-04 1.670546817e-03 7.023784150e-04 7.023784150e-04 2.773145938e-03
7.023784150e-04 7.023784150e-04 6.626751002e-02 0.000000000e+00 8.659976595e-01 5.251503534e-03
7.023784150e-04 7.023784150e-04 0.000000000e+00 0.000000000e+00 1.733805383e-02 0.000000000e+00
7.023784150e-04 2.247610928e-02 0.000000000e+00 0.000000000e+00 7.023784150e-04 7.023784150e-04
7.023784150e-04 7.023784150e-04 2.773145938e-03 7.023784150e-04 7.023784150e-04 7.023784150e-04
7.023784150e-04 7.023784150e-04 7.023784150e-04 7.023784150e-04 7.023784150e-04 7.023784150e-04

