2.554020676e-16 8.076522528e-04 2.554020676e-16 7.584264521e-03 8.076522528e-04 2.554020676e-16
2.554020676e-16 2.554020676e-16 8.076522528e-04 1.902209178e-01 8.076522528e-04 8.076522528e-04
8.076522528e-04 2.554020676e-16 2.618030028e-01 2.554020676e-16 4.812375630e-01 1.993671493e-02
8.076522528e-04 2.554020676e-16 6.038609059e-03 2.187179634e-02 8.076522528e-04 2.554020676e-16
8.076522528e-04 2.554020676e-16 2.554020676e-16 8.076522528e-04 2.554020676e-16 2.554020676e-16
8.076522528e-04 8.076522528e-04 8.076522528e-04 8.076522528e-04 2.554020676e-16 2.554020676e-16

2.611317070e-16 3.260327117e-03 2.611317070e-16 1.964025410e-03 2.611317070e-16 2.611317070e-16
2.611317070e-16 2.611317070e-16 2.611317070e-16 2.481410691e-01 1.654247413e-02 2.611317070e-16
2.611317070e-16 2.611317070e-16 2.611317070e-01 0.000000000e+00 2.611317070e-16 2.841772648e-01
2.611317070e-16 2.611317070e-16 0.000000000e+00 1.762029531e-01 7.754408409e-03 2.611317070e-16
2.611317070e-16 2.611317070e-16 2.611317070e-16 2.611317070e-16 2.611317070e-16 2.611317070e-16
2.611317070e-16 2.611317070e-16 8.257709635e-04 2.611317070e-16 2.611317070e-16 2.611317070e-16

2.271274040e-16 2.271274040e-16 2.271274040e-16 2.271274040e-16 2.271274040e-16 2.271274040e-16
2.271274040e-16 2.271274040e-16 2.271274040e-16 4.055234215e-01 7.182399158e-04 2.271274040e-16
2.271274040e-16 8.177905488e-03 2.271274040e-16 0.000000000e+00 0.000000000e+00 7.225111044e-02
2.271274040e-16 2.271274040e-16 0.000000000e+00 0.000000000e+00 5.133293227e-01 2.271274040e-16
2.271274040e-16 2.271274040e-16 2.271274040e-16 2.271274040e-16 2.271274040e-16 2.271274040e-16
2.271274040e-16 2.271274040e-16 2.271274040e-16 2.271274040e-16 2.271274040e-16 2.271274040e-16

2.199218388e-16 2.199218388e-16 2.199218388e-16 1.283541911e-01 2.199218388e-16 2.199218388e-16
2.199218388e-16 2.199218388e-16 1.137190892e-01 2.199218388e-16 7.470856661e-01 2.199218388e-16
2.199218388e-16 2.199218388e-16 0.000000000e+00 0.000000000e+00 0.000000000e+00 1.084105368e-02
2.199218388e-16 2.199218388e-16 0.000000000e+00 0.000000000e+00 2.199218388e-16 2.199218388e-16
2.199218388e-16 2.199218388e-16 2.199218388e-16 2.199218388e-16 2.199218388e-16 2.199218388e-16
2.199218388e-16 2.199218388e-16 2.199218388e-16 0.000000000e+00 2.199218388e-16 2.199218388e-16

