2.298979652e-16 2.298979652e-16 2.298979652e-16 2.298979652e-16 2.298979652e-16 2.298979652e-16
2.298979652e-16 2.298979652e-16 1.163643959e-01 2.298979652e-16 2.298979652e-16 2.298979652e-16
2.298979652e-16 1.729109998e-03 1.729109998e-03 2.298979652e-16 7.270011994e-04 2.298979652e-16
2.298979652e-16 2.298979652e-16 4.331818357e-01 0.000000000e+00 4.462685472e-01 2.298979652e-16
2.298979652e-16 2.298979652e-16 2.298979652e-16 2.298979652e-16 2.298979652e-16 2.298979652e-16
2.298979652e-16 2.298979652e-16 2.298979652e-16 2.298979652e-16 2.298979652e-16 2.298979652e-16

8.140596674e-04 2.574282700e-16 8.140596674e-04 8.140596674e-04 8.140596674e-04 8.140596674e-04
2.574282700e-16 8.140596674e-04 4.605016888e-03 8.140596674e-04 6.086515656e-03 8.140596674e-04
8.140596674e-04 1.936171097e-03 7.933905016e-02 0.000000000e+00 0.000000000e+00 2.574282700e-16
2.574282700e-16 8.140596674e-04 5.292748295e-01 0.000000000e+00 2.867077024e-01 1.936171097e-03
8.140596674e-04 6.195747509e-02 2.574282700e-16 1.268993434e-02 8.140596674e-04 8.140596674e-04
8.140596674e-04 8.140596674e-04 8.140596674e-04 8.140596674e-04 8.140596674e-04 8.140596674e-04

8.518450033e-04 8.518450033e-04 8.518450033e-04 8.518450033e-04 8.518450033e-04 8.518450033e-04
8.518450033e-04 8.518450033e-04 1.902554638e-02 8.518450033e-04 4.360208414e-01 8.518450033e-04
8.518450033e-04 9.107982621e-02 2.897296300e-01 0.000000000e+00 0.000000000e+00 8.518450033e-04
8.518450033e-04 8.518450033e-04 4.818763027e-03 0.000000000e+00 0.000000000e+00 8.518450033e-04
8.518450033e-04 1.218163036e-01 0.000000000e+00 8.518450033e-04 8.518450033e-04 8.518450033e-04
8.518450033e-04 8.518450033e-04 1.706480919e-02 8.518450033e-04 8.518450033e-04 8.518450033e-04

2.715335275e-16 2.715335275e-16 2.715335275e-16 2.715335275e-16 1.433879067e-01 8.586644080e-04
2.715335275e-16 2.715335275e-16 1.738585333e-01 2.715335275e-16 0.000000000e+00 2.715335275e-16
8.586644080e-04 2.715335275e-16 3.410358376e-01 0.000000000e+00 0.000000000e+00 2.715335275e-16
2.715335275e-16 2.715335275e-16 0.000000000e+00 0.000000000e+00 0.000000000e+00 8.586644080e-04
8.586644080e-04 1.990406196e-01 0.000000000e+00 1.113188117e-01 2.715335275e-16 8.586644080e-04
8.586644080e-04 2.715335275e-16 2.534764029e-02 2.715335275e-16 8.586644080e-04 2.715335275e-16

