2.449875137e-16 2.449875137e-16 2.449875137e-16 2.449875137e-16 2.449875137e-16 2.449875137e-16
2.449875137e-16 2.449875137e-16 7.747185415e-04 7.747185415e-04 2.449875137e-16 2.449875137e-16
2.449875137e-16 3.368069837e-01 0.000000000e+00 4.442999815e-01 7.747185415e-04 2.449875137e-16
2.449875137e-16 1.842601603e-03 2.449875137e-16 6.360519617e-02 1.842601603e-03 2.449875137e-16
2.449875137e-16 7.747185415e-04 2.449875137e-16 1.485037613e-01 2.449875137e-16 2.449875137e-16
2.449875137e-16 2.449875137e-16 2.449875137e-16 2.449875137e-16 2.449875137e-16 2.449875137e-16

7.464145127e-04 7.464145127e-04 7.464145127e-04 7.464145127e-04 7.464145127e-04 7.464145127e-04
7.464145127e-04 7.464145127e-04 7.464145127e-04 7.464145127e-04 7.464145127e-04 7.464145127e-04
7.464145127e-04 7.014188791e-01 0.000000000e+00 2.947010229e-03 7.464145127e-04 7.464145127e-04
7.464145127e-04 7.464145127e-04 0.000000000e+00 0.000000000e+00 7.464145127e-04 7.464145127e-04
7.464145127e-04 4.222358107e-03 7.464145127e-04 1.775282898e-03 2.126742251e-01 7.464145127e-04
7.464145127e-04 7.464145127e-04 7.464145127e-04 7.464145127e-04 5.680905274e-02 7.464145127e-04

6.640844373e-04 6.640844373e-04 6.640844373e-04 6.640844373e-04 6.640844373e-04 6.640844373e-04
6.640844373e-04 6.640844373e-04 6.640844373e-04 6.640844373e-04 6.640844373e-04 6.640844373e-04
6.640844373e-04 8.812750907e-01 0.000000000e+00 6.640844373e-04 6.640844373e-04 6.640844373e-04
6.640844373e-04 6.640844373e-04 0.000000000e+00 0.000000000e+00 6.640844373e-04 6.640844373e-04
6.640844373e-04 6.640844373e-04 6.640844373e-04 0.000000000e+00 0.000000000e+00 6.640844373e-04
6.640844373e-04 6.640844373e-04 6.640844373e-04 6.640844373e-04 9.946646065e-02 6.640844373e-04

