2.554020676e-16 8.076522528e-04 2.554020676e-16 7.584264521e-03 8.076522528e-04 2.554020676e-16
2.554020676e-16 2.554020676e-16 8.076522528e-04 1.902209178e-01 8.076522528e-04 8.076522528e-04
8.076522528e-04 2.554020676e-16 2.618030028e-01 2.554020676e-16 4.812375630e-01 1.993671493e-02
8.076522528e-04 2.554020676e-16 6.038609059e-03 2.187179634e-02 8.076522528e-04 2.554020676e-16
8.076522528e-04 2.554020676e-16 2.554020676e-16 8.076522528e-04 2.554020676e-16 2.554020676e-16
8.076522528e-04 8.076522528e-04 8.076522528e-04 8.076522528e-04 2.554020676e-16 2.554020676e-16

2.419054219e-16 7.649721115e-04 7.649721115e-04 3.651019081e-01 2.419054219e-16 2.419054219e-16
2.419054219e-16 2.419054219e-16 2.419054219e-16 4.285159198e-01 7.649721115e-04 2.419054219e-16
7.649721115e-04 7.649721115e-04 1.858882231e-01 0.000000000e+00 4.327335740e-03 5.719500573e-03
2.419054219e-16 2.419054219e-16 0.000000000e+00 4.327335740e-03 2.419054219e-16 7.649721115e-04
7.649721115e-04 2.419054219e-16 2.419054219e-16 7.649721115e-04 2.419054219e-16 2.419054219e-16
2.419054219e-16 2.419054219e-16 2.419054219e-16 2.419054219e-16 2.419054219e-16 2.419054219e-16

1.773306804e-16 1.773306804e-16 1.773306804e-16 1.773306804e-16 1.773306804e-16 1.773306804e-16
1.773306804e-16 1.773306804e-16 0.000000000e+00 1.000000000e+00 1.773306804e-16 1.773306804e-16
1.773306804e-16 1.773306804e-16 0.000000000e+00 0.000000000e+00 1.773306804e-16 1.773306804e-16
1.773306804e-16 1.773306804e-16 0.000000000e+00 1.773306804e-16 1.773306804e-16 1.773306804e-16
1.773306804e-16 1.773306804e-16 1.773306804e-16 1.773306804e-16 1.773306804e-16 1.773306804e-16
1.773306804e-16 1.773306804e-16 1.773306804e-16 1.773306804e-16 1.773306804e-16 1.773306804e-16

1.773306804e-16 1.773306804e-16 1.773306804e-16 0.000000000e+00 1.773306804e-16 1.773306804e-16
1.773306804e-16 0.000000000e+00 0.000000000e+00 1.773306804e-16 1.000000000e+00 1.773306804e-16
1.773306804e-16 1.773306804e-16 0.000000000e+00 0.000000000e+00 1.773306804e-16 1.773306804e-16
1.773306804e-16 1.773306804e-16 0.000000000e+00 1.773306804e-16 1.773306804e-16 1.773306804e-16
1.773306804e-16 1.773306804e-16 1.773306804e-16 1.773306804e-16 1.773306804e-16 1.773306804e-16
1.773306804e-16 1.773306804e-16 1.773306804e-16 1.773306804e-16 1.773306804e-16 1.773306804e-16

