2.454900024e-16 2.454900024e-16 2.454900024e-16 2.454900024e-16 2.454900024e-16 2.454900024e-16
2.454900024e-16 2.454900024e-16 2.878223015e-02 7.763075505e-04 2.454900024e-16 2.454900024e-16
2.454900024e-16 1.733845389e-02 9.808110655e-02 2.454900024e-16 1.846380925e-03 2.454900024e-16
2.454900024e-16 2.454900024e-16 9.808110655e-02 6.802512666e-01 5.000130616e-02 2.454900024e-16
2.454900024e-16 2.454900024e-16 2.454900024e-16 2.484184161e-02 2.454900024e-16 2.454900024e-16
2.454900024e-16 2.454900024e-16 2.454900024e-16 2.454900024e-16 2.454900024e-16 2.454900024e-16

2.114031799e-16 6.685155531e-04 2.114031799e-16 2.114031799e-16 2.114031799e-16 2.114031799e-16
2.114031799e-16 2.114031799e-16 2.114031799e-16 2.114031799e-16 2.114031799e-16 2.114031799e-16
2.114031799e-16 2.114031799e-16 2.114031799e-16 0.000000000e+00 2.114031799e-16 2.114031799e-16
2.114031799e-16 2.114031799e-16 0.000000000e+00 4.965271532e-01 5.028043313e-01 2.114031799e-16
2.114031799e-16 2.114031799e-16 2.114031799e-16 2.114031799e-16 2.114031799e-16 2.114031799e-16
2.114031799e-16 2.114031799e-16 2.114031799e-16 2.114031799e-16 2.114031799e-16 2.114031799e-16

2.325381354e-16 2.325381354e-16 2.325381354e-16 2.325381354e-16 2.325381354e-16 2.325381354e-16
2.325381354e-16 2.501073861e-01 0.000000000e+00 2.325381354e-16 3.509640929e-01 2.325381354e-16
2.325381354e-16 2.325381354e-16 2.325381354e-16 0.000000000e+00 2.325381354e-16 2.325381354e-16
2.325381354e-16 2.325381354e-16 0.000000000e+00 0.000000000e+00 3.989285210e-01 2.325381354e-16
2.325381354e-16 2.325381354e-16 2.325381354e-16 2.325381354e-16 2.325381354e-16 2.325381354e-16
2.325381354e-16 2.325381354e-16 2.325381354e-16 2.325381354e-16 2.325381354e-16 2.325381354e-16

2.035282591e-16 2.035282591e-16 2.035282591e-16 2.035282591e-16 2.035282591e-16 2.035282591e-16
6.436128671e-04 1.289334413e-02 0.000000000e+00 0.000000000e+00 9.086773653e-01 2.059561175e-02
2.035282591e-16 2.035282591e-16 2.035282591e-16 0.000000000e+00 2.035282591e-16 2.035282591e-16
6.436128671e-04 6.436128671e-04 0.000000000e+00 0.000000000e+00 5.284128426e-02 2.035282591e-16
2.035282591e-16 2.035282591e-16 0.000000000e+00 2.035282591e-16 2.035282591e-16 1.530778002e-03
2.035282591e-16 2.035282591e-16 1.530778002e-03 2.035282591e-16 2.035282591e-16 2.035282591e-16

