2.342554467e-16 2.342554467e-16 2.342554467e-16 2.342554467e-16 2.342554467e-16 2.342554467e-16
2.342554467e-16 2.342554467e-16 2.924766945e-03 3.727345924e-01 2.342554467e-16 2.342554467e-16
2.342554467e-16 2.342554467e-16 2.342554467e-16 0.000000000e+00 2.342554467e-16 2.342554467e-16
2.342554467e-16 1.154762931e-02 1.446524648e-01 4.681405465e-01 2.342554467e-16 2.342554467e-16
2.342554467e-16 2.342554467e-16 2.342554467e-16 2.342554467e-16 2.342554467e-16 2.342554467e-16
2.342554467e-16 2.342554467e-16 2.342554467e-16 2.342554467e-16 2.342554467e-16 2.342554467e-16

1.867793401e-16 1.867793401e-16 1.867793401e-16 1.867793401e-16 1.867793401e-16 1.867793401e-16
1.867793401e-16 5.906481346e-04 0.000000000e+00 9.746931666e-01 1.867793401e-16 1.867793401e-16
1.867793401e-16 1.867793401e-16 0.000000000e+00 0.000000000e+00 1.867793401e-16 1.867793401e-16
1.867793401e-16 2.332009982e-03 5.906481346e-04 1.404805928e-03 2.038872125e-02 1.867793401e-16
1.867793401e-16 1.867793401e-16 1.867793401e-16 1.867793401e-16 1.867793401e-16 1.867793401e-16
1.867793401e-16 1.867793401e-16 1.867793401e-16 1.867793401e-16 1.867793401e-16 1.867793401e-16

2.064218065e-16 2.577253529e-03 2.064218065e-16 6.527630674e-04 0.000000000e+00 6.527630674e-04
2.064218065e-16 1.552540968e-03 0.000000000e+00 8.972982842e-01 2.064218065e-16 2.064218065e-16
2.064218065e-16 6.527630674e-04 0.000000000e+00 0.000000000e+00 2.064218065e-16 6.527630674e-04
2.064218065e-16 7.397269138e-02 6.527630674e-04 6.527630674e-04 0.000000000e+00 2.064218065e-16
2.064218065e-16 2.064218065e-16 1.611331009e-02 6.527630674e-04 6.527630674e-04 6.527630674e-04
6.527630674e-04 6.527630674e-04 6.527630674e-04 2.064218065e-16 2.064218065e-16 6.527630674e-04

