2.454900024e-16 2.454900024e-16 2.454900024e-16 2.454900024e-16 2.454900024e-16 2.454900024e-16
2.454900024e-16 2.454900024e-16 2.878223015e-02 7.763075505e-04 2.454900024e-16 2.454900024e-16
2.454900024e-16 1.733845389e-02 9.808110655e-02 2.454900024e-16 1.846380925e-03 2.454900024e-16
2.454900024e-16 2.454900024e-16 9.808110655e-02 6.802512666e-01 5.000130616e-02 2.454900024e-16
2.454900024e-16 2.454900024e-16 2.454900024e-16 2.484184161e-02 2.454900024e-16 2.454900024e-16
2.454900024e-16 2.454900024e-16 2.454900024e-16 2.454900024e-16 2.454900024e-16 2.454900024e-16

2.759433764e-16 2.759433764e-16 2.759433764e-16 2.759433764e-16 2.759433764e-16 2.075427030e-03
2.759433764e-16 2.759433764e-16 1.366669630e-01 2.759433764e-16 3.321945174e-01 2.759433764e-16
2.759433764e-16 6.901800455e-02 2.219060186e-01 0.000000000e+00 2.759433764e-16 2.759433764e-16
2.759433764e-16 2.759433764e-16 2.759433764e-16 5.620403728e-02 0.000000000e+00 2.759433764e-16
2.759433764e-16 1.518132179e-01 2.759433764e-16 3.012181422e-02 2.759433764e-16 2.759433764e-16
2.759433764e-16 2.759433764e-16 2.759433764e-16 2.759433764e-16 2.759433764e-16 2.759433764e-16

2.079793803e-16 2.079793803e-16 2.079793803e-16 2.079793803e-16 2.079793803e-16 2.079793803e-16
6.576885483e-04 2.079793803e-16 2.079793803e-16 2.079793803e-16 0.000000000e+00 2.079793803e-16
2.079793803e-16 2.079793803e-16 4.917368845e-03 0.000000000e+00 7.667754596e-01 2.079793803e-16
2.079793803e-16 2.079793803e-16 0.000000000e+00 2.079793803e-16 0.000000000e+00 2.079793803e-16
2.079793803e-16 6.576885483e-04 2.079793803e-16 2.263341059e-01 2.079793803e-16 2.079793803e-16
2.079793803e-16 2.079793803e-16 2.079793803e-16 2.079793803e-16 6.576885483e-04 2.079793803e-16

2.220020798e-16 2.220020798e-16 2.220020798e-16 2.220020798e-16 7.020322174e-04 2.220020798e-16
7.020322174e-04 2.220020798e-16 2.220020798e-16 2.220020798e-16 0.000000000e+00 2.220020798e-16
2.220020798e-16 0.000000000e+00 5.612174439e-01 0.000000000e+00 0.000000000e+00 2.220020798e-16
2.220020798e-16 2.220020798e-16 0.000000000e+00 2.220020798e-16 0.000000000e+00 2.220020798e-16
2.220020798e-16 2.220020798e-16 2.220020798e-16 3.839473423e-01 2.220020798e-16 2.220020798e-16
2.220020798e-16 2.220020798e-16 2.220020798e-16 2.220020798e-16 5.343114930e-02 2.220020798e-16

