2.468972547e-16 2.468972547e-16 2.468972547e-16 2.468972547e-16 2.468972547e-16 2.468972547e-16
2.468972547e-16 2.468972547e-16 1.856965159e-03 2.468972547e-16 1.388405294e-02 2.468972547e-16
2.468972547e-16 2.468972547e-16 3.302202908e-02 3.493282232e-01 6.646627137e-02 2.468972547e-16
2.468972547e-16 2.468972547e-16 5.040607066e-01 1.564073354e-02 2.468972547e-16 2.468972547e-16
2.468972547e-16 2.468972547e-16 2.468972547e-16 1.856965159e-03 1.388405294e-02 2.468972547e-16
2.468972547e-16 2.468972547e-16 2.468972547e-16 2.468972547e-16 2.468972547e-16 2.468972547e-16

2.246297798e-16 2.246297798e-16 2.246297798e-16 2.246297798e-16 2.246297798e-16 2.246297798e-16
2.246297798e-16 2.246297798e-16 5.611080508e-01 2.246297798e-16 2.246297798e-16 2.246297798e-16
2.246297798e-16 2.246297798e-16 2.246297798e-16 2.246297798e-16 2.246297798e-16 2.246297798e-16
2.246297798e-16 2.246297798e-16 2.246297798e-16 3.420797577e-01 0.000000000e+00 2.246297798e-16
2.246297798e-16 2.246297798e-16 0.000000000e+00 2.246297798e-16 2.246297798e-16 9.681219155e-02
2.246297798e-16 2.246297798e-16 2.246297798e-16 2.246297798e-16 2.246297798e-16 2.246297798e-16

2.305441320e-16 2.305441320e-16 2.305441320e-16 2.305441320e-16 2.305441320e-16 2.305441320e-16
2.305441320e-16 2.305441320e-16 0.000000000e+00 2.305441320e-16 7.290445585e-04 2.305441320e-16
2.305441320e-16 2.305441320e-16 1.662905153e-01 0.000000000e+00 6.994584397e-01 2.305441320e-16
2.305441320e-16 2.305441320e-16 8.497080153e-02 2.702991650e-02 0.000000000e+00 2.305441320e-16
2.305441320e-16 2.305441320e-16 0.000000000e+00 2.305441320e-16 2.305441320e-16 2.305441320e-16
2.305441320e-16 2.305441320e-16 2.305441320e-16 2.305441320e-16 2.152128241e-02 2.305441320e-16

1.777877872e-16 1.777877872e-16 1.777877872e-16 1.777877872e-16 1.777877872e-16 1.777877872e-16
1.777877872e-16 1.777877872e-16 0.000000000e+00 1.777877872e-16 1.777877872e-16 1.777877872e-16
1.777877872e-16 1.777877872e-16 5.622143478e-04 0.000000000e+00 0.000000000e+00 1.777877872e-16
1.777877872e-16 1.777877872e-16 1.777877872e-16 9.994377857e-01 0.000000000e+00 1.777877872e-16
1.777877872e-16 1.777877872e-16 0.000000000e+00 1.777877872e-16 0.000000000e+00 1.777877872e-16
1.777877872e-16 1.777877872e-16 1.777877872e-16 1.777877872e-16 1.777877872e-16 1.777877872e-16

2.023625338e-16 2.023625338e-16 2.023625338e-16 2.023625338e-16 2.023625338e-16 2.023625338e-16
2.023625338e-16 6.399265200e-04 0.000000000e+00 6.399265200e-04 2.023625338e-16 2.023625338e-16
6.399265200e-04 3.577297998e-02 8.966541875e-01 0.000000000e+00 0.000000000e+00 2.023625338e-16
2.023625338e-16 0.000000000e+00 2.023625338e-16 0.000000000e+00 0.000000000e+00 2.023625338e-16
2.023625338e-16 6.437319989e-02 0.000000000e+00 6.399265200e-04 0.000000000e+00 2.023625338e-16
2.023625338e-16 2.023625338e-16 2.023625338e-16 2.023625338e-16 6.399265200e-04 2.023625338e-16

