2.675863851e-16 2.012572375e-03 3.340916189e-03 2.119881711e-01 4.786730775e-03 2.675863851e-16
2.675863851e-16 2.675863851e-16 1.695137256e-02 2.675863851e-16 1.097006277e-01 4.031738572e-02
2.675863851e-16 0.000000000e+00 1.383658856e-01 4.590552025e-01 2.675863851e-16 2.012572375e-03
2.675863851e-16 2.675863851e-16 2.675863851e-16 3.340916189e-03 2.675863851e-16 3.340916189e-03
2.675863851e-16 2.675863851e-16 2.675863851e-16 2.675863851e-16 2.675863851e-16 4.786730775e-03
2.675863851e-16 2.675863851e-16 2.675863851e-16 2.675863851e-16 2.675863851e-16 2.675863851e-16

2.017403390e-03 2.017403390e-03 3.348935784e-03 6.341876158e-03 4.798220929e-03 3.348935784e-03
2.017403390e-03 2.017403390e-03 0.000000000e+00 0.000000000e+00 2.017403390e-03 3.348935784e-03
8.482136392e-04 0.000000000e+00 3.813110317e-02 6.299944730e-01 1.475689080e-01 2.017403390e-03
2.017403390e-03 2.017403390e-03 1.043824711e-01 2.682287042e-16 3.348935784e-03 6.341876158e-03
6.341876158e-03 2.017403390e-03 2.017403390e-03 7.965156523e-03 8.482136392e-04 4.798220929e-03
2.682287042e-16 2.017403390e-03 2.017403390e-03 2.017403390e-03 2.017403390e-03 2.682287042e-16

7.441340868e-04 7.441340868e-04 7.441340868e-04 3.147303998e-02 1.769859101e-03 7.441340868e-04
7.441340868e-04 7.441340868e-04 0.000000000e+00 0.000000000e+00 7.441340868e-04 1.769859101e-03
7.441340868e-04 0.000000000e+00 0.000000000e+00 1.769859101e-03 3.744218645e-01 7.441340868e-04
7.441340868e-04 7.441340868e-04 5.701921661e-01 0.000000000e+00 7.441340868e-04 7.441340868e-04
7.441340868e-04 7.441340868e-04 7.441340868e-04 7.441340868e-04 7.441340868e-04 7.441340868e-04
7.441340868e-04 7.441340868e-04 7.441340868e-04 7.441340868e-04 7.441340868e-04 7.441340868e-04

