8.216014100e-04 8.216014100e-04 8.216014100e-04 8.216014100e-04 8.216014100e-04 8.216014100e-04
8.216014100e-04 8.216014100e-04 5.154882907e-01 8.216014100e-04 8.216014100e-04 8.216014100e-04
8.216014100e-04 2.836105144e-02 1.835007034e-02 8.216014100e-04 3.243864794e-03 8.216014100e-04
1.280749847e-02 1.954108485e-03 0.000000000e+00 1.280749847e-02 3.606536786e-01 8.216014100e-04
8.216014100e-04 3.243864794e-03 1.954108485e-03 4.647679427e-03 8.216014100e-04 8.216014100e-04
8.216014100e-04 1.954108485e-03 1.645894645e-02 8.216014100e-04 8.216014100e-04 8.216014100e-04

7.398343429e-04 7.398343429e-04 7.398343429e-04 7.398343429e-04 7.398343429e-04 7.398343429e-04
7.398343429e-04 7.398343429e-04 2.367469897e-02 7.398343429e-04 7.398343429e-04 7.398343429e-04
7.398343429e-04 6.020173276e-01 7.398343429e-04 0.000000000e+00 7.398343429e-04 7.398343429e-04
7.398343429e-04 7.398343429e-04 0.000000000e+00 7.398343429e-04 3.499317472e-01 7.398343429e-04
7.398343429e-04 7.398343429e-04 7.398343429e-04 0.000000000e+00 7.398343429e-04 7.398343429e-04
7.398343429e-04 7.398343429e-04 2.921030258e-03 7.398343429e-04 7.398343429e-04 7.398343429e-04

6.683047257e-04 6.683047257e-04 6.683047257e-04 6.683047257e-04 6.683047257e-04 6.683047257e-04
6.683047257e-04 9.332085553e-02 0.000000000e+00 6.683047257e-04 6.683047257e-04 6.683047257e-04
6.683047257e-04 0.000000000e+00 6.683047257e-04 0.000000000e+00 6.683047257e-04 6.683047257e-04
6.683047257e-04 6.683047257e-04 0.000000000e+00 6.683047257e-04 8.833576860e-01 6.683047257e-04
6.683047257e-04 6.683047257e-04 6.683047257e-04 0.000000000e+00 6.683047257e-04 2.638615446e-03
6.683047257e-04 6.683047257e-04 2.638615446e-03 6.683047257e-04 6.683047257e-04 6.683047257e-04

