2.554020676e-16 8.076522528e-04 2.554020676e-16 7.584264521e-03 8.076522528e-04 2.554020676e-16
2.554020676e-16 2.554020676e-16 8.076522528e-04 1.902209178e-01 8.076522528e-04 8.076522528e-04
8.076522528e-04 2.554020676e-16 2.618030028e-01 2.554020676e-16 4.812375630e-01 1.993671493e-02
8.076522528e-04 2.554020676e-16 6.038609059e-03 2.187179634e-02 8.076522528e-04 2.554020676e-16
8.076522528e-04 2.554020676e-16 2.554020676e-16 8.076522528e-04 2.554020676e-16 2.554020676e-16
8.076522528e-04 8.076522528e-04 8.076522528e-04 8.076522528e-04 2.554020676e-16 2.554020676e-16

2.101843171e-16 2.101843171e-16 2.101843171e-16 3.759891367e-03 6.646611705e-04 2.101843171e-16
2.101843171e-16 2.101843171e-16 6.646611705e-04 7.240868460e-01 2.101843171e-16 2.101843171e-16
2.101843171e-16 2.101843171e-16 2.101843171e-16 0.000000000e+00 2.694946179e-01 6.646611705e-04
2.101843171e-16 2.101843171e-16 0.000000000e+00 2.101843171e-16 6.646611705e-04 2.101843171e-16
2.101843171e-16 2.101843171e-16 2.101843171e-16 2.101843171e-16 2.101843171e-16 2.101843171e-16
2.101843171e-16 2.101843171e-16 2.101843171e-16 2.101843171e-16 2.101843171e-16 2.101843171e-16

2.162822410e-16 2.162822410e-16 2.162822410e-16 5.993167417e-01 2.162822410e-16 2.162822410e-16
2.162822410e-16 2.162822410e-16 3.770740180e-01 2.162822410e-16 0.000000000e+00 2.162822410e-16
2.162822410e-16 2.162822410e-16 2.162822410e-16 0.000000000e+00 2.360924030e-02 0.000000000e+00
2.162822410e-16 2.162822410e-16 0.000000000e+00 2.162822410e-16 2.162822410e-16 2.162822410e-16
2.162822410e-16 2.162822410e-16 2.162822410e-16 2.162822410e-16 2.162822410e-16 2.162822410e-16
2.162822410e-16 2.162822410e-16 2.162822410e-16 2.162822410e-16 2.162822410e-16 2.162822410e-16

1.773306804e-16 1.773306804e-16 1.773306804e-16 1.773306804e-16 1.773306804e-16 1.773306804e-16
1.773306804e-16 1.773306804e-16 1.000000000e+00 0.000000000e+00 0.000000000e+00 1.773306804e-16
1.773306804e-16 1.773306804e-16 1.773306804e-16 0.000000000e+00 1.773306804e-16 0.000000000e+00
1.773306804e-16 1.773306804e-16 0.000000000e+00 1.773306804e-16 1.773306804e-16 1.773306804e-16
1.773306804e-16 1.773306804e-16 1.773306804e-16 1.773306804e-16 1.773306804e-16 1.773306804e-16
1.773306804e-16 1.773306804e-16 1.773306804e-16 0.000000000e+00 1.773306804e-16 1.773306804e-16

