2.554020676e-16 8.076522528e-04 2.554020676e-16 7.584264521e-03 8.076522528e-04 2.554020676e-16
2.554020676e-16 2.554020676e-16 8.076522528e-04 1.902209178e-01 8.076522528e-04 8.076522528e-04
8.076522528e-04 2.554020676e-16 2.618030028e-01 2.554020676e-16 4.812375630e-01 1.993671493e-02
8.076522528e-04 2.554020676e-16 6.038609059e-03 2.187179634e-02 8.076522528e-04 2.554020676e-16
8.076522528e-04 2.554020676e-16 2.554020676e-16 8.076522528e-04 2.554020676e-16 2.554020676e-16
8.076522528e-04 8.076522528e-04 8.076522528e-04 8.076522528e-04 2.554020676e-16 2.554020676e-16

2.215124354e-16 7.004838261e-04 2.215124354e-16 3.148996880e-02 2.215124354e-16 2.215124354e-16
1.666040700e-03 2.215124354e-16 2.215124354e-16 2.354424324e-01 7.004838261e-04 2.215124354e-16
2.215124354e-16 2.215124354e-16 7.207995654e-01 0.000000000e+00 1.666040700e-03 7.004838261e-04
2.215124354e-16 2.215124354e-16 1.666040700e-03 1.666040700e-03 2.215124354e-16 7.004838261e-04
7.004838261e-04 2.215124354e-16 2.215124354e-16 2.215124354e-16 2.215124354e-16 2.215124354e-16
7.004838261e-04 0.000000000e+00 7.004838261e-04 7.004838261e-04 2.215124354e-16 2.215124354e-16

2.489072413e-16 7.871138086e-04 2.489072413e-16 8.962106107e-03 2.489072413e-16 2.489072413e-16
2.489072413e-16 2.489072413e-16 0.000000000e+00 5.920045246e-01 2.489072413e-16 2.489072413e-16
2.489072413e-16 2.489072413e-16 1.593712876e-01 0.000000000e+00 1.099111396e-01 2.489072413e-16
2.489072413e-16 2.489072413e-16 3.122335254e-02 2.489072413e-16 0.000000000e+00 2.489072413e-16
2.489072413e-16 2.489072413e-16 2.489072413e-16 9.429416542e-02 2.489072413e-16 2.489072413e-16
1.872082683e-03 0.000000000e+00 7.871138086e-04 7.871138086e-04 2.489072413e-16 2.489072413e-16

1.911067342e-16 1.911067342e-16 1.911067342e-16 1.911067342e-16 1.911067342e-16 1.911067342e-16
1.911067342e-16 1.911067342e-16 0.000000000e+00 4.420568332e-02 1.911067342e-16 1.911067342e-16
1.911067342e-16 8.130897281e-03 1.911067342e-16 0.000000000e+00 1.911067342e-16 1.911067342e-16
1.911067342e-16 1.911067342e-16 9.476634194e-01 0.000000000e+00 0.000000000e+00 1.911067342e-16
1.911067342e-16 1.911067342e-16 1.911067342e-16 0.000000000e+00 1.911067342e-16 1.911067342e-16
1.911067342e-16 0.000000000e+00 1.911067342e-16 1.911067342e-16 1.911067342e-16 1.911067342e-16

1.935783718e-16 1.935783718e-16 1.935783718e-16 1.935783718e-16 1.935783718e-16 1.935783718e-16
1.935783718e-16 1.935783718e-16 0.000000000e+00 2.751889246e-02 1.935783718e-16 1.935783718e-16
1.935783718e-16 1.935783718e-16 0.000000000e+00 0.000000000e+00 3.251777972e-02 1.935783718e-16
1.935783718e-16 1.935783718e-16 9.399633278e-01 0.000000000e+00 0.000000000e+00 1.935783718e-16
1.935783718e-16 1.935783718e-16 1.935783718e-16 0.000000000e+00 1.935783718e-16 1.935783718e-16
1.935783718e-16 0.000000000e+00 0.000000000e+00 1.935783718e-16 1.935783718e-16 1.935783718e-16

1.773306804e-16 1.773306804e-16 1.773306804e-16 1.773306804e-16 1.773306804e-16 1.773306804e-16
1.773306804e-16 1.773306804e-16 0.000000000e+00 1.773306804e-16 1.773306804e-16 1.773306804e-16
1.773306804e-16 1.773306804e-16 0.000000000e+00 0.000000000e+00 0.000000000e+00 0.000000000e+00
1.773306804e-16 1.773306804e-16 1.000000000e+00 0.000000000e+00 0.000000000e+00 1.773306804e-16
1.773306804e-16 1.773306804e-16 1.773306804e-16 0.000000000e+00 1.773306804e-16 1.773306804e-16
1.773306804e-16 0.000000000e+00 0.000000000e+00 1.773306804e-16 1.773306804e-16 1.773306804e-16

0.000000000e+00 0.000000000e+00 0.000000000e+00 0.000000000e+00 0.000000000e+00 0.000000000e+00
0.000000000e+00 0.000000000e+00 0.000000000e+00 0.000000000e+00 0.000000000e+00 0.000000000e+00
0.000000000e+00 0.000000000e+00 0.000000000e+00 0.000000000e+00 0.000000000e+00 0.000000000e+00
0.000000000e+00 0.000000000e+00 0.000000000e+00 0.000000000e+00 0.000000000e+00 0.000000000e+00
0.000000000e+00 0.000000000e+00 0.000000000e+00 0.000000000e+00 0.000000000e+00 0.000000000e+00
0.000000000e+00 0.000000000e+00 0.000000000e+00 0.000000000e+00 0.000000000e+00 0.000000000e+00

