2.418207324e-16 2.418207324e-16 3.643526086e-02 7.647042999e-04 7.647042999e-04 2.418207324e-16
7.647042999e-04 7.647042999e-04 1.119401107e-01 7.647042999e-04 2.418207324e-16 7.647042999e-04
1.028859367e-02 7.214778924e-02 2.418207324e-16 7.298989513e-01 7.647042999e-04 7.647042999e-04
7.647042999e-04 1.818783589e-03 2.447053759e-02 7.647042999e-04 2.418207324e-16 7.647042999e-04
7.647042999e-04 2.418207324e-16 2.418207324e-16 2.418207324e-16 2.418207324e-16 7.647042999e-04
2.418207324e-16 7.647042999e-04 7.647042999e-04 7.647042999e-04 7.647042999e-04 2.418207324e-16

1.625520104e-03 2.161249224e-16 6.417914298e-03 1.625520104e-03 2.161249224e-16 2.161249224e-16
2.161249224e-16 2.161249224e-16 2.890628931e-02 1.625520104e-03 2.161249224e-16 2.698400563e-03
1.526445869e-02 2.698400563e-03 0.000000000e+00 0.000000000e+00 2.698400563e-03 1.625520104e-03
2.161249224e-16 1.625520104e-03 9.033725929e-01 2.161249224e-16 6.417914298e-03 2.161249224e-16
2.161249224e-16 2.161249224e-16 9.195330306e-03 6.834470141e-04 2.698400563e-03 2.161249224e-16
2.161249224e-16 2.161249224e-16 1.625520104e-03 9.195330306e-03 2.161249224e-16 2.161249224e-16

2.024256236e-16 2.024256236e-16 2.024256236e-16 2.024256236e-16 2.024256236e-16 2.024256236e-16
2.024256236e-16 0.000000000e+00 2.024256236e-16 2.024256236e-16 2.024256236e-16 2.024256236e-16
2.024256236e-16 2.024256236e-16 0.000000000e+00 0.000000000e+00 3.621099638e-03 2.024256236e-16
2.024256236e-16 1.138322934e-02 8.612474908e-03 0.000000000e+00 9.242785237e-01 2.024256236e-16
2.024256236e-16 2.024256236e-16 1.733506724e-02 3.224224553e-02 2.024256236e-16 2.024256236e-16
2.024256236e-16 2.024256236e-16 2.024256236e-16 2.024256236e-16 2.527359689e-03 2.024256236e-16

2.227801764e-16 2.227801764e-16 2.227801764e-16 2.227801764e-16 2.227801764e-16 2.227801764e-16
2.227801764e-16 0.000000000e+00 8.021380048e-03 2.227801764e-16 2.227801764e-16 2.227801764e-16
2.227801764e-16 3.985212947e-03 0.000000000e+00 0.000000000e+00 3.985212947e-03 2.227801764e-16
2.227801764e-16 2.227801764e-16 3.985212947e-03 0.000000000e+00 8.177293539e-01 7.983482709e-02
2.227801764e-16 2.227801764e-16 0.000000000e+00 6.646699418e-02 0.000000000e+00 3.985212947e-03
2.227801764e-16 2.227801764e-16 2.227801764e-16 8.021380048e-03 3.985212947e-03 2.227801764e-16

