2.554020676e-16 8.076522528e-04 2.554020676e-16 7.584264521e-03 8.076522528e-04 2.554020676e-16
2.554020676e-16 2.554020676e-16 8.076522528e-04 1.902209178e-01 8.076522528e-04 8.076522528e-04
8.076522528e-04 2.554020676e-16 2.618030028e-01 2.554020676e-16 4.812375630e-01 1.993671493e-02
8.076522528e-04 2.554020676e-16 6.038609059e-03 2.187179634e-02 8.076522528e-04 2.554020676e-16
8.076522528e-04 2.554020676e-16 2.554020676e-16 8.076522528e-04 2.554020676e-16 2.554020676e-16
8.076522528e-04 8.076522528e-04 8.076522528e-04 8.076522528e-04 2.554020676e-16 2.554020676e-16

2.721864080e-16 2.721864080e-16 8.607289977e-04 2.721864080e-16 2.721864080e-16 2.721864080e-16
2.721864080e-16 2.721864080e-16 1.836622961e-01 5.053393523e-02 2.721864080e-16 2.721864080e-16
9.800291294e-03 2.221468153e-01 2.721864080e-16 0.000000000e+00 4.811621372e-02 8.607289977e-04
2.721864080e-16 2.721864080e-16 1.773941812e-01 3.066248091e-01 2.721864080e-16 2.721864080e-16
2.721864080e-16 2.721864080e-16 0.000000000e+00 2.721864080e-16 2.721864080e-16 2.721864080e-16
2.721864080e-16 2.721864080e-16 2.721864080e-16 2.721864080e-16 2.721864080e-16 2.721864080e-16

2.535885755e-03 2.031085079e-16 2.031085079e-16 2.031085079e-16 2.031085079e-16 2.031085079e-16
1.739354721e-02 2.031085079e-16 2.535885755e-03 2.031085079e-16 2.031085079e-16 1.527620966e-03
2.031085079e-16 9.205218987e-01 0.000000000e+00 0.000000000e+00 0.000000000e+00 2.031085079e-16
8.641529155e-03 2.031085079e-16 3.953054673e-02 7.313085750e-03 2.031085079e-16 2.031085079e-16
2.031085079e-16 2.031085079e-16 0.000000000e+00 2.031085079e-16 2.031085079e-16 2.031085079e-16
2.031085079e-16 2.031085079e-16 2.031085079e-16 2.031085079e-16 2.031085079e-16 2.031085079e-16

1.967719741e-16 1.967719741e-16 1.967719741e-16 1.479962589e-03 1.967719741e-16 1.967719741e-16
1.967719741e-16 1.967719741e-16 1.479962589e-03 1.967719741e-16 1.967719741e-16 1.967719741e-16
0.000000000e+00 0.000000000e+00 0.000000000e+00 0.000000000e+00 0.000000000e+00 1.967719741e-16
9.319123907e-01 1.967719741e-16 3.653254498e-02 2.797289152e-02 1.967719741e-16 1.967719741e-16
1.967719741e-16 1.967719741e-16 0.000000000e+00 1.967719741e-16 1.967719741e-16 1.967719741e-16
1.967719741e-16 1.967719741e-16 1.967719741e-16 6.222476179e-04 1.967719741e-16 1.967719741e-16

1.992749248e-16 1.992749248e-16 1.992749248e-16 1.992749248e-16 3.564738224e-03 1.992749248e-16
1.992749248e-16 6.301626429e-04 3.564738224e-03 3.564738224e-03 1.992749248e-16 1.992749248e-16
0.000000000e+00 0.000000000e+00 0.000000000e+00 0.000000000e+00 0.000000000e+00 6.301626429e-04
9.539765719e-01 0.000000000e+00 8.478424118e-03 0.000000000e+00 1.498787797e-03 6.301626429e-04
1.992749248e-16 7.175054494e-03 0.000000000e+00 6.301626429e-04 1.992749248e-16 1.992749248e-16
6.301626429e-04 1.992749248e-16 8.478424118e-03 5.917547012e-03 6.301626429e-04 1.992749248e-16

