2.454900024e-16 2.454900024e-16 2.454900024e-16 2.454900024e-16 2.454900024e-16 2.454900024e-16
2.454900024e-16 2.454900024e-16 2.878223015e-02 7.763075505e-04 2.454900024e-16 2.454900024e-16
2.454900024e-16 1.733845389e-02 9.808110655e-02 2.454900024e-16 1.846380925e-03 2.454900024e-16
2.454900024e-16 2.454900024e-16 9.808110655e-02 6.802512666e-01 5.000130616e-02 2.454900024e-16
2.454900024e-16 2.454900024e-16 2.454900024e-16 2.484184161e-02 2.454900024e-16 2.454900024e-16
2.454900024e-16 2.454900024e-16 2.454900024e-16 2.454900024e-16 2.454900024e-16 2.454900024e-16

2.487872350e-16 2.487872350e-16 2.487872350e-16 2.487872350e-16 2.487872350e-16 2.487872350e-16
2.487872350e-16 2.487872350e-16 5.754799679e-02 3.106201763e-03 1.970950462e-01 2.487872350e-16
2.487872350e-16 2.487872350e-16 0.000000000e+00 0.000000000e+00 2.487872350e-16 2.487872350e-16
2.487872350e-16 2.487872350e-16 2.487872350e-16 5.732860284e-01 1.576046221e-02 2.487872350e-16
2.487872350e-16 1.178369398e-01 2.487872350e-16 3.536732488e-02 2.487872350e-16 2.487872350e-16
2.487872350e-16 2.487872350e-16 2.487872350e-16 2.487872350e-16 2.487872350e-16 2.487872350e-16

2.262124249e-16 2.262124249e-16 2.262124249e-16 2.262124249e-16 2.262124249e-16 2.262124249e-16
2.262124249e-16 2.262124249e-16 2.824346808e-03 4.046610876e-03 1.597691824e-02 2.262124249e-16
2.262124249e-16 2.262124249e-16 0.000000000e+00 0.000000000e+00 2.262124249e-16 2.262124249e-16
2.262124249e-16 0.000000000e+00 0.000000000e+00 2.837647573e-02 2.262124249e-16 2.262124249e-16
2.262124249e-16 6.372514146e-01 2.262124249e-16 3.079845405e-01 2.824346808e-03 2.262124249e-16
2.262124249e-16 2.262124249e-16 7.153464979e-04 2.262124249e-16 2.262124249e-16 2.262124249e-16

2.948894123e-16 5.275142175e-03 2.948894123e-16 2.729411374e-01 2.948894123e-16 3.681804705e-03
2.948894123e-16 2.948894123e-16 2.196306992e-01 1.453658248e-02 1.178177506e-01 2.948894123e-16
2.948894123e-16 0.000000000e+00 0.000000000e+00 0.000000000e+00 2.948894123e-16 2.948894123e-16
2.948894123e-16 0.000000000e+00 0.000000000e+00 3.944088711e-02 3.218995220e-02 2.948894123e-16
9.325222010e-04 1.820938679e-01 0.000000000e+00 7.097357032e-02 9.325222010e-04 2.948894123e-16
3.681804705e-03 3.681804705e-03 3.218995220e-02 2.948894123e-16 2.948894123e-16 2.948894123e-16

