2.554020676e-16 8.076522528e-04 2.554020676e-16 7.584264521e-03 8.076522528e-04 2.554020676e-16
2.554020676e-16 2.554020676e-16 8.076522528e-04 1.902209178e-01 8.076522528e-04 8.076522528e-04
8.076522528e-04 2.554020676e-16 2.618030028e-01 2.554020676e-16 4.812375630e-01 1.993671493e-02
8.076522528e-04 2.554020676e-16 6.038609059e-03 2.187179634e-02 8.076522528e-04 2.554020676e-16
8.076522528e-04 2.554020676e-16 2.554020676e-16 8.076522528e-04 2.554020676e-16 2.554020676e-16
8.076522528e-04 8.076522528e-04 8.076522528e-04 8.076522528e-04 2.554020676e-16 2.554020676e-16

2.419054219e-16 7.649721115e-04 7.649721115e-04 3.651019081e-01 2.419054219e-16 2.419054219e-16
2.419054219e-16 2.419054219e-16 2.419054219e-16 4.285159198e-01 7.649721115e-04 2.419054219e-16
7.649721115e-04 7.649721115e-04 1.858882231e-01 0.000000000e+00 4.327335740e-03 5.719500573e-03
2.419054219e-16 2.419054219e-16 0.000000000e+00 4.327335740e-03 2.419054219e-16 7.649721115e-04
7.649721115e-04 2.419054219e-16 2.419054219e-16 7.649721115e-04 2.419054219e-16 2.419054219e-16
2.419054219e-16 2.419054219e-16 2.419054219e-16 2.419054219e-16 2.419054219e-16 2.419054219e-16

2.326911414e-16 2.326911414e-16 2.326911414e-16 1.643449666e-02 2.326911414e-16 2.326911414e-16
2.326911414e-16 2.326911414e-16 0.000000000e+00 5.166321376e-02 7.358339983e-04 1.474078821e-02
2.326911414e-16 2.326911414e-16 1.280175354e-01 0.000000000e+00 7.388061908e-01 2.326911414e-16
2.326911414e-16 2.326911414e-16 0.000000000e+00 0.000000000e+00 4.739443924e-02 7.358339983e-04
7.358339983e-04 2.326911414e-16 7.358339983e-04 2.326911414e-16 2.326911414e-16 2.326911414e-16
2.326911414e-16 2.326911414e-16 2.326911414e-16 2.326911414e-16 2.326911414e-16 2.326911414e-16

9.817548746e-04 2.335019764e-03 2.335019764e-03 1.176116535e-01 9.817548746e-04 5.553644234e-03
2.335019764e-03 1.117829628e-02 0.000000000e+00 4.677689789e-02 7.340329775e-03 2.423439915e-02
1.117829628e-02 2.335019764e-03 0.000000000e+00 0.000000000e+00 1.605343895e-01 0.000000000e+00
9.817548746e-04 3.378568965e-01 0.000000000e+00 0.000000000e+00 1.208162603e-01 9.262592585e-02
2.898125179e-02 9.817548746e-04 9.817548746e-04 1.320886647e-02 9.817548746e-04 9.817548746e-04
9.817548746e-04 9.817548746e-04 9.817548746e-04 9.817548746e-04 9.817548746e-04 9.817548746e-04

