2.506265664e-13 2.506265664e-13 2.506265664e-13 2.506265664e-13 2.506265664e-13 2.506265664e-13
2.506265664e-13 2.506265664e-13 6.766917293e-02 2.506265664e-03 2.506265664e-13 2.506265664e-13
2.506265664e-13 0.000000000e+00 2.506265664e-13 2.506265664e-13 2.506265664e-13 2.506265664e-13
2.506265664e-13 2.506265664e-13 2.506265664e-01 5.989974937e-01 2.255639098e-02 2.506265664e-13
2.506265664e-13 2.506265664e-13 2.506265664e-13 5.764411028e-02 2.506265664e-13 2.506265664e-13
2.506265664e-13 2.506265664e-13 2.506265664e-13 2.506265664e-13 2.506265664e-13 2.506265664e-13

2.506265664e-13 2.506265664e-13 2.506265664e-13 2.506265664e-13 2.506265664e-13 2.506265664e-13
2.506265664e-13 0.000000000e+00 2.255639098e-02 3.508771930e-02 2.506265664e-13 2.506265664e-13
2.506265664e-13 0.000000000e+00 1.303258145e-01 0.000000000e+00 2.506265664e-13 2.506265664e-13
2.506265664e-13 2.506265664e-13 1.679197995e-01 5.789473684e-01 2.005012531e-02 2.506265664e-13
2.506265664e-13 2.506265664e-13 2.506265664e-13 4.511278195e-02 2.506265664e-13 2.506265664e-13
2.506265664e-13 2.506265664e-13 2.506265664e-13 2.506265664e-13 2.506265664e-13 2.506265664e-13

5.012531329e-03 5.012531329e-03 2.506265664e-03 7.518796993e-03 2.506265664e-03 5.012531329e-03
1.002506266e-02 0.000000000e+00 2.756892231e-01 5.012531329e-03 2.506265664e-02 2.506265664e-03
5.012531329e-03 0.000000000e+00 0.000000000e+00 0.000000000e+00 2.506265664e-03 2.506265664e-03
5.012531329e-03 0.000000000e+00 1.077694236e-01 3.032581454e-01 1.754385965e-01 2.506265664e-03
5.012531329e-03 2.506265664e-03 2.506265664e-03 1.253132832e-02 2.506265664e-03 2.506265664e-03
5.012531329e-03 5.012531329e-03 2.506265664e-03 2.506265664e-03 5.012531329e-03 2.506265664e-03

1.253132832e-02 0.000000000e+00 1.002506266e-02 2.030075188e-01 1.503759399e-02 1.002506266e-02
1.253132832e-02 0.000000000e+00 0.000000000e+00 5.513784461e-02 3.508771930e-02 1.002506266e-02
1.002506266e-02 0.000000000e+00 0.000000000e+00 0.000000000e+00 7.518796993e-03 5.012531329e-03
1.754385965e-02 0.000000000e+00 1.528822055e-01 2.481203008e-01 1.754385965e-02 5.012531329e-03
1.253132832e-02 1.754385965e-02 1.503759399e-02 4.010025063e-02 1.002506266e-02 7.518796993e-03
1.253132832e-02 1.253132832e-02 1.253132832e-02 1.253132832e-02 1.002506266e-02 1.002506266e-02

