2.435982375e-16 2.435982375e-16 2.435982375e-16 2.435982375e-16 2.435982375e-16 2.435982375e-16
2.435982375e-16 2.435982375e-16 0.000000000e+00 4.357617746e-03 5.759524727e-03 2.435982375e-16
2.435982375e-16 5.634770847e-02 4.281034298e-01 2.435982375e-16 1.832152571e-03 2.435982375e-16
2.435982375e-16 2.435982375e-16 4.383531382e-01 5.184079334e-02 1.036422006e-02 2.435982375e-16
2.435982375e-16 2.435982375e-16 2.435982375e-16 3.041415186e-03 2.435982375e-16 2.435982375e-16
2.435982375e-16 2.435982375e-16 2.435982375e-16 2.435982375e-16 2.435982375e-16 2.435982375e-16

1.906246144e-16 1.906246144e-16 1.906246144e-16 3.409996768e-03 1.906246144e-16 1.906246144e-16
1.906246144e-16 0.000000000e+00 0.000000000e+00 1.906246144e-16 1.906246144e-16 1.906246144e-16
1.906246144e-16 1.906246144e-16 5.131732779e-02 0.000000000e+00 1.906246144e-16 1.906246144e-16
1.906246144e-16 1.906246144e-16 1.906246144e-16 9.452726754e-01 1.906246144e-16 1.906246144e-16
1.906246144e-16 1.906246144e-16 1.906246144e-16 1.906246144e-16 1.906246144e-16 1.906246144e-16
1.906246144e-16 1.906246144e-16 1.906246144e-16 1.906246144e-16 1.906246144e-16 1.906246144e-16

1.107823413e-01 2.260697175e-03 2.260697175e-03 5.850050327e-02 9.505060754e-04 9.505060754e-04
3.752809035e-03 0.000000000e+00 0.000000000e+00 0.000000000e+00 2.260697175e-03 2.346302954e-02
5.376874331e-03 9.505060754e-04 0.000000000e+00 0.000000000e+00 9.505060754e-04 9.505060754e-04
8.925734410e-03 5.376874331e-03 7.803753512e-02 4.823874126e-01 4.528801108e-02 9.505060754e-04
3.752809035e-03 2.260697175e-03 3.752809035e-03 9.861312418e-02 9.505060754e-04 2.260697175e-03
2.260697175e-03 2.260697175e-03 4.272961851e-02 2.260697175e-03 2.260697175e-03 2.260697175e-03

