2.249043919e-16 2.249043919e-16 7.112101344e-04 2.808015527e-03 7.112101344e-04 2.249043919e-16
2.249043919e-16 2.249043919e-16 2.249043919e-16 2.249043919e-16 2.249043919e-16 7.112101344e-04
2.808015527e-03 2.249043919e-16 2.249043919e-16 2.249043919e-16 2.249043919e-16 2.808015527e-03
7.176266987e-01 2.249043919e-16 2.249043919e-16 2.249043919e-16 2.249043919e-16 7.112101344e-04
3.197216568e-02 7.112101344e-04 2.249043919e-16 2.249043919e-16 2.249043919e-16 2.249043919e-16
2.249043919e-16 6.678624086e-03 2.277192022e-01 4.023212071e-03 2.249043919e-16 2.249043919e-16

1.782469044e-16 1.782469044e-16 1.782469044e-16 1.782469044e-16 1.782469044e-16 1.782469044e-16
1.782469044e-16 1.782469044e-16 1.782469044e-16 1.782469044e-16 1.782469044e-16 1.782469044e-16
1.782469044e-16 1.782469044e-16 0.000000000e+00 1.782469044e-16 1.782469044e-16 1.782469044e-16
9.988726676e-01 1.782469044e-16 1.782469044e-16 1.782469044e-16 1.782469044e-16 1.782469044e-16
1.782469044e-16 5.636662037e-04 1.782469044e-16 1.782469044e-16 1.782469044e-16 1.782469044e-16
0.000000000e+00 5.636662037e-04 1.782469044e-16 1.782469044e-16 1.782469044e-16 1.782469044e-16

2.126666336e-16 2.126666336e-16 2.126666336e-16 2.126666336e-16 2.126666336e-16 2.126666336e-16
2.126666336e-16 2.126666336e-16 2.126666336e-16 2.126666336e-16 2.126666336e-16 2.126666336e-16
3.066057918e-01 2.126666336e-16 0.000000000e+00 2.126666336e-16 2.126666336e-16 2.126666336e-16
2.126666336e-16 3.804296394e-03 0.000000000e+00 2.126666336e-16 2.126666336e-16 2.126666336e-16
0.000000000e+00 6.819326780e-01 2.126666336e-16 2.126666336e-16 2.126666336e-16 2.126666336e-16
0.000000000e+00 7.657233778e-03 2.126666336e-16 2.126666336e-16 2.126666336e-16 2.126666336e-16

2.387439854e-16 2.387439854e-16 2.387439854e-16 2.387439854e-16 2.387439854e-16 2.387439854e-16
2.387439854e-16 2.387439854e-16 2.387439854e-16 2.387439854e-16 2.387439854e-16 2.387439854e-16
2.689510820e-01 2.387439854e-16 0.000000000e+00 2.387439854e-16 2.387439854e-16 2.387439854e-16
0.000000000e+00 2.720108095e-01 0.000000000e+00 2.387439854e-16 2.387439854e-16 2.387439854e-16
0.000000000e+00 2.387439854e-16 4.329769576e-01 0.000000000e+00 2.387439854e-16 2.387439854e-16
0.000000000e+00 2.606115091e-02 2.387439854e-16 2.387439854e-16 2.387439854e-16 2.387439854e-16

