2.506265664e-13 2.506265664e-13 2.506265664e-13 2.506265664e-13 2.506265664e-13 2.506265664e-13
2.506265664e-13 2.506265664e-13 2.506265664e-03 2.506265664e-13 2.506265664e-13 2.506265664e-13
2.506265664e-13 5.012531329e-03 1.303258145e-01 2.380952381e-01 5.012531329e-03 2.506265664e-13
2.506265664e-13 5.012531329e-03 4.862155388e-01 1.177944862e-01 5.012531329e-03 2.506265664e-13
2.506265664e-13 2.506265664e-13 2.506265664e-13 5.012531329e-03 2.506265664e-13 2.506265664e-13
2.506265664e-13 2.506265664e-13 2.506265664e-13 2.506265664e-13 2.506265664e-13 2.506265664e-13

2.506265664e-03 5.012531329e-03 2.506265664e-03 2.506265664e-03 2.506265664e-03 5.012531329e-03
5.012531329e-03 2.506265664e-03 5.012531329e-03 1.002506266e-02 5.012531329e-03 2.506265664e-03
7.518796993e-03 1.253132832e-02 0.000000000e+00 5.263157895e-02 1.253132832e-02 2.506265664e-03
2.255639098e-02 2.506265664e-03 1.503759399e-02 6.190476190e-01 3.007518797e-02 2.506265664e-03
2.506265664e-03 7.518796992e-02 3.258145363e-02 7.518796993e-03 2.005012531e-02 7.518796993e-03
0.000000000e+00 2.506265664e-03 5.012531329e-03 2.506265664e-03 2.506265664e-03 1.253132832e-02

2.506265664e-13 2.506265664e-03 2.506265664e-03 2.506265664e-13 2.506265664e-13 2.506265664e-13
2.506265664e-03 2.506265664e-13 1.353383459e-01 2.506265664e-03 2.506265664e-03 2.506265664e-13
5.137844611e-01 2.506265664e-03 0.000000000e+00 5.012531329e-03 2.506265664e-13 2.506265664e-13
2.506265664e-13 2.506265664e-13 0.000000000e+00 2.506265664e-03 2.506265664e-03 2.506265664e-03
0.000000000e+00 2.506265664e-13 3.082706767e-01 2.506265664e-03 2.506265664e-03 2.506265664e-03
0.000000000e+00 2.506265664e-13 2.506265664e-03 2.506265664e-03 2.506265664e-03 2.506265664e-13

2.506265664e-13 4.010025063e-02 2.506265664e-13 2.506265664e-13 2.506265664e-13 2.506265664e-13
1.754385965e-02 2.506265664e-13 1.353383459e-01 2.506265664e-13 1.253132832e-02 2.506265664e-13
7.268170426e-02 6.766917293e-02 0.000000000e+00 6.766917293e-02 2.506265664e-13 2.506265664e-13
0.000000000e+00 2.506265664e-13 0.000000000e+00 1.253132832e-02 2.255639098e-02 2.506265664e-13
0.000000000e+00 2.506265664e-13 3.734335840e-01 0.000000000e+00 3.007518797e-02 2.506265664e-13
0.000000000e+00 2.506265664e-13 1.102756892e-01 1.503759399e-02 2.255639098e-02 2.506265664e-13

