2.506265664e-03 2.506265664e-03 2.506265664e-03 2.506265664e-03 1.253132832e-02 2.506265664e-03
2.506265664e-03 2.506265664e-03 8.521303258e-02 1.754385965e-02 5.012531329e-03 5.012531329e-03
2.506265664e-03 7.518796993e-03 4.511278195e-02 0.000000000e+00 2.506265664e-02 2.506265664e-03
2.506265664e-03 1.979949875e-01 8.521303258e-02 1.177944862e-01 8.521303258e-02 2.506265664e-03
2.506265664e-03 1.002506266e-02 1.654135338e-01 3.759398496e-02 4.260651629e-02 2.506265664e-03
2.506265664e-03 5.012531329e-03 2.506265664e-03 5.012531329e-03 5.012531329e-03 2.506265664e-03

2.506265664e-03 2.506265664e-03 5.012531329e-03 5.012531329e-03 5.012531329e-03 2.506265664e-03
7.518796993e-03 2.506265664e-03 5.012531329e-03 2.506265664e-03 2.506265664e-03 5.012531329e-03
2.506265664e-03 1.278195489e-01 0.000000000e+00 0.000000000e+00 6.817042606e-01 3.258145363e-02
5.012531329e-03 3.508771930e-02 2.506265664e-03 2.506265664e-03 2.506265664e-03 2.506265664e-03
2.506265664e-03 2.506265664e-03 2.506265664e-02 2.506265664e-03 5.012531329e-03 2.506265664e-03
2.506265664e-03 7.518796993e-03 2.506265664e-03 0.000000000e+00 2.506265664e-03 2.506265664e-03

2.506265664e-03 2.506265664e-03 2.506265664e-03 2.506265664e-03 5.012531329e-03 2.130325815e-01
1.428571429e-01 2.506265664e-03 2.506265664e-03 2.506265664e-03 1.503759399e-02 2.130325815e-01
0.000000000e+00 2.080200501e-01 0.000000000e+00 0.000000000e+00 0.000000000e+00 2.506265664e-03
5.012531329e-03 5.012531329e-03 2.506265664e-03 2.506265664e-03 4.511278195e-02 1.503759399e-02
2.506265664e-03 2.506265664e-03 2.255639098e-02 2.506265664e-03 2.005012531e-02 2.506265664e-03
2.506265664e-03 3.508771930e-02 5.012531329e-03 0.000000000e+00 7.518796993e-03 5.012531329e-03

