2.506265664e-13 2.506265664e-13 2.506265664e-13 2.506265664e-13 2.506265664e-13 2.506265664e-13
2.506265664e-13 2.506265664e-13 1.453634085e-01 2.506265664e-13 2.506265664e-13 2.506265664e-13
2.506265664e-13 5.012531329e-03 5.012531329e-03 2.506265664e-13 2.506265664e-03 2.506265664e-13
2.506265664e-13 2.506265664e-13 4.160401002e-01 0.000000000e+00 4.260651629e-01 2.506265664e-13
2.506265664e-13 2.506265664e-13 2.506265664e-13 2.506265664e-13 2.506265664e-13 2.506265664e-13
2.506265664e-13 2.506265664e-13 2.506265664e-13 2.506265664e-13 2.506265664e-13 2.506265664e-13

2.506265664e-03 2.506265664e-03 2.506265664e-03 2.506265664e-03 2.506265664e-03 2.506265664e-03
2.506265664e-03 2.506265664e-03 5.288220551e-01 1.002506266e-02 5.012531329e-03 2.506265664e-03
2.506265664e-03 1.503759399e-02 0.000000000e+00 0.000000000e+00 2.506265664e-03 2.506265664e-03
2.506265664e-03 8.020050125e-02 7.518796993e-03 0.000000000e+00 2.882205514e-01 2.506265664e-03
2.506265664e-03 2.506265664e-03 2.506265664e-03 2.506265664e-03 2.506265664e-03 2.506265664e-03
2.506265664e-03 2.506265664e-03 2.506265664e-03 2.506265664e-03 2.506265664e-03 2.506265664e-03

2.506265664e-03 2.506265664e-03 2.506265664e-03 2.506265664e-03 2.506265664e-03 2.506265664e-03
2.506265664e-03 0.000000000e+00 3.909774436e-01 0.000000000e+00 2.506265664e-03 2.506265664e-03
2.506265664e-03 5.012531329e-03 0.000000000e+00 0.000000000e+00 2.506265664e-03 2.506265664e-03
2.506265664e-03 5.062656642e-01 2.506265664e-03 0.000000000e+00 3.007518797e-02 2.506265664e-03
2.506265664e-03 2.506265664e-03 2.506265664e-03 2.506265664e-03 2.506265664e-03 2.506265664e-03
2.506265664e-03 2.506265664e-03 2.506265664e-03 2.506265664e-03 2.506265664e-03 2.506265664e-03

2.506265664e-03 2.506265664e-03 2.506265664e-03 2.506265664e-03 1.503759399e-02 2.506265664e-03
0.000000000e+00 0.000000000e+00 4.937343358e-01 0.000000000e+00 2.506265664e-03 2.506265664e-03
8.270676692e-02 2.506265664e-03 0.000000000e+00 0.000000000e+00 2.506265664e-03 2.506265664e-03
2.305764411e-01 0.000000000e+00 2.005012531e-02 0.000000000e+00 9.022556391e-02 1.253132832e-02
2.506265664e-03 2.506265664e-03 2.506265664e-03 2.506265664e-03 2.506265664e-03 2.506265664e-03
2.506265664e-03 2.506265664e-03 2.506265664e-03 2.506265664e-03 2.506265664e-03 2.506265664e-03

