2.454900024e-16 2.454900024e-16 2.454900024e-16 2.454900024e-16 2.454900024e-16 2.454900024e-16
2.454900024e-16 2.454900024e-16 2.878223015e-02 7.763075505e-04 2.454900024e-16 2.454900024e-16
2.454900024e-16 1.733845389e-02 9.808110655e-02 2.454900024e-16 1.846380925e-03 2.454900024e-16
2.454900024e-16 2.454900024e-16 9.808110655e-02 6.802512666e-01 5.000130616e-02 2.454900024e-16
2.454900024e-16 2.454900024e-16 2.454900024e-16 2.484184161e-02 2.454900024e-16 2.454900024e-16
2.454900024e-16 2.454900024e-16 2.454900024e-16 2.454900024e-16 2.454900024e-16 2.454900024e-16

2.358111700e-16 2.358111700e-16 2.358111700e-16 2.358111700e-16 2.358111700e-16 2.358111700e-16
2.358111700e-16 2.358111700e-16 2.358111700e-16 2.358111700e-16 2.358111700e-16 2.358111700e-16
2.358111700e-16 2.944190734e-03 3.273358435e-01 0.000000000e+00 2.358111700e-16 1.665485786e-02
2.358111700e-16 2.358111700e-16 0.000000000e+00 5.191127367e-01 1.297340527e-01 2.358111700e-16
2.358111700e-16 2.358111700e-16 2.358111700e-16 4.218318448e-03 2.358111700e-16 2.358111700e-16
2.358111700e-16 2.358111700e-16 2.358111700e-16 2.358111700e-16 2.358111700e-16 2.358111700e-16

1.994033623e-16 1.994033623e-16 1.994033623e-16 1.994033623e-16 1.994033623e-16 1.994033623e-16
1.994033623e-16 1.994033623e-16 1.994033623e-16 1.994033623e-16 1.994033623e-16 1.994033623e-16
1.994033623e-16 1.532282179e-01 1.994033623e-16 0.000000000e+00 0.000000000e+00 8.467717821e-01
1.994033623e-16 1.994033623e-16 0.000000000e+00 0.000000000e+00 1.994033623e-16 1.994033623e-16
1.994033623e-16 1.994033623e-16 1.994033623e-16 1.994033623e-16 1.994033623e-16 1.994033623e-16
1.994033623e-16 1.994033623e-16 1.994033623e-16 1.994033623e-16 1.994033623e-16 1.994033623e-16

1.970811250e-16 1.970811250e-16 1.970811250e-16 1.970811250e-16 1.970811250e-16 1.970811250e-16
1.970811250e-16 1.970811250e-16 1.970811250e-16 1.970811250e-16 1.970811250e-16 1.970811250e-16
1.970811250e-16 9.760871652e-02 0.000000000e+00 0.000000000e+00 0.000000000e+00 8.965388822e-01
1.970811250e-16 5.852401266e-03 0.000000000e+00 0.000000000e+00 1.970811250e-16 1.970811250e-16
1.970811250e-16 1.970811250e-16 1.970811250e-16 1.970811250e-16 1.970811250e-16 1.970811250e-16
1.970811250e-16 1.970811250e-16 1.970811250e-16 0.000000000e+00 1.970811250e-16 1.970811250e-16

