2.554020676e-16 8.076522528e-04 2.554020676e-16 7.584264521e-03 8.076522528e-04 2.554020676e-16
2.554020676e-16 2.554020676e-16 8.076522528e-04 1.902209178e-01 8.076522528e-04 8.076522528e-04
8.076522528e-04 2.554020676e-16 2.618030028e-01 2.554020676e-16 4.812375630e-01 1.993671493e-02
8.076522528e-04 2.554020676e-16 6.038609059e-03 2.187179634e-02 8.076522528e-04 2.554020676e-16
8.076522528e-04 2.554020676e-16 2.554020676e-16 8.076522528e-04 2.554020676e-16 2.554020676e-16
8.076522528e-04 8.076522528e-04 8.076522528e-04 8.076522528e-04 2.554020676e-16 2.554020676e-16

2.448579073e-16 2.448579073e-16 7.743086903e-04 2.448579073e-16 2.448579073e-16 2.448579073e-16
2.448579073e-16 2.448579073e-16 4.718158369e-01 4.987256128e-02 2.448579073e-16 7.743086903e-04
7.271151548e-03 2.540742571e-01 2.448579073e-16 0.000000000e+00 7.743086903e-04 2.448579073e-16
2.448579073e-16 2.448579073e-16 2.146432672e-01 0.000000000e+00 2.448579073e-16 2.448579073e-16
2.448579073e-16 2.448579073e-16 2.448579073e-16 2.448579073e-16 2.448579073e-16 2.448579073e-16
2.448579073e-16 2.448579073e-16 2.448579073e-16 2.448579073e-16 2.448579073e-16 2.448579073e-16

2.226645078e-16 2.226645078e-16 3.546588422e-02 2.226645078e-16 2.226645078e-16 2.226645078e-16
2.226645078e-16 1.097625363e-02 2.226645078e-16 2.394877636e-01 2.226645078e-16 2.226645078e-16
1.410560939e-02 6.999644891e-01 0.000000000e+00 0.000000000e+00 2.226645078e-16 2.226645078e-16
2.226645078e-16 2.226645078e-16 0.000000000e+00 0.000000000e+00 2.226645078e-16 2.226645078e-16
2.226645078e-16 2.226645078e-16 2.226645078e-16 2.226645078e-16 2.226645078e-16 2.226645078e-16
2.226645078e-16 2.226645078e-16 2.226645078e-16 2.226645078e-16 2.226645078e-16 2.226645078e-16

2.151150520e-16 2.151150520e-16 1.519313362e-02 2.151150520e-16 2.151150520e-16 2.151150520e-16
2.151150520e-16 5.380383408e-02 0.000000000e+00 1.088819254e-01 2.151150520e-16 2.151150520e-16
2.151150520e-16 8.175927584e-01 0.000000000e+00 0.000000000e+00 2.151150520e-16 2.151150520e-16
3.848095035e-03 0.000000000e+00 0.000000000e+00 0.000000000e+00 2.151150520e-16 2.151150520e-16
2.151150520e-16 2.151150520e-16 2.151150520e-16 6.802535235e-04 2.151150520e-16 2.151150520e-16
2.151150520e-16 2.151150520e-16 2.151150520e-16 2.151150520e-16 2.151150520e-16 2.151150520e-16

7.867378702e-04 7.867378702e-04 8.957825658e-03 1.871188546e-03 7.867378702e-04 7.867378702e-04
3.106215798e-03 3.120843975e-02 0.000000000e+00 1.019941248e-01 7.867378702e-04 7.867378702e-04
4.450461464e-03 0.000000000e+00 0.000000000e+00 0.000000000e+00 3.106215798e-03 1.871188546e-03
7.470529050e-01 0.000000000e+00 0.000000000e+00 0.000000000e+00 7.867378702e-04 7.867378702e-04
1.942044808e-02 7.867378702e-04 0.000000000e+00 4.450461464e-03 7.867378702e-04 7.867378702e-04
7.867378702e-04 2.322438004e-02 3.748507695e-02 7.867378702e-04 7.867378702e-04 7.867378702e-04

1.808341644e-16 1.808341644e-16 1.808341644e-16 1.808341644e-16 1.808341644e-16 1.808341644e-16
1.808341644e-16 1.808341644e-16 0.000000000e+00 1.808341644e-16 1.808341644e-16 1.808341644e-16
1.808341644e-16 0.000000000e+00 0.000000000e+00 0.000000000e+00 1.808341644e-16 1.808341644e-16
8.914225591e-03 0.000000000e+00 0.000000000e+00 0.000000000e+00 0.000000000e+00 1.808341644e-16
1.808341644e-16 0.000000000e+00 0.000000000e+00 1.808341644e-16 1.808341644e-16 1.808341644e-16
1.808341644e-16 1.808341644e-16 9.910857744e-01 1.808341644e-16 1.808341644e-16 1.808341644e-16

