2.109743608e-16 2.109743608e-16 2.109743608e-16 2.109743608e-16 2.109743608e-16 2.109743608e-16
2.109743608e-16 1.586781667e-03 2.109743608e-16 8.399208426e-01 6.671595080e-04 2.109743608e-16
2.109743608e-16 6.671595080e-04 1.586781667e-03 5.883121337e-02 2.109743608e-16 2.109743608e-16
2.109743608e-16 2.109743608e-16 9.540574269e-02 6.671595080e-04 6.671595080e-04 2.109743608e-16
2.109743608e-16 2.109743608e-16 2.109743608e-16 0.000000000e+00 2.109743608e-16 2.109743608e-16
2.109743608e-16 2.109743608e-16 2.109743608e-16 2.109743608e-16 2.109743608e-16 2.109743608e-16

2.309044573e-16 2.309044573e-16 2.309044573e-16 2.309044573e-16 2.309044573e-16 2.309044573e-16
1.736680033e-03 3.705726697e-01 0.000000000e+00 2.309044573e-16 5.354912832e-01 2.309044573e-16
2.309044573e-16 2.309044573e-16 2.309044573e-16 5.341145806e-02 2.309044573e-16 2.309044573e-16
2.309044573e-16 2.309044573e-16 2.309044573e-16 0.000000000e+00 2.309044573e-16 2.309044573e-16
2.309044573e-16 2.309044573e-16 2.309044573e-16 0.000000000e+00 2.309044573e-16 2.309044573e-16
2.309044573e-16 2.309044573e-16 2.309044573e-16 3.878790905e-02 2.309044573e-16 2.309044573e-16

3.513727035e-02 3.218895431e-16 3.218895431e-16 3.218895431e-16 3.218895431e-16 3.218895431e-16
8.976044445e-02 1.017904111e-03 0.000000000e+00 0.000000000e+00 4.382473821e-01 1.810117922e-02
7.610608360e-03 4.037837802e-02 3.218895431e-16 5.758135197e-03 3.218895431e-16 5.407181163e-02
2.756556592e-02 4.305210224e-02 0.000000000e+00 0.000000000e+00 1.369523069e-02 3.218895431e-16
5.127039500e-02 3.218895431e-16 3.218895431e-16 0.000000000e+00 9.558636170e-03 9.558636170e-03
3.257293155e-02 9.558636170e-03 3.773961799e-02 2.273439629e-02 4.305210224e-02 9.558636170e-03

