2.454900024e-16 2.454900024e-16 2.454900024e-16 2.454900024e-16 2.454900024e-16 2.454900024e-16
2.454900024e-16 2.454900024e-16 2.878223015e-02 7.763075505e-04 2.454900024e-16 2.454900024e-16
2.454900024e-16 1.733845389e-02 9.808110655e-02 2.454900024e-16 1.846380925e-03 2.454900024e-16
2.454900024e-16 2.454900024e-16 9.808110655e-02 6.802512666e-01 5.000130616e-02 2.454900024e-16
2.454900024e-16 2.454900024e-16 2.454900024e-16 2.484184161e-02 2.454900024e-16 2.454900024e-16
2.454900024e-16 2.454900024e-16 2.454900024e-16 2.454900024e-16 2.454900024e-16 2.454900024e-16

2.425678262e-16 2.425678262e-16 2.425678262e-16 2.425678262e-16 2.425678262e-16 2.425678262e-16
2.425678262e-16 2.425678262e-16 2.425678262e-16 2.425678262e-16 2.425678262e-16 2.425678262e-16
4.339185189e-03 2.305006941e-01 2.425678262e-16 0.000000000e+00 4.570548337e-01 2.425678262e-16
2.425678262e-16 2.425678262e-16 2.608948629e-01 0.000000000e+00 2.425678262e-16 2.425678262e-16
2.425678262e-16 2.425678262e-16 4.721042406e-02 2.425678262e-16 2.425678262e-16 2.425678262e-16
2.425678262e-16 2.425678262e-16 2.425678262e-16 2.425678262e-16 2.425678262e-16 2.425678262e-16

2.165484202e-16 2.165484202e-16 2.165484202e-16 2.165484202e-16 2.165484202e-16 2.165484202e-16
2.165484202e-16 2.165484202e-16 2.165484202e-16 2.165484202e-16 2.165484202e-16 2.165484202e-16
2.165484202e-16 7.703558276e-01 0.000000000e+00 0.000000000e+00 1.191364436e-01 1.628705318e-03
2.165484202e-16 1.628705318e-03 0.000000000e+00 0.000000000e+00 1.072503182e-01 2.165484202e-16
2.165484202e-16 2.165484202e-16 2.165484202e-16 2.165484202e-16 2.165484202e-16 2.165484202e-16
2.165484202e-16 2.165484202e-16 2.165484202e-16 2.165484202e-16 2.165484202e-16 2.165484202e-16

2.050117614e-16 2.050117614e-16 2.050117614e-16 2.050117614e-16 2.050117614e-16 2.050117614e-16
2.050117614e-16 2.050117614e-16 0.000000000e+00 2.050117614e-16 2.050117614e-16 2.050117614e-16
2.050117614e-16 8.774376180e-01 0.000000000e+00 0.000000000e+00 8.722505674e-03 6.483041131e-04
2.914425078e-02 0.000000000e+00 0.000000000e+00 0.000000000e+00 8.404732139e-02 2.050117614e-16
2.050117614e-16 2.050117614e-16 2.050117614e-16 2.050117614e-16 2.050117614e-16 2.050117614e-16
2.050117614e-16 2.050117614e-16 2.050117614e-16 2.050117614e-16 2.050117614e-16 2.050117614e-16

8.158097179e-04 4.614916669e-03 3.615580154e-01 8.158097179e-04 8.158097179e-04 8.158097179e-04
1.940333442e-03 8.158097179e-04 0.000000000e+00 8.158097179e-04 8.158097179e-04 8.158097179e-04
8.158097179e-04 0.000000000e+00 0.000000000e+00 0.000000000e+00 3.887024028e-02 1.940333442e-03
3.220997908e-03 0.000000000e+00 0.000000000e+00 0.000000000e+00 4.569937210e-01 8.158097179e-04
1.271721493e-02 8.158097179e-04 0.000000000e+00 1.003947949e-01 8.158097179e-04 1.940333442e-03
1.940333442e-03 8.158097179e-04 8.158097179e-04 8.158097179e-04 8.158097179e-04 8.158097179e-04

2.056477346e-16 6.503152369e-04 6.503152369e-04 2.056477346e-16 2.056477346e-16 2.056477346e-16
2.056477346e-16 2.056477346e-16 0.000000000e+00 2.056477346e-16 2.056477346e-16 2.056477346e-16
2.056477346e-16 0.000000000e+00 0.000000000e+00 0.000000000e+00 2.056477346e-16 6.503152369e-04
6.503152369e-04 0.000000000e+00 0.000000000e+00 0.000000000e+00 0.000000000e+00 1.546719013e-03
1.316729239e-01 0.000000000e+00 0.000000000e+00 2.056477346e-16 1.013741128e-02 6.503152369e-04
6.503152369e-04 2.056477346e-16 8.527410543e-01 2.056477346e-16 2.056477346e-16 2.056477346e-16

