2.454900024e-16 2.454900024e-16 2.454900024e-16 2.454900024e-16 2.454900024e-16 2.454900024e-16
2.454900024e-16 2.454900024e-16 2.878223015e-02 7.763075505e-04 2.454900024e-16 2.454900024e-16
2.454900024e-16 1.733845389e-02 9.808110655e-02 2.454900024e-16 1.846380925e-03 2.454900024e-16
2.454900024e-16 2.454900024e-16 9.808110655e-02 6.802512666e-01 5.000130616e-02 2.454900024e-16
2.454900024e-16 2.454900024e-16 2.454900024e-16 2.484184161e-02 2.454900024e-16 2.454900024e-16
2.454900024e-16 2.454900024e-16 2.454900024e-16 2.454900024e-16 2.454900024e-16 2.454900024e-16

2.758730038e-16 2.758730038e-16 2.758730038e-16 2.758730038e-16 2.758730038e-16 2.758730038e-16
2.758730038e-16 0.000000000e+00 8.775748990e-02 2.791638518e-02 2.758730038e-16 2.758730038e-16
3.921780854e-02 2.553400979e-01 2.758730038e-16 0.000000000e+00 3.500990373e-01 4.934966317e-03
2.758730038e-16 2.575273017e-02 1.766370299e-01 3.234445480e-02 2.758730038e-16 2.758730038e-16
2.758730038e-16 2.758730038e-16 2.758730038e-16 2.758730038e-16 2.758730038e-16 2.758730038e-16
2.758730038e-16 2.758730038e-16 2.758730038e-16 2.758730038e-16 2.758730038e-16 2.758730038e-16

1.999727390e-16 1.999727390e-16 1.999727390e-16 1.999727390e-16 1.999727390e-16 1.999727390e-16
1.999727390e-16 0.000000000e+00 1.999727390e-16 1.999727390e-16 1.999727390e-16 1.999727390e-16
1.999727390e-16 1.608125367e-01 0.000000000e+00 0.000000000e+00 1.999727390e-16 8.391874633e-01
1.999727390e-16 1.999727390e-16 1.999727390e-16 1.999727390e-16 1.999727390e-16 1.999727390e-16
1.999727390e-16 1.999727390e-16 1.999727390e-16 1.999727390e-16 1.999727390e-16 1.999727390e-16
1.999727390e-16 1.999727390e-16 1.999727390e-16 0.000000000e+00 1.999727390e-16 1.999727390e-16

1.922735018e-16 1.922735018e-16 1.922735018e-16 1.922735018e-16 1.922735018e-16 1.922735018e-16
1.922735018e-16 0.000000000e+00 1.922735018e-16 1.922735018e-16 1.922735018e-16 1.922735018e-16
1.922735018e-16 5.736525543e-02 0.000000000e+00 0.000000000e+00 0.000000000e+00 9.369251076e-01
1.922735018e-16 1.922735018e-16 1.922735018e-16 1.922735018e-16 1.922735018e-16 1.922735018e-16
1.922735018e-16 1.922735018e-16 5.709637011e-03 0.000000000e+00 1.922735018e-16 1.922735018e-16
1.922735018e-16 1.922735018e-16 1.922735018e-16 0.000000000e+00 1.922735018e-16 1.922735018e-16

