2.704821149e-16 2.704821149e-16 2.704821149e-16 6.395154765e-03 2.704821149e-16 2.704821149e-16
3.377070460e-03 2.704821149e-16 0.000000000e+00 8.336222780e-02 2.034351756e-03 3.377070460e-03
2.704821149e-16 2.704821149e-16 4.829308607e-01 2.704821149e-16 1.137237204e-01 1.521032709e-02
4.838531166e-03 2.704821149e-16 1.252076180e-01 1.518148450e-01 4.838531166e-03 2.704821149e-16
2.704821149e-16 2.704821149e-16 2.704821149e-16 8.553395496e-04 2.704821149e-16 2.034351756e-03
2.704821149e-16 2.704821149e-16 2.704821149e-16 2.704821149e-16 2.704821149e-16 2.704821149e-16

3.419670224e-16 2.166332341e-02 3.419670224e-16 7.592517390e-02 3.732891600e-02 3.419670224e-16
1.957533461e-01 0.000000000e+00 0.000000000e+00 3.419670224e-16 3.460462961e-02 3.419670224e-16
1.015484479e-02 1.454945450e-02 2.072897035e-01 0.000000000e+00 2.669398532e-02 2.415242735e-02
2.669398532e-02 3.419670224e-16 1.231279863e-02 1.330780870e-01 2.928493548e-02 2.669398532e-02
2.928493548e-02 3.419670224e-16 3.419670224e-16 3.419670224e-16 3.419670224e-16 2.415242735e-02
3.192260328e-02 1.923021886e-02 3.419670224e-16 3.419670224e-16 1.923021886e-02 3.419670224e-16

5.138908866e-03 2.160645022e-03 9.084393269e-04 3.383973793e-01 2.028955324e-02 6.792168201e-03
9.084393269e-04 0.000000000e+00 0.000000000e+00 0.000000000e+00 8.530706294e-03 8.530706294e-03
3.586720171e-03 3.586720171e-03 0.000000000e+00 0.000000000e+00 4.492271270e-01 6.792168201e-03
2.160645022e-03 5.138908866e-03 2.160645022e-03 5.851180100e-02 1.416116763e-02 6.792168201e-03
5.138908866e-03 5.138908866e-03 2.160645022e-03 2.160645022e-03 5.138908866e-03 8.530706294e-03
5.138908866e-03 5.138908866e-03 3.586720171e-03 2.160645022e-03 6.792168201e-03 5.138908866e-03

