7.943555016e-04 7.943555016e-04 7.943555016e-04 7.943555016e-04 7.943555016e-04 7.943555016e-04
7.943555016e-04 2.511972657e-16 2.511972657e-16 1.889306429e-03 2.511972657e-16 7.943555016e-04
7.943555016e-04 2.511972657e-16 7.943555016e-04 2.344925134e-02 7.459401279e-03 7.943555016e-04
7.943555016e-04 7.943555016e-04 5.273672137e-01 2.511972657e-16 3.353343858e-01 1.591313562e-02
7.943555016e-04 2.511972657e-16 7.943555016e-04 6.762386098e-02 7.943555016e-04 7.943555016e-04
2.511972657e-16 2.511972657e-16 2.511972657e-16 7.459401279e-03 2.511972657e-16 2.511972657e-16

2.409234515e-16 2.409234515e-16 2.409234515e-16 3.008019482e-03 2.409234515e-16 2.409234515e-16
2.409234515e-16 2.409234515e-16 2.409234515e-16 2.349154989e-01 2.409234515e-16 2.409234515e-16
2.409234515e-16 2.409234515e-16 1.937439652e-01 2.409234515e-16 5.162990846e-01 7.618668486e-04
2.409234515e-16 2.409234515e-16 0.000000000e+00 0.000000000e+00 2.409234515e-16 2.409234515e-16
2.409234515e-16 2.409234515e-16 2.409234515e-16 5.127156497e-02 2.409234515e-16 2.409234515e-16
2.409234515e-16 2.409234515e-16 2.409234515e-16 2.409234515e-16 2.409234515e-16 2.409234515e-16

1.851124798e-16 1.851124798e-16 1.851124798e-16 1.851124798e-16 9.125125279e-03 1.851124798e-16
1.851124798e-16 1.851124798e-16 1.851124798e-16 9.821214460e-01 1.851124798e-16 1.851124798e-16
1.851124798e-16 1.851124798e-16 4.376714363e-03 0.000000000e+00 4.376714363e-03 1.851124798e-16
1.851124798e-16 1.851124798e-16 0.000000000e+00 0.000000000e+00 1.851124798e-16 1.851124798e-16
1.851124798e-16 1.851124798e-16 1.851124798e-16 0.000000000e+00 1.851124798e-16 1.851124798e-16
1.851124798e-16 1.851124798e-16 1.851124798e-16 1.851124798e-16 1.851124798e-16 1.851124798e-16

3.183149168e-16 9.452486242e-03 2.597949160e-01 0.000000000e+00 1.108389902e-01 2.394112122e-03
3.474706628e-02 3.183149168e-16 7.526091540e-03 0.000000000e+00 1.006600150e-03 5.694190338e-03
2.484769922e-02 7.526091540e-03 2.674582857e-01 0.000000000e+00 7.526091540e-03 2.484769922e-02
9.185634190e-02 2.394112122e-03 0.000000000e+00 0.000000000e+00 1.146118548e-02 1.354314333e-02
2.484769922e-02 1.006600150e-03 3.183149168e-16 0.000000000e+00 1.006600150e-03 1.354314333e-02
3.183149168e-16 3.183149168e-16 6.483425579e-02 9.452486242e-03 2.394112122e-03 3.183149168e-16

2.294349484e-16 5.424654432e-03 3.456908807e-02 0.000000000e+00 2.141774018e-02 2.294349484e-16
2.294349484e-16 2.294349484e-16 5.307153992e-02 0.000000000e+00 2.294349484e-16 2.294349484e-16
3.068647948e-02 2.294349484e-16 8.235985378e-01 0.000000000e+00 2.294349484e-16 1.725627553e-03
2.294349484e-16 2.864581220e-03 0.000000000e+00 0.000000000e+00 1.725627553e-03 2.294349484e-16
7.255370119e-04 7.255370119e-04 0.000000000e+00 0.000000000e+00 7.255370119e-04 7.255370119e-04
2.294349484e-16 2.294349484e-16 1.790971861e-02 4.104257129e-03 0.000000000e+00 2.294349484e-16

3.010749595e-16 1.556824477e-01 1.426027821e-01 0.000000000e+00 5.322303638e-02 3.010749595e-16
3.010749595e-16 1.656396288e-01 3.010749595e-16 0.000000000e+00 9.520826187e-04 3.010749595e-16
5.859753429e-02 0.000000000e+00 0.000000000e+00 0.000000000e+00 9.520826187e-04 9.520826187e-04
3.010749595e-16 1.084044691e-02 0.000000000e+00 0.000000000e+00 2.712747806e-01 8.940538952e-03
9.520826187e-04 9.520826187e-04 0.000000000e+00 0.000000000e+00 3.010749595e-16 1.084044691e-02
3.010749595e-16 3.010749595e-16 6.964288503e-02 4.795505922e-02 0.000000000e+00 3.010749595e-16

2.071003182e-03 2.358051664e-02 6.113569306e-02 0.000000000e+00 2.071003182e-03 8.707495759e-04
4.925703438e-03 1.171536315e-02 0.000000000e+00 0.000000000e+00 3.437912666e-03 8.707495759e-04
5.860803136e-01 0.000000000e+00 0.000000000e+00 0.000000000e+00 8.707495759e-04 8.707495759e-04
8.707495759e-04 1.357364255e-02 0.000000000e+00 0.000000000e+00 0.000000000e+00 8.707495759e-04
7.412732479e-02 8.707495759e-04 0.000000000e+00 0.000000000e+00 9.914385958e-03 1.186741123e-01
2.071003182e-03 8.707495759e-04 9.914385958e-03 6.887089018e-02 0.000000000e+00 8.707495759e-04

