2.506265664e-13 2.506265664e-13 2.506265664e-13 2.506265664e-13 2.506265664e-13 2.506265664e-13
2.506265664e-13 2.506265664e-13 4.511278195e-02 2.506265664e-03 2.506265664e-13 2.506265664e-13
2.506265664e-13 3.007518797e-02 1.203007519e-01 2.506265664e-13 5.012531329e-03 2.506265664e-13
2.506265664e-13 2.506265664e-13 1.203007519e-01 5.664160401e-01 7.017543860e-02 2.506265664e-13
2.506265664e-13 2.506265664e-13 2.506265664e-13 4.010025063e-02 2.506265664e-13 2.506265664e-13
2.506265664e-13 2.506265664e-13 2.506265664e-13 2.506265664e-13 2.506265664e-13 2.506265664e-13

2.506265664e-13 2.506265664e-13 2.506265664e-13 2.506265664e-13 2.506265664e-13 5.263157895e-02
2.506265664e-03 2.506265664e-13 2.731829574e-01 7.518796993e-03 2.506265664e-13 2.506265664e-13
2.506265664e-13 5.012531329e-03 3.508771930e-01 0.000000000e+00 2.756892231e-02 2.506265664e-13
2.506265664e-13 2.506265664e-13 0.000000000e+00 8.771929825e-02 1.604010025e-01 2.506265664e-13
2.506265664e-13 2.506265664e-03 2.506265664e-13 2.756892231e-02 2.506265664e-13 2.506265664e-13
2.506265664e-13 2.506265664e-13 2.506265664e-13 2.506265664e-03 2.506265664e-13 2.506265664e-13

2.506265664e-13 2.506265664e-13 2.506265664e-03 2.506265664e-13 2.506265664e-13 3.007518797e-01
7.518796993e-03 2.506265664e-13 2.506265664e-13 2.355889724e-01 0.000000000e+00 2.506265664e-13
2.506265664e-03 3.007518797e-01 2.506265664e-13 0.000000000e+00 5.012531329e-03 1.754385965e-02
2.506265664e-03 2.506265664e-13 0.000000000e+00 2.255639098e-02 9.273182957e-02 2.506265664e-13
2.506265664e-13 2.506265664e-03 2.506265664e-13 0.000000000e+00 2.506265664e-03 2.506265664e-13
2.506265664e-13 2.506265664e-13 2.506265664e-13 2.506265664e-13 5.012531329e-03 2.506265664e-13

2.506265664e-13 2.506265664e-13 2.506265664e-13 0.000000000e+00 2.506265664e-13 3.258145363e-02
2.506265664e-13 2.506265664e-13 1.328320802e-01 0.000000000e+00 0.000000000e+00 2.506265664e-13
2.506265664e-13 2.255639098e-02 2.506265664e-13 0.000000000e+00 7.293233083e-01 2.506265664e-13
2.506265664e-13 2.506265664e-13 0.000000000e+00 2.506265664e-13 2.506265664e-13 2.506265664e-13
2.506265664e-13 2.506265664e-13 2.506265664e-13 0.000000000e+00 5.012531328e-02 7.518796993e-03
2.506265664e-13 2.506265664e-13 2.506265664e-13 2.506265664e-13 2.506265664e-02 2.506265664e-13

2.506265664e-13 2.506265664e-13 7.518796993e-03 0.000000000e+00 2.506265664e-13 4.511278195e-02
2.506265664e-13 2.506265664e-13 4.060150376e-01 0.000000000e+00 0.000000000e+00 2.506265664e-13
2.506265664e-13 1.002506266e-02 2.506265664e-13 0.000000000e+00 0.000000000e+00 2.506265664e-13
2.506265664e-13 2.506265664e-13 0.000000000e+00 2.506265664e-13 0.000000000e+00 2.506265664e-13
2.506265664e-13 2.506265664e-13 2.506265664e-13 0.000000000e+00 5.313283208e-01 2.506265664e-13
2.506265664e-13 2.506265664e-13 2.506265664e-13 2.506265664e-13 2.506265664e-13 2.506265664e-13

2.506265664e-13 2.506265664e-13 2.506265664e-03 0.000000000e+00 2.506265664e-13 1.754385965e-02
2.506265664e-13 2.506265664e-13 3.082706767e-01 0.000000000e+00 0.000000000e+00 2.506265664e-13
1.002506266e-02 1.253132832e-02 7.518796993e-03 0.000000000e+00 0.000000000e+00 2.506265664e-13
7.518796993e-03 2.506265664e-03 0.000000000e+00 0.000000000e+00 0.000000000e+00 2.506265664e-13
2.506265664e-13 2.506265664e-03 2.506265664e-13 0.000000000e+00 2.506265664e-13 6.290726817e-01
2.506265664e-13 2.506265664e-13 2.506265664e-13 2.506265664e-13 0.000000000e+00 2.506265664e-13

2.506265664e-03 6.265664160e-02 2.506265664e-03 0.000000000e+00 2.506265664e-13 1.077694236e-01
4.761904762e-02 2.506265664e-03 2.656641604e-01 0.000000000e+00 0.000000000e+00 2.506265664e-03
4.511278195e-02 1.679197995e-01 6.766917293e-02 0.000000000e+00 0.000000000e+00 2.506265664e-03
2.255639098e-02 5.764411028e-02 0.000000000e+00 0.000000000e+00 0.000000000e+00 1.253132832e-02
1.754385965e-02 5.012531329e-03 2.506265664e-13 0.000000000e+00 0.000000000e+00 0.000000000e+00
5.263157895e-02 2.506265664e-03 5.012531328e-02 2.506265664e-13 0.000000000e+00 2.506265664e-03

1.253132832e-02 1.253132832e-02 7.518796993e-03 0.000000000e+00 2.506265664e-03 2.506265664e-02
5.012531329e-03 2.506265664e-03 7.644110276e-01 0.000000000e+00 0.000000000e+00 2.506265664e-03
1.002506266e-02 2.506265664e-03 0.000000000e+00 0.000000000e+00 0.000000000e+00 1.503759399e-02
2.005012531e-02 7.518796992e-02 0.000000000e+00 0.000000000e+00 0.000000000e+00 5.012531329e-03
5.012531329e-03 1.754385965e-02 0.000000000e+00 0.000000000e+00 0.000000000e+00 0.000000000e+00
5.012531329e-03 2.506265664e-03 2.506265664e-03 2.506265664e-03 0.000000000e+00 2.506265664e-03

