2.556826973e-16 5.929545808e-01 1.578837671e-01 8.085396820e-04 8.085396820e-04 2.556826973e-16
9.423602995e-02 2.556826973e-16 4.072500388e-02 2.556826973e-16 2.556826973e-16 1.923042285e-03
7.592597931e-03 8.903010975e-02 4.573791136e-03 2.556826973e-16 2.556826973e-16 2.556826973e-16
2.556826973e-16 2.556826973e-16 2.556826973e-16 0.000000000e+00 2.556826973e-16 8.085396820e-04
8.085396820e-04 2.556826973e-16 2.556826973e-16 2.556826973e-16 1.923042285e-03 8.085396820e-04
2.556826973e-16 2.556826973e-16 1.923042285e-03 2.556826973e-16 3.192294192e-03 2.556826973e-16

6.913661193e-02 9.137883339e-02 2.173367177e-16 2.173367177e-16 2.173367177e-16 2.173367177e-16
2.173367177e-16 0.000000000e+00 2.726309174e-02 2.173367177e-16 2.173367177e-16 2.173367177e-16
8.083336255e-01 3.887837398e-03 2.173367177e-16 2.173367177e-16 2.173367177e-16 2.173367177e-16
2.173367177e-16 0.000000000e+00 2.173367177e-16 0.000000000e+00 2.173367177e-16 2.173367177e-16
2.173367177e-16 2.173367177e-16 2.173367177e-16 2.173367177e-16 2.173367177e-16 2.173367177e-16
2.173367177e-16 2.173367177e-16 2.173367177e-16 2.173367177e-16 2.173367177e-16 2.173367177e-16

1.804560951e-16 1.357247499e-03 1.804560951e-16 1.804560951e-16 1.804560951e-16 1.804560951e-16
0.000000000e+00 0.000000000e+00 1.357247499e-03 1.804560951e-16 1.804560951e-16 1.804560951e-16
9.953576052e-01 1.357247499e-03 1.804560951e-16 1.804560951e-16 1.804560951e-16 1.804560951e-16
1.804560951e-16 0.000000000e+00 0.000000000e+00 0.000000000e+00 1.804560951e-16 1.804560951e-16
5.706522782e-04 1.804560951e-16 1.804560951e-16 1.804560951e-16 1.804560951e-16 1.804560951e-16
1.804560951e-16 1.804560951e-16 1.804560951e-16 1.804560951e-16 1.804560951e-16 1.804560951e-16

