2.631434383e-16 2.631434383e-16 2.631434383e-16 2.631434383e-16 2.631434383e-16 2.631434383e-16
2.631434383e-16 8.321326166e-04 5.359695098e-02 2.631434383e-16 7.814147560e-03 2.631434383e-16
2.631434383e-16 0.000000000e+00 3.687921470e-01 2.338806464e-01 2.631434383e-16 2.631434383e-16
2.631434383e-16 8.321326166e-04 1.654831993e-01 1.654831993e-01 2.631434383e-16 2.631434383e-16
2.631434383e-16 2.631434383e-16 2.631434383e-16 3.285444336e-03 2.631434383e-16 2.631434383e-16
2.631434383e-16 2.631434383e-16 2.631434383e-16 2.631434383e-16 2.631434383e-16 2.631434383e-16

2.261110893e-16 2.261110893e-16 2.261110893e-16 2.468215151e-02 2.261110893e-16 2.261110893e-16
2.261110893e-16 2.261110893e-16 0.000000000e+00 0.000000000e+00 7.150260464e-04 2.261110893e-16
2.261110893e-16 0.000000000e+00 9.620205427e-03 4.453817535e-01 2.261110893e-16 2.261110893e-16
4.044798129e-03 2.823081595e-03 5.110323557e-01 2.261110893e-16 2.261110893e-16 2.261110893e-16
2.261110893e-16 2.261110893e-16 2.261110893e-16 1.700628123e-03 2.261110893e-16 2.261110893e-16
2.261110893e-16 2.261110893e-16 2.261110893e-16 2.261110893e-16 2.261110893e-16 2.261110893e-16

8.646382379e-03 2.911691609e-16 8.646382379e-03 3.925545596e-01 5.208592294e-03 5.208592294e-03
5.208592294e-03 2.911691609e-16 0.000000000e+00 0.000000000e+00 2.189943295e-03 5.208592294e-03
5.208592294e-03 0.000000000e+00 0.000000000e+00 8.646382379e-03 8.646382379e-03 8.646382379e-03
8.646382379e-03 2.189943295e-03 3.886946440e-01 0.000000000e+00 2.911691609e-16 5.208592294e-03
1.238819003e-02 2.189943295e-03 5.208592294e-03 3.652476044e-02 6.884269769e-03 2.911691609e-16
2.056467889e-02 1.435319257e-02 1.238819003e-02 6.884269769e-03 5.208592294e-03 8.646382379e-03

