2.274770900e-16 7.193457200e-04 6.755021364e-03 2.840136625e-03 7.193457200e-04 7.193457200e-04
2.274770900e-16 2.274770900e-16 7.193457200e-04 2.274770900e-16 1.710902097e-03 7.193457200e-04
7.193457200e-04 2.274770900e-16 2.274770900e-16 2.840136625e-03 2.483126334e-02 1.279197682e-02
7.193457200e-04 2.274770900e-16 7.193457200e-04 8.423522475e-01 2.274770900e-16 6.564321133e-02
2.274770900e-16 2.274770900e-16 2.274770900e-16 7.193457200e-04 2.483126334e-02 7.193457200e-04
2.274770900e-16 1.710902097e-03 7.193457200e-04 4.069233893e-03 1.710902097e-03 2.274770900e-16

2.357014122e-16 7.453533104e-04 2.357014122e-16 7.453533104e-04 2.357014122e-16 7.453533104e-04
2.357014122e-16 2.357014122e-16 2.357014122e-16 1.161890823e-02 2.942820367e-03 2.357014122e-16
2.357014122e-16 2.357014122e-16 3.152460686e-02 2.357014122e-16 7.224699534e-01 6.801650932e-02
2.357014122e-16 2.357014122e-16 8.486619573e-03 1.455453469e-01 0.000000000e+00 2.357014122e-16
2.357014122e-16 2.357014122e-16 0.000000000e+00 2.942820367e-03 2.357014122e-16 2.357014122e-16
2.357014122e-16 2.357014122e-16 2.357014122e-16 2.357014122e-16 4.216355041e-03 2.357014122e-16

2.711019470e-16 2.711019470e-16 2.711019470e-16 2.711019470e-16 2.711019470e-16 2.711019470e-16
2.711019470e-16 2.711019470e-16 0.000000000e+00 2.711019470e-16 2.711019470e-16 1.153440298e-02
2.711019470e-16 2.711019470e-16 8.050478596e-03 0.000000000e+00 1.431600033e-01 8.572996309e-04
2.711019470e-16 2.711019470e-16 9.761244400e-03 2.019140318e-01 0.000000000e+00 2.711019470e-16
2.711019470e-16 2.711019470e-16 0.000000000e+00 2.881504224e-01 2.711019470e-16 7.559807947e-02
2.711019470e-16 2.711019470e-16 2.711019470e-16 2.711019470e-16 2.609740375e-01 2.711019470e-16

2.505667321e-16 2.505667321e-16 7.923615794e-04 2.505667321e-16 2.505667321e-16 2.505667321e-16
2.505667321e-16 2.505667321e-16 0.000000000e+00 2.505667321e-16 2.505667321e-16 7.923615794e-04
2.505667321e-16 7.923615794e-04 1.409040282e-02 0.000000000e+00 0.000000000e+00 2.505667321e-16
2.145771405e-02 2.505667321e-16 3.562029627e-02 1.778035383e-01 0.000000000e+00 2.505667321e-16
2.505667321e-16 7.923615794e-04 0.000000000e+00 1.518857088e-01 0.000000000e+00 1.409040282e-02
2.505667321e-16 7.923615794e-04 2.505667321e-16 2.505667321e-16 5.810901290e-01 2.505667321e-16

2.329226775e-16 2.329226775e-16 2.329226775e-16 2.329226775e-16 2.329226775e-16 2.329226775e-16
2.329226775e-16 2.329226775e-16 0.000000000e+00 6.916730218e-03 2.329226775e-16 2.329226775e-16
2.329226775e-16 2.329226775e-16 1.994673502e-02 0.000000000e+00 0.000000000e+00 2.329226775e-16
2.329226775e-16 0.000000000e+00 9.910013759e-03 0.000000000e+00 0.000000000e+00 2.329226775e-16
2.329226775e-16 7.409463498e-02 0.000000000e+00 9.064296352e-02 0.000000000e+00 1.994673502e-02
1.751859483e-03 2.329226775e-16 1.148193041e-02 2.329226775e-16 7.653083976e-01 2.329226775e-16

