2.506265664e-13 2.506265664e-13 2.506265664e-13 2.506265664e-13 2.506265664e-13 2.506265664e-13
2.506265664e-13 1.002506266e-02 1.228070175e-01 2.506265664e-13 6.090225564e-01 2.506265664e-13
2.506265664e-13 2.506265664e-13 5.513784461e-02 1.403508772e-01 1.253132832e-02 2.506265664e-13
2.506265664e-13 1.002506266e-02 5.012531329e-03 3.258145363e-02 0.000000000e+00 2.506265664e-13
2.506265664e-13 2.506265664e-13 2.506265664e-13 2.506265664e-03 2.506265664e-13 2.506265664e-13
2.506265664e-13 2.506265664e-13 2.506265664e-13 2.506265664e-13 2.506265664e-13 2.506265664e-13

2.506265664e-13 2.506265664e-13 2.506265664e-13 2.506265664e-13 2.506265664e-13 2.506265664e-13
2.506265664e-13 2.506265664e-13 6.516290727e-02 0.000000000e+00 5.012531329e-03 2.506265664e-13
2.506265664e-13 2.506265664e-13 2.255639098e-01 6.892230576e-01 2.506265664e-03 2.506265664e-13
2.506265664e-13 2.506265664e-03 0.000000000e+00 2.506265664e-13 0.000000000e+00 2.506265664e-13
2.506265664e-13 2.506265664e-13 5.012531329e-03 5.012531329e-03 2.506265664e-13 2.506265664e-13
2.506265664e-13 2.506265664e-13 2.506265664e-13 2.506265664e-13 2.506265664e-13 2.506265664e-13

2.506265664e-13 2.506265664e-13 2.506265664e-13 2.330827068e-01 2.506265664e-13 2.506265664e-13
2.506265664e-13 2.506265664e-13 2.506265664e-13 0.000000000e+00 5.288220551e-01 2.506265664e-13
2.506265664e-13 2.506265664e-13 2.506265664e-13 1.754385965e-02 2.506265664e-13 2.506265664e-13
2.506265664e-13 2.506265664e-13 0.000000000e+00 0.000000000e+00 0.000000000e+00 2.506265664e-13
2.506265664e-13 0.000000000e+00 2.506265664e-13 1.503759398e-01 2.506265664e-13 2.506265664e-13
2.005012531e-02 2.506265664e-13 1.503759399e-02 3.508771930e-02 2.506265664e-13 2.506265664e-13

3.500000000e-02 3.500000000e-02 3.500000000e-02 3.500000000e-02 3.500000000e-02 3.500000000e-02
3.500000000e-02 3.500000000e-02 3.500000000e-02 0.000000000e+00 0.000000000e+00 3.500000000e-02
3.500000000e-02 3.500000000e-02 3.250000000e-02 0.000000000e+00 3.500000000e-02 3.500000000e-02
3.500000000e-02 3.500000000e-02 0.000000000e+00 0.000000000e+00 0.000000000e+00 3.500000000e-02
3.500000000e-02 0.000000000e+00 3.500000000e-02 3.500000000e-02 3.500000000e-02 3.500000000e-02
3.500000000e-02 3.250000000e-02 3.250000000e-02 3.250000000e-02 3.250000000e-02 3.250000000e-02

