3.229959317e-16 3.229959317e-16 2.046152076e-02 1.021402819e-03 3.229959317e-16 3.229959317e-16
3.229959317e-16 2.429319000e-03 3.229959317e-16 4.032725122e-03 3.229959317e-16 3.229959317e-16
6.873762930e-02 7.773820799e-02 0.000000000e+00 7.171312050e-02 5.777926878e-03 3.229959317e-16
1.021402819e-03 1.324165146e-01 3.229959317e-16 2.216852010e-01 1.021402819e-03 3.229959317e-16
3.229959317e-16 3.229959317e-16 1.426268307e-01 7.773820799e-02 3.229959317e-16 1.816339603e-02
3.229959317e-16 3.229959317e-16 5.996719531e-02 3.229959317e-16 6.578768305e-02 2.766031342e-02

2.128397417e-03 8.948808793e-04 6.690795160e-03 2.128397417e-03 8.948808793e-04 5.062210704e-03
8.948808793e-04 8.948808793e-04 8.948808793e-04 8.948808793e-04 8.948808793e-04 6.690795160e-03
1.998673187e-02 1.204003397e-02 0.000000000e+00 5.292003941e-01 7.618163411e-02 8.948808793e-04
8.403385590e-03 1.591348242e-02 0.000000000e+00 0.000000000e+00 3.533188409e-03 5.062210704e-03
8.948808793e-04 3.089060260e-02 2.241882486e-01 8.948808793e-04 6.690795160e-03 8.948808793e-04
8.948808793e-04 8.948808793e-04 3.089060260e-02 8.948808793e-04 8.948808793e-04 8.948808793e-04

2.765216375e-03 2.214764490e-16 2.765216375e-03 2.214764490e-16 2.214764490e-16 2.765216375e-03
2.214764490e-16 2.214764490e-16 2.214764490e-16 7.003700269e-04 2.214764490e-16 2.765216375e-03
6.576829976e-03 2.214764490e-16 0.000000000e+00 7.974438291e-03 3.961891163e-03 2.214764490e-16
2.765216375e-03 3.961891163e-03 0.000000000e+00 0.000000000e+00 1.728847722e-02 7.974438291e-03
2.214764490e-16 2.596678506e-02 8.890363763e-01 0.000000000e+00 0.000000000e+00 2.765216375e-03
2.214764490e-16 2.214764490e-16 1.403034687e-02 7.003700269e-04 5.236487330e-03 2.214764490e-16

