2.691730821e-16 2.691730821e-16 2.691730821e-16 2.691730821e-16 2.691730821e-16 2.691730821e-16
2.691730821e-16 2.691730821e-16 2.691730821e-16 9.372753529e-02 2.691730821e-16 2.691730821e-16
2.691730821e-16 2.691730821e-16 1.570989647e-01 3.066799267e-01 1.513671477e-02 2.691730821e-16
2.691730821e-16 5.976311084e-02 3.415964433e-01 2.691730821e-16 6.364204594e-03 2.691730821e-16
2.691730821e-16 2.691730821e-16 6.364204594e-03 1.326889520e-02 2.691730821e-16 2.691730821e-16
2.691730821e-16 2.691730821e-16 2.691730821e-16 2.691730821e-16 2.691730821e-16 2.691730821e-16

2.779925125e-16 2.779925125e-16 2.779925125e-16 2.779925125e-16 2.779925125e-16 2.779925125e-16
2.779925125e-16 6.572727151e-03 6.172124348e-02 2.779925125e-16 2.090839005e-03 2.779925125e-16
2.779925125e-16 2.779925125e-16 5.396277196e-01 0.000000000e+00 8.022047954e-02 2.779925125e-16
2.779925125e-16 3.951911561e-02 7.483730751e-02 0.000000000e+00 3.487185899e-02 2.779925125e-16
2.779925125e-16 2.090839005e-03 2.813086438e-02 8.843172319e-02 4.188528257e-02 2.779925125e-16
2.779925125e-16 2.779925125e-16 2.779925125e-16 2.779925125e-16 2.779925125e-16 2.779925125e-16

2.345207215e-16 2.345207215e-16 2.345207215e-16 2.345207215e-16 2.345207215e-16 2.345207215e-16
2.345207215e-16 1.763878702e-03 2.928079002e-03 2.345207215e-16 1.763878702e-03 1.763878702e-03
2.345207215e-16 7.416196387e-04 6.534517768e-01 0.000000000e+00 2.560014195e-02 2.345207215e-16
2.345207215e-16 0.000000000e+00 8.444107853e-03 0.000000000e+00 1.763878702e-03 2.345207215e-16
1.763878702e-03 2.008358628e-02 7.416196387e-04 2.345207215e-16 2.732305624e-01 2.345207215e-16
4.195234204e-03 1.763878702e-03 2.345207215e-16 0.000000000e+00 2.345207215e-16 2.345207215e-16

2.172629858e-16 2.172629858e-16 5.136866144e-03 2.172629858e-16 2.172629858e-16 2.172629858e-16
2.172629858e-16 1.695957380e-02 2.172629858e-16 2.172629858e-16 2.172629858e-16 2.172629858e-16
2.172629858e-16 0.000000000e+00 6.451709536e-03 0.000000000e+00 1.268023900e-01 2.172629858e-16
2.172629858e-16 0.000000000e+00 2.172629858e-16 0.000000000e+00 2.172629858e-16 2.172629858e-16
2.172629858e-16 8.186684374e-01 2.172629858e-16 0.000000000e+00 1.221759554e-02 2.172629858e-16
2.172629858e-16 1.376342752e-02 2.172629858e-16 0.000000000e+00 2.172629858e-16 2.172629858e-16

