2.420592163e-16 2.420592163e-16 2.420592163e-16 2.420592163e-16 2.420592163e-16 2.420592163e-16
2.420592163e-16 4.330086898e-03 5.151327011e-02 2.420592163e-16 7.654584522e-04 2.420592163e-16
2.420592163e-16 2.420592163e-16 2.726857727e-01 4.711143447e-02 2.420592163e-16 2.420592163e-16
2.420592163e-16 7.654584522e-04 4.711143447e-02 5.757170845e-01 2.420592163e-16 2.420592163e-16
2.420592163e-16 2.420592163e-16 2.420592163e-16 2.420592163e-16 2.420592163e-16 2.420592163e-16
2.420592163e-16 2.420592163e-16 2.420592163e-16 2.420592163e-16 2.420592163e-16 2.420592163e-16

2.248327519e-16 2.248327519e-16 2.248327519e-16 1.691013484e-03 2.248327519e-16 2.248327519e-16
2.248327519e-16 8.070781150e-01 2.820340717e-02 0.000000000e+00 1.691013484e-03 2.248327519e-16
2.248327519e-16 2.807121074e-03 9.217320231e-02 2.248327519e-16 7.109835886e-04 2.248327519e-16
2.248327519e-16 7.109835886e-04 4.784726009e-02 0.000000000e+00 1.424296584e-02 2.248327519e-16
2.248327519e-16 7.109835886e-04 7.109835886e-04 7.109835886e-04 7.109835886e-04 2.248327519e-16
2.248327519e-16 2.248327519e-16 2.248327519e-16 2.248327519e-16 2.248327519e-16 2.248327519e-16

2.331613699e-16 2.331613699e-16 2.331613699e-16 7.373209914e-04 2.331613699e-16 2.331613699e-16
2.331613699e-16 7.373209914e-04 9.920169256e-03 0.000000000e+00 7.373209914e-04 2.331613699e-16
2.331613699e-16 2.331613699e-16 1.791690009e-01 0.000000000e+00 6.034951927e-01 2.331613699e-16
2.331613699e-16 2.911106988e-03 0.000000000e+00 0.000000000e+00 2.015552462e-01 2.331613699e-16
2.331613699e-16 2.331613699e-16 2.331613699e-16 7.373209914e-04 2.331613699e-16 2.331613699e-16
2.331613699e-16 2.331613699e-16 2.331613699e-16 2.331613699e-16 2.331613699e-16 2.331613699e-16

1.216874403e-02 9.044473115e-04 2.151150356e-03 9.044473115e-04 9.044473115e-04 9.044473115e-04
9.044473115e-04 2.020039351e-02 4.316699057e-01 0.000000000e+00 3.570958808e-03 2.020039351e-02
5.116326617e-03 9.044473115e-04 0.000000000e+00 0.000000000e+00 1.202529606e-01 0.000000000e+00
3.570958808e-03 3.570958808e-03 0.000000000e+00 0.000000000e+00 2.895909525e-01 1.216874403e-02
3.570958808e-03 9.044473115e-04 8.493219243e-03 9.044473115e-04 2.020039351e-02 9.044473115e-04
2.151150356e-03 9.044473115e-04 1.029806959e-02 9.044473115e-04 9.044473115e-04 2.020039351e-02

