2.458160131e-16 2.458160131e-16 2.458160131e-16 2.458160131e-16 2.458160131e-16 2.458160131e-16
2.458160131e-16 2.458160131e-16 2.458160131e-16 7.773384869e-04 4.397290523e-03 2.458160131e-16
2.458160131e-16 2.458160131e-16 4.114635367e-01 1.211750778e-02 2.458160131e-16 2.458160131e-16
2.458160131e-16 2.458160131e-16 2.683312923e-02 3.281507128e-01 2.154831459e-01 2.458160131e-16
2.458160131e-16 2.458160131e-16 2.458160131e-16 2.458160131e-16 7.773384869e-04 2.458160131e-16
2.458160131e-16 2.458160131e-16 2.458160131e-16 2.458160131e-16 2.458160131e-16 2.458160131e-16

1.836021760e-16 1.836021760e-16 1.836021760e-16 1.836021760e-16 7.811605596e-03 1.836021760e-16
1.836021760e-16 1.836021760e-16 1.836021760e-16 1.836021760e-16 1.836021760e-16 1.836021760e-16
1.836021760e-16 1.836021760e-16 0.000000000e+00 1.836021760e-16 0.000000000e+00 1.836021760e-16
1.836021760e-16 1.836021760e-16 5.806010597e-04 1.380909822e-03 9.869425080e-01 1.836021760e-16
1.836021760e-16 1.836021760e-16 1.836021760e-16 1.836021760e-16 3.284375572e-03 1.836021760e-16
1.836021760e-16 1.836021760e-16 1.836021760e-16 1.836021760e-16 1.836021760e-16 1.836021760e-16

2.229092322e-16 2.229092322e-16 2.229092322e-16 2.229092322e-16 1.676546296e-03 5.270363398e-03
7.049008853e-04 7.049008853e-04 3.987521568e-03 7.049008853e-04 0.000000000e+00 2.229092322e-16
2.229092322e-16 2.229092322e-16 0.000000000e+00 2.229092322e-16 0.000000000e+00 2.783105210e-03
2.229092322e-16 2.229092322e-16 2.946222706e-01 6.728174760e-01 0.000000000e+00 2.229092322e-16
2.229092322e-16 2.783105210e-03 2.229092322e-16 1.253510730e-02 7.049008853e-04 2.229092322e-16
2.229092322e-16 2.229092322e-16 2.229092322e-16 7.049008853e-04 2.229092322e-16 2.229092322e-16

2.106112888e-16 2.106112888e-16 2.106112888e-16 2.106112888e-16 2.106112888e-16 2.641944237e-02
2.106112888e-16 2.106112888e-16 2.106112888e-16 2.106112888e-16 0.000000000e+00 2.106112888e-16
2.106112888e-16 2.106112888e-16 0.000000000e+00 0.000000000e+00 0.000000000e+00 8.004752010e-01
2.106112888e-16 2.106112888e-16 2.106112888e-16 0.000000000e+00 0.000000000e+00 2.106112888e-16
2.106112888e-16 1.668511718e-01 2.106112888e-16 2.106112888e-16 6.254184784e-03 2.106112888e-16
2.106112888e-16 2.106112888e-16 2.106112888e-16 2.106112888e-16 2.106112888e-16 2.106112888e-16

2.285936963e-16 2.285936963e-16 2.285936963e-16 2.285936963e-16 2.285936963e-16 1.411563406e-01
2.285936963e-16 2.854077873e-03 2.285936963e-16 2.285936963e-16 0.000000000e+00 2.285936963e-16
2.285936963e-16 2.285936963e-16 0.000000000e+00 0.000000000e+00 0.000000000e+00 5.882186018e-01
2.285936963e-16 2.285936963e-16 0.000000000e+00 0.000000000e+00 0.000000000e+00 2.285936963e-16
2.285936963e-16 2.663252262e-01 2.285936963e-16 2.285936963e-16 0.000000000e+00 2.285936963e-16
7.228767393e-04 2.285936963e-16 2.285936963e-16 2.285936963e-16 7.228767393e-04 2.285936963e-16

