2.311105086e-16 1.586205104e-01 7.308355983e-04 1.738229787e-03 2.311105086e-16 2.311105086e-16
1.979154681e-02 2.311105086e-16 6.652955132e-01 7.308355983e-04 0.000000000e+00 2.311105086e-16
1.738229787e-03 1.506234633e-01 2.311105086e-16 2.311105086e-16 2.311105086e-16 2.311105086e-16
2.311105086e-16 2.311105086e-16 2.311105086e-16 2.311105086e-16 2.311105086e-16 2.311105086e-16
7.308355983e-04 2.311105086e-16 2.311105086e-16 2.311105086e-16 2.311105086e-16 2.311105086e-16
2.311105086e-16 2.311105086e-16 2.311105086e-16 2.311105086e-16 2.311105086e-16 2.311105086e-16

2.108794951e-16 8.291313541e-01 2.108794951e-16 2.108794951e-16 2.108794951e-16 2.108794951e-16
1.335903875e-02 0.000000000e+00 1.350227358e-01 2.108794951e-16 0.000000000e+00 2.108794951e-16
2.108794951e-16 2.108794951e-16 7.592886416e-03 2.108794951e-16 0.000000000e+00 2.108794951e-16
2.108794951e-16 1.489398495e-02 2.108794951e-16 2.108794951e-16 2.108794951e-16 2.108794951e-16
2.108794951e-16 2.108794951e-16 2.108794951e-16 2.108794951e-16 2.108794951e-16 2.108794951e-16
2.108794951e-16 2.108794951e-16 2.108794951e-16 2.108794951e-16 2.108794951e-16 2.108794951e-16

2.276282881e-03 5.446138930e-01 7.155685474e-03 7.155685474e-03 5.413943595e-03 2.276282881e-03
1.701918416e-02 0.000000000e+00 9.029594206e-02 1.701918416e-02 0.000000000e+00 9.570590574e-04
1.491907422e-02 0.000000000e+00 7.857554173e-02 7.155685474e-03 0.000000000e+00 5.350122776e-02
5.413943595e-03 6.440746927e-02 1.917253742e-02 2.137545142e-02 0.000000000e+00 9.570590574e-04
5.413943595e-03 2.276282881e-03 2.276282881e-03 9.570590574e-04 2.276282881e-03 2.276282881e-03
3.778681662e-03 5.413943595e-03 7.155685474e-03 3.778681662e-03 3.778681662e-03 9.570590574e-04

1.826349940e-16 1.826349940e-16 1.826349940e-16 1.826349940e-16 1.826349940e-16 1.826349940e-16
1.826349940e-16 0.000000000e+00 1.826349940e-16 0.000000000e+00 0.000000000e+00 1.826349940e-16
9.002997540e-03 0.000000000e+00 9.881391936e-01 0.000000000e+00 0.000000000e+00 1.826349940e-16
1.826349940e-16 1.826349940e-16 2.280266270e-03 1.826349940e-16 0.000000000e+00 1.826349940e-16
1.826349940e-16 5.775425616e-04 1.826349940e-16 1.826349940e-16 1.826349940e-16 1.826349940e-16
1.826349940e-16 1.826349940e-16 1.826349940e-16 1.826349940e-16 1.826349940e-16 1.826349940e-16

