2.506265664e-13 2.506265664e-13 2.506265664e-13 2.506265664e-13 2.506265664e-13 2.506265664e-13
2.506265664e-13 2.506265664e-13 4.511278195e-02 2.506265664e-03 2.506265664e-13 2.506265664e-13
2.506265664e-13 3.007518797e-02 1.203007519e-01 2.506265664e-13 5.012531329e-03 2.506265664e-13
2.506265664e-13 2.506265664e-13 1.203007519e-01 5.664160401e-01 7.017543860e-02 2.506265664e-13
2.506265664e-13 2.506265664e-13 2.506265664e-13 4.010025063e-02 2.506265664e-13 2.506265664e-13
2.506265664e-13 2.506265664e-13 2.506265664e-13 2.506265664e-13 2.506265664e-13 2.506265664e-13

2.506265664e-13 2.506265664e-13 2.506265664e-13 2.506265664e-13 2.506265664e-13 2.506265664e-13
2.506265664e-13 2.506265664e-13 2.506265664e-13 1.353383459e-01 2.506265664e-13 2.506265664e-13
2.506265664e-13 0.000000000e+00 2.506265664e-13 0.000000000e+00 2.506265664e-13 2.506265664e-13
2.506265664e-13 2.506265664e-13 1.754385965e-02 7.593984962e-01 4.260651629e-02 2.506265664e-13
2.506265664e-13 2.506265664e-13 2.506265664e-13 4.511278195e-02 2.506265664e-13 2.506265664e-13
2.506265664e-13 2.506265664e-13 2.506265664e-13 2.506265664e-13 2.506265664e-13 2.506265664e-13

2.506265664e-13 2.506265664e-13 2.506265664e-13 0.000000000e+00 2.506265664e-13 2.506265664e-13
2.506265664e-13 2.506265664e-13 2.506265664e-13 2.756892231e-02 2.506265664e-13 2.506265664e-13
2.506265664e-13 0.000000000e+00 2.506265664e-13 0.000000000e+00 1.979949875e-01 1.253132832e-02
2.506265664e-03 3.007518797e-02 7.042606516e-01 0.000000000e+00 7.518796993e-03 2.506265664e-13
2.506265664e-13 2.506265664e-13 1.503759399e-02 2.506265664e-13 2.506265664e-13 2.506265664e-13
2.506265664e-13 2.506265664e-13 2.506265664e-03 2.506265664e-13 2.506265664e-13 2.506265664e-13

2.506265664e-13 2.506265664e-13 5.012531329e-03 0.000000000e+00 2.506265664e-13 2.506265664e-03
2.506265664e-03 2.506265664e-03 2.506265664e-13 9.022556391e-01 2.506265664e-13 2.506265664e-13
2.506265664e-03 0.000000000e+00 0.000000000e+00 0.000000000e+00 0.000000000e+00 2.506265664e-03
2.506265664e-03 2.506265664e-02 1.253132832e-02 0.000000000e+00 2.506265664e-03 2.506265664e-13
2.506265664e-13 2.506265664e-03 2.756892231e-02 2.506265664e-13 2.506265664e-13 2.506265664e-13
2.506265664e-13 2.506265664e-03 2.506265664e-03 2.506265664e-13 2.506265664e-03 2.506265664e-13

2.506265664e-03 2.506265664e-03 2.756892231e-02 0.000000000e+00 0.000000000e+00 2.506265664e-03
2.506265664e-03 2.506265664e-03 2.506265664e-03 8.847117794e-01 2.506265664e-13 7.518796993e-03
2.506265664e-03 0.000000000e+00 0.000000000e+00 0.000000000e+00 0.000000000e+00 5.012531329e-03
7.518796993e-03 1.754385965e-02 2.506265664e-03 0.000000000e+00 2.506265664e-03 2.506265664e-03
2.506265664e-13 2.506265664e-03 0.000000000e+00 2.506265664e-03 2.506265664e-03 2.506265664e-03
2.506265664e-03 5.012531329e-03 2.506265664e-13 2.506265664e-03 2.506265664e-03 2.506265664e-03

