2.764169529e-16 2.764169529e-16 2.764169529e-16 2.764169529e-16 2.764169529e-16 2.764169529e-16
2.764169529e-16 2.764169529e-16 1.801513874e-01 8.208309777e-03 2.764169529e-16 2.764169529e-16
2.764169529e-16 2.764169529e-16 2.580350779e-02 2.937996668e-01 1.191317154e-01 2.764169529e-16
2.764169529e-16 2.764169529e-16 1.644351257e-01 1.554406756e-02 1.929262196e-01 2.764169529e-16
2.764169529e-16 2.764169529e-16 2.764169529e-16 2.764169529e-16 2.764169529e-16 2.764169529e-16
2.764169529e-16 2.764169529e-16 2.764169529e-16 2.764169529e-16 2.764169529e-16 2.764169529e-16

1.782088925e-16 1.782088925e-16 1.782088925e-16 1.782088925e-16 1.782088925e-16 1.782088925e-16
1.782088925e-16 1.782088925e-16 9.986596542e-01 1.782088925e-16 0.000000000e+00 1.340345825e-03
1.782088925e-16 1.782088925e-16 1.782088925e-16 0.000000000e+00 1.782088925e-16 1.782088925e-16
1.782088925e-16 1.782088925e-16 1.782088925e-16 1.782088925e-16 1.782088925e-16 1.782088925e-16
1.782088925e-16 1.782088925e-16 1.782088925e-16 1.782088925e-16 1.782088925e-16 1.782088925e-16
1.782088925e-16 1.782088925e-16 1.782088925e-16 1.782088925e-16 1.782088925e-16 1.782088925e-16

2.089834080e-16 2.089834080e-16 2.089834080e-16 2.089834080e-16 2.089834080e-16 2.089834080e-16
2.089834080e-16 7.300001297e-01 2.089834080e-16 0.000000000e+00 0.000000000e+00 2.624752541e-01
2.089834080e-16 2.089834080e-16 2.089834080e-16 0.000000000e+00 0.000000000e+00 2.089834080e-16
2.089834080e-16 2.089834080e-16 7.524616269e-03 2.089834080e-16 2.089834080e-16 2.089834080e-16
2.089834080e-16 2.089834080e-16 2.089834080e-16 2.089834080e-16 2.089834080e-16 2.089834080e-16
2.089834080e-16 2.089834080e-16 2.089834080e-16 2.089834080e-16 2.089834080e-16 2.089834080e-16

2.414689324e-16 2.414689324e-16 2.414689324e-16 2.414689324e-16 2.414689324e-16 2.414689324e-16
4.176148032e-01 2.414689324e-16 0.000000000e+00 0.000000000e+00 0.000000000e+00 3.710096048e-01
2.414689324e-16 1.657299166e-01 0.000000000e+00 0.000000000e+00 0.000000000e+00 4.319527579e-03
2.414689324e-16 4.056255604e-02 2.414689324e-16 2.414689324e-16 2.414689324e-16 2.414689324e-16
2.414689324e-16 2.414689324e-16 2.414689324e-16 2.414689324e-16 2.414689324e-16 2.414689324e-16
2.414689324e-16 2.414689324e-16 2.414689324e-16 2.414689324e-16 2.414689324e-16 7.635918108e-04

