2.013554582e-16 2.013554582e-16 2.013554582e-16 1.130157818e-01 2.013554582e-16 2.013554582e-16
2.013554582e-16 2.013554582e-16 1.514435918e-03 2.013554582e-16 1.514435918e-03 2.013554582e-16
2.013554582e-16 2.013554582e-16 2.513998274e-03 8.786534285e-01 6.367418674e-04 2.013554582e-16
2.013554582e-16 2.013554582e-16 2.013554582e-16 1.514435918e-03 0.000000000e+00 6.367418674e-04
2.013554582e-16 2.013554582e-16 2.013554582e-16 2.013554582e-16 2.013554582e-16 2.013554582e-16
2.013554582e-16 2.013554582e-16 2.013554582e-16 2.013554582e-16 2.013554582e-16 2.013554582e-16

1.873184103e-16 1.873184103e-16 1.873184103e-16 1.186646383e-02 1.873184103e-16 1.873184103e-16
1.873184103e-16 1.873184103e-16 1.873184103e-16 0.000000000e+00 1.873184103e-16 1.873184103e-16
1.873184103e-16 1.873184103e-16 1.053368831e-02 9.742489943e-01 3.350853591e-03 1.873184103e-16
1.873184103e-16 1.873184103e-16 0.000000000e+00 1.873184103e-16 0.000000000e+00 1.873184103e-16
1.873184103e-16 1.873184103e-16 1.873184103e-16 1.873184103e-16 1.873184103e-16 1.873184103e-16
1.873184103e-16 1.873184103e-16 1.873184103e-16 1.873184103e-16 1.873184103e-16 1.873184103e-16

2.119556281e-16 2.119556281e-16 2.119556281e-16 7.631633451e-03 2.119556281e-16 2.119556281e-16
2.119556281e-16 2.119556281e-16 2.119556281e-16 0.000000000e+00 2.119556281e-16 2.119556281e-16
2.119556281e-16 2.119556281e-16 6.463715546e-01 2.119556281e-16 3.459968119e-01 2.119556281e-16
2.119556281e-16 2.119556281e-16 0.000000000e+00 0.000000000e+00 0.000000000e+00 2.119556281e-16
2.119556281e-16 0.000000000e+00 2.119556281e-16 2.119556281e-16 2.119556281e-16 2.119556281e-16
2.119556281e-16 2.119556281e-16 2.119556281e-16 2.119556281e-16 2.119556281e-16 2.119556281e-16

0.000000000e+00 0.000000000e+00 0.000000000e+00 0.000000000e+00 0.000000000e+00 0.000000000e+00
0.000000000e+00 0.000000000e+00 0.000000000e+00 0.000000000e+00 0.000000000e+00 0.000000000e+00
0.000000000e+00 0.000000000e+00 0.000000000e+00 0.000000000e+00 0.000000000e+00 0.000000000e+00
0.000000000e+00 0.000000000e+00 0.000000000e+00 0.000000000e+00 0.000000000e+00 0.000000000e+00
0.000000000e+00 0.000000000e+00 0.000000000e+00 0.000000000e+00 0.000000000e+00 0.000000000e+00
0.000000000e+00 0.000000000e+00 0.000000000e+00 0.000000000e+00 0.000000000e+00 0.000000000e+00

