2.506265664e-13 2.506265664e-13 2.506265664e-13 2.506265664e-13 2.506265664e-13 2.506265664e-13
2.506265664e-13 2.506265664e-13 5.012531329e-03 5.012531329e-03 1.253132832e-02 2.506265664e-13
2.506265664e-13 2.506265664e-03 7.518796993e-03 2.506265664e-13 0.000000000e+00 2.506265664e-13
2.506265664e-13 2.506265664e-13 2.506265664e-13 3.333333333e-01 6.340852130e-01 2.506265664e-13
2.506265664e-13 2.506265664e-13 2.506265664e-13 2.506265664e-13 2.506265664e-13 2.506265664e-13
2.506265664e-13 2.506265664e-13 2.506265664e-13 2.506265664e-13 2.506265664e-13 2.506265664e-13

2.506265664e-13 2.506265664e-13 2.506265664e-13 2.506265664e-13 5.012531329e-03 2.506265664e-13
2.506265664e-13 2.506265664e-13 5.012531329e-03 1.002506266e-02 0.000000000e+00 2.506265664e-13
2.506265664e-03 5.012531328e-02 2.506265664e-13 0.000000000e+00 0.000000000e+00 2.506265664e-13
2.506265664e-13 2.506265664e-13 2.506265664e-13 3.508771930e-02 8.922305764e-01 2.506265664e-13
2.506265664e-13 2.506265664e-13 2.506265664e-13 2.506265664e-13 2.506265664e-13 2.506265664e-13
2.506265664e-13 2.506265664e-13 2.506265664e-13 2.506265664e-13 2.506265664e-13 2.506265664e-13

3.759398496e-02 5.012531329e-03 4.260651629e-02 5.012531329e-03 5.012531329e-03 5.012531328e-02
4.260651629e-02 1.002506266e-02 2.005012531e-02 0.000000000e+00 0.000000000e+00 2.506265664e-03
3.082706767e-01 1.027568922e-01 0.000000000e+00 0.000000000e+00 0.000000000e+00 2.506265664e-03
1.253132832e-02 4.761904762e-02 2.756892231e-02 2.506265664e-03 3.007518797e-02 1.754385965e-02
5.012531329e-03 5.012531329e-03 4.511278195e-02 2.255639098e-02 3.508771930e-02 5.012531329e-03
5.012531329e-03 6.015037594e-02 1.503759399e-02 1.253132832e-02 5.012531329e-03 1.253132832e-02

