2.454900024e-16 2.454900024e-16 2.454900024e-16 2.454900024e-16 2.454900024e-16 2.454900024e-16
2.454900024e-16 2.454900024e-16 2.878223015e-02 7.763075505e-04 2.454900024e-16 2.454900024e-16
2.454900024e-16 1.733845389e-02 9.808110655e-02 2.454900024e-16 1.846380925e-03 2.454900024e-16
2.454900024e-16 2.454900024e-16 9.808110655e-02 6.802512666e-01 5.000130616e-02 2.454900024e-16
2.454900024e-16 2.454900024e-16 2.454900024e-16 2.484184161e-02 2.454900024e-16 2.454900024e-16
2.454900024e-16 2.454900024e-16 2.454900024e-16 2.454900024e-16 2.454900024e-16 2.454900024e-16

2.352909122e-16 2.352909122e-16 2.352909122e-16 2.352909122e-16 2.352909122e-16 2.352909122e-16
2.352909122e-16 2.352909122e-16 0.000000000e+00 2.352909122e-16 2.352909122e-16 2.352909122e-16
2.352909122e-16 1.490548150e-02 6.125664802e-01 0.000000000e+00 2.352909122e-16 1.835999121e-01
2.352909122e-16 2.352909122e-16 2.352909122e-16 2.196439409e-02 1.669637321e-01 2.352909122e-16
2.352909122e-16 2.352909122e-16 2.352909122e-16 2.352909122e-16 2.352909122e-16 2.352909122e-16
2.352909122e-16 2.352909122e-16 2.352909122e-16 2.352909122e-16 2.352909122e-16 2.352909122e-16

2.670032233e-16 2.670032233e-16 2.670032233e-16 2.008186295e-03 2.670032233e-16 2.670032233e-16
2.670032233e-16 2.670032233e-16 0.000000000e+00 4.432314595e-01 8.229003802e-02 2.670032233e-16
2.670032233e-16 2.670032233e-16 0.000000000e+00 0.000000000e+00 0.000000000e+00 1.316193195e-02
2.670032233e-16 2.008186295e-03 6.426196142e-02 4.252813121e-02 3.042077176e-01 2.008186295e-03
2.670032233e-16 2.008186295e-03 3.349334365e-02 4.776298860e-03 2.008186295e-03 2.670032233e-16
2.670032233e-16 2.670032233e-16 2.670032233e-16 2.008186295e-03 2.670032233e-16 2.670032233e-16

1.723555557e-03 2.291594612e-16 0.000000000e+00 2.291594612e-16 2.291594612e-16 2.861141660e-03
5.418140940e-03 8.411449404e-01 0.000000000e+00 0.000000000e+00 9.749902579e-03 1.723555557e-03
2.291594612e-16 1.723555557e-03 0.000000000e+00 0.000000000e+00 0.000000000e+00 4.099329064e-03
2.291594612e-16 1.723555557e-03 2.861141660e-03 8.446045851e-02 5.418140940e-03 1.723555557e-03
1.723555557e-03 8.251071348e-03 2.291594612e-16 4.099329064e-03 4.099329064e-03 2.291594612e-16
2.861141660e-03 1.723555557e-03 2.291594612e-16 9.749902579e-03 2.291594612e-16 2.861141660e-03

7.156803891e-04 2.825665085e-03 0.000000000e+00 7.156803891e-04 2.263180106e-16 1.702184422e-03
2.263180106e-16 8.197221229e-01 0.000000000e+00 0.000000000e+00 3.217312419e-02 7.156803891e-04
7.156803891e-04 7.156803891e-04 0.000000000e+00 0.000000000e+00 0.000000000e+00 7.156803891e-04
2.263180106e-16 0.000000000e+00 1.702184422e-03 9.515500191e-02 2.838972058e-02 7.156803891e-04
1.702184422e-03 5.350958988e-03 0.000000000e+00 1.702184422e-03 1.702184422e-03 7.156803891e-04
7.156803891e-04 7.156803891e-04 2.263180106e-16 7.156803891e-04 2.263180106e-16 2.263180106e-16

