7.543461104e-04 7.543461104e-04 7.543461104e-04 1.794147523e-03 7.543461104e-04 1.794147523e-03
7.543461104e-04 7.543461104e-04 3.190495599e-02 3.391132614e-02 8.589011917e-03 7.543461104e-04
7.543461104e-04 7.543461104e-04 3.594173239e-02 8.332624002e-01 5.640052683e-03 7.543461104e-04
7.543461104e-04 5.640052683e-03 1.014923104e-02 0.000000000e+00 1.014923104e-02 7.543461104e-04
7.543461104e-04 7.543461104e-04 1.794147523e-03 7.543461104e-04 7.543461104e-04 7.543461104e-04
7.543461104e-04 7.543461104e-04 7.543461104e-04 1.794147523e-03 1.794147523e-03 7.543461104e-04

7.737875801e-04 7.737875801e-04 7.737875801e-04 7.737875801e-04 7.737875801e-04 0.000000000e+00
7.737875801e-04 7.737875801e-04 5.785411574e-03 3.686804473e-02 7.266258059e-03 7.737875801e-04
7.737875801e-04 7.737875801e-04 1.041080324e-02 3.055085177e-03 0.000000000e+00 7.807687205e-01
7.737875801e-04 1.840387391e-03 7.737875801e-04 0.000000000e+00 1.910077308e-02 7.061125163e-02
1.840387391e-03 7.737875801e-04 4.542955049e-02 7.737875801e-04 7.737875801e-04 7.737875801e-04
7.737875801e-04 7.737875801e-04 7.737875801e-04 7.737875801e-04 7.737875801e-04 7.737875801e-04

6.324720516e-04 2.000052239e-16 2.000052239e-16 2.000052239e-16 6.324720516e-04 0.000000000e+00
2.000052239e-16 6.324720516e-04 2.000052239e-16 6.324720516e-04 1.504280528e-03 0.000000000e+00
6.324720516e-04 2.000052239e-16 2.497140093e-03 6.324720516e-04 0.000000000e+00 9.369995716e-01
2.000052239e-16 1.504280528e-03 2.000052239e-16 0.000000000e+00 1.504280528e-03 4.626402952e-02
1.504280528e-03 6.324720516e-04 0.000000000e+00 2.000052239e-16 6.324720516e-04 6.324720516e-04
6.324720516e-04 2.000052239e-16 6.324720516e-04 6.324720516e-04 6.324720516e-04 2.000052239e-16

2.003228046e-16 2.003228046e-16 2.003228046e-16 2.003228046e-16 6.334763298e-04 0.000000000e+00
2.003228046e-16 6.334763298e-04 2.003228046e-16 2.003228046e-16 1.506669117e-03 0.000000000e+00
6.334763298e-04 2.003228046e-16 7.212784252e-03 2.003228046e-16 0.000000000e+00 9.384873974e-01
6.334763298e-04 6.334763298e-04 2.003228046e-16 0.000000000e+00 3.898837163e-02 6.334763298e-04
1.506669117e-03 3.583483268e-03 0.000000000e+00 1.506669117e-03 0.000000000e+00 1.506669117e-03
2.003228046e-16 0.000000000e+00 6.334763298e-04 6.334763298e-04 6.334763298e-04 2.003228046e-16

2.288457423e-16 2.288457423e-16 2.288457423e-16 2.288457423e-16 7.236737787e-04 0.000000000e+00
2.288457423e-16 7.236737787e-04 7.236737787e-04 2.288457423e-16 7.236737787e-04 0.000000000e+00
1.721196013e-03 2.288457423e-16 0.000000000e+00 7.236737787e-04 0.000000000e+00 5.785181053e-01
7.236737787e-04 2.288457423e-16 2.288457423e-16 0.000000000e+00 1.721196013e-03 7.236737787e-04
2.288457423e-16 3.578597742e-01 0.000000000e+00 2.857224762e-03 0.000000000e+00 2.288457423e-16
0.000000000e+00 0.000000000e+00 2.288457423e-16 5.080943963e-02 7.236737787e-04 7.236737787e-04

