2.501923550e-16 2.501923550e-16 2.501923550e-16 2.501923550e-16 2.501923550e-16 2.501923550e-16
2.501923550e-16 2.501923550e-16 3.346274235e-02 7.911776949e-04 0.000000000e+00 2.501923550e-16
2.501923550e-16 1.406935004e-02 1.717171551e-01 2.659259129e-01 2.501923550e-16 2.501923550e-16
2.501923550e-16 4.475576905e-03 1.953004416e-02 4.892368632e-01 7.911776949e-04 2.501923550e-16
2.501923550e-16 2.501923550e-16 2.501923550e-16 2.501923550e-16 2.501923550e-16 2.501923550e-16
2.501923550e-16 2.501923550e-16 2.501923550e-16 2.501923550e-16 2.501923550e-16 2.501923550e-16

1.878509504e-16 5.940368639e-04 1.878509504e-16 1.878509504e-16 5.940368639e-04 1.878509504e-16
1.878509504e-16 0.000000000e+00 1.878509504e-16 1.878509504e-16 0.000000000e+00 1.878509504e-16
1.878509504e-16 1.878509504e-16 5.940368639e-04 5.940368639e-04 0.000000000e+00 1.878509504e-16
1.878509504e-16 9.704922496e-01 1.878509504e-16 1.412865730e-03 2.512470037e-02 1.878509504e-16
1.878509504e-16 5.940368639e-04 1.878509504e-16 1.878509504e-16 1.878509504e-16 1.878509504e-16
1.878509504e-16 1.878509504e-16 1.878509504e-16 1.878509504e-16 1.878509504e-16 1.878509504e-16

6.435527574e-04 6.435527574e-04 2.035092508e-16 6.435527574e-04 3.640484150e-03 2.035092508e-16
6.435527574e-04 0.000000000e+00 6.435527574e-04 6.435527574e-04 0.000000000e+00 2.035092508e-16
6.435527574e-04 0.000000000e+00 6.435527574e-04 2.035092508e-16 0.000000000e+00 2.035092508e-16
2.035092508e-16 8.948883334e-01 2.035092508e-16 3.640484150e-03 0.000000000e+00 2.035092508e-16
2.035092508e-16 1.530635036e-03 2.035092508e-16 6.435527574e-04 8.986453573e-02 2.035092508e-16
2.035092508e-16 2.035092508e-16 2.035092508e-16 2.035092508e-16 6.435527574e-04 2.035092508e-16

6.654194972e-04 1.333019118e-02 6.654194972e-04 2.104241210e-16 6.654194972e-04 2.104241210e-16
2.104241210e-16 0.000000000e+00 6.654194972e-04 0.000000000e+00 0.000000000e+00 6.654194972e-04
2.104241210e-16 0.000000000e+00 8.342642648e-01 0.000000000e+00 0.000000000e+00 2.104241210e-16
2.104241210e-16 2.104241210e-16 2.104241210e-16 3.764181110e-03 0.000000000e+00 6.654194972e-04
2.104241210e-16 1.419871679e-01 2.104241210e-16 6.654194972e-04 6.654194972e-04 2.104241210e-16
2.104241210e-16 6.654194972e-04 2.104241210e-16 2.104241210e-16 6.654194972e-04 2.104241210e-16

