2.928896217e-16 2.928896217e-16 5.239368833e-03 5.239368833e-03 2.928896217e-16 5.239368833e-03
2.928896217e-16 2.202883235e-03 1.942538360e-01 1.443800274e-02 9.261983078e-04 2.202883235e-03
2.250661888e-01 1.139793840e-01 2.928896217e-16 0.000000000e+00 9.261983078e-04 2.202883235e-03
2.928896217e-16 2.202883235e-03 2.250661888e-01 1.676598027e-01 2.202883235e-03 2.928896217e-16
2.928896217e-16 2.928896217e-16 2.928896217e-16 2.928896217e-16 2.928896217e-16 2.928896217e-16
2.928896217e-16 2.202883235e-03 2.202883235e-03 2.068619150e-02 3.656836571e-03 2.202883235e-03

2.538567444e-16 1.909308916e-03 8.027655117e-04 4.819303697e-01 2.538567444e-16 1.608161136e-02
1.909308916e-03 2.538567444e-16 0.000000000e+00 3.900430977e-01 6.109788532e-02 3.169496485e-03
9.140316960e-03 4.541127496e-03 0.000000000e+00 0.000000000e+00 6.002072147e-03 3.169496485e-03
2.538567444e-16 2.538567444e-16 8.027655117e-04 1.909308916e-03 1.909308916e-03 1.909308916e-03
1.909308916e-03 2.538567444e-16 8.027655117e-04 2.538567444e-16 2.538567444e-16 1.909308916e-03
3.169496485e-03 3.169496485e-03 2.538567444e-16 1.909308916e-03 8.027655117e-04 2.538567444e-16

4.184981359e-03 5.996073512e-03 1.059966060e-03 3.733146918e-01 0.000000000e+00 6.223126719e-02
9.953619217e-03 4.184981359e-03 0.000000000e+00 2.870463336e-02 6.827150845e-02 4.184981359e-03
5.996073512e-03 1.206881165e-02 0.000000000e+00 0.000000000e+00 8.067322754e-02 1.884915820e-02
5.996073512e-03 6.523740308e-02 2.123404904e-02 1.206881165e-02 0.000000000e+00 5.996073512e-03
2.123404904e-02 1.059966060e-03 1.884915820e-02 5.996073512e-03 2.521038361e-03 5.996073512e-03
1.884915820e-02 1.235400013e-01 2.521038361e-03 2.521038361e-03 4.184981359e-03 2.521038361e-03

