1.954249276e-03 1.105490332e-02 1.954249276e-03 1.065215716e-01 2.598318976e-16 2.598318976e-16
2.598318976e-16 0.000000000e+00 2.598318976e-16 5.529552203e-02 2.598318976e-16 2.598318976e-16
1.835139244e-02 1.835139244e-02 4.932738060e-01 2.761716464e-01 2.598318976e-16 2.598318976e-16
2.598318976e-16 2.598318976e-16 7.715810060e-03 2.598318976e-16 2.598318976e-16 2.598318976e-16
9.355457176e-03 2.598318976e-16 2.598318976e-16 2.598318976e-16 2.598318976e-16 2.598318976e-16
2.598318976e-16 2.598318976e-16 2.598318976e-16 2.598318976e-16 2.598318976e-16 2.598318976e-16

7.035990174e-04 7.035990174e-04 2.777965147e-03 9.466462263e-03 2.224975454e-16 7.035990174e-04
2.224975454e-16 0.000000000e+00 0.000000000e+00 7.035990174e-04 7.035990174e-04 8.602065481e-01
6.607151835e-03 8.011203693e-03 0.000000000e+00 2.428769922e-02 1.251195645e-02 2.224975454e-16
2.224975454e-16 7.035990174e-04 2.777965147e-03 7.035990174e-04 7.035990174e-04 6.420626092e-02
7.035990174e-04 2.224975454e-16 7.035990174e-04 2.224975454e-16 2.224975454e-16 7.035990174e-04
7.035990174e-04 2.224975454e-16 2.224975454e-16 2.224975454e-16 2.224975454e-16 7.035990174e-04

9.059196735e-04 2.154652243e-03 1.218855369e-02 1.218855369e-02 9.059196735e-04 1.031483395e-02
2.154652243e-03 0.000000000e+00 0.000000000e+00 3.576772020e-03 9.059196735e-04 1.768991850e-01
4.994539350e-01 0.000000000e+00 0.000000000e+00 9.975283806e-02 5.124655554e-03 0.000000000e+00
9.059196735e-04 9.059196735e-04 6.894887176e-02 3.576772020e-03 9.059196735e-04 6.894887176e-02
8.507045470e-03 3.576772020e-03 5.124655554e-03 9.059196735e-04 9.059196735e-04 3.576772020e-03
9.059196735e-04 9.059196735e-04 9.059196735e-04 2.154652243e-03 9.059196735e-04 9.059196735e-04

8.175576397e-03 0.000000000e+00 1.944490724e-02 7.944772640e-02 3.437406442e-03 2.070698232e-03
8.706213604e-04 0.000000000e+00 0.000000000e+00 1.357164387e-02 8.706213604e-04 1.333719042e-01
6.141455641e-01 0.000000000e+00 0.000000000e+00 3.913843326e-02 2.149109325e-02 0.000000000e+00
8.706213604e-04 0.000000000e+00 1.744095151e-02 6.509412950e-03 8.706213604e-04 2.149109325e-02
2.070698232e-03 8.706213604e-04 3.437406442e-03 8.706213604e-04 8.706213604e-04 8.706213604e-04
8.706213604e-04 3.437406442e-03 8.706213604e-04 8.706213604e-04 8.706213604e-04 8.706213604e-04

8.624337262e-04 0.000000000e+00 3.405079845e-03 9.496450330e-02 2.051224647e-03 9.819701394e-03
0.000000000e+00 0.000000000e+00 0.000000000e+00 4.878661888e-03 2.051224647e-03 2.759787923e-02
2.524268504e-01 0.000000000e+00 0.000000000e+00 5.294035916e-01 6.448196106e-03 0.000000000e+00
6.448196106e-03 0.000000000e+00 0.000000000e+00 1.344401129e-02 4.878661888e-03 1.344401129e-02
2.051224647e-03 3.405079845e-03 8.624337262e-04 8.624337262e-04 8.624337262e-04 3.405079845e-03
8.624337262e-04 8.098690356e-03 4.878661888e-03 8.624337262e-04 8.624337262e-04 8.624337262e-04

