2.537662474e-16 2.537662474e-16 4.962254058e-01 8.072514741e-02 2.537662474e-16 2.537662474e-16
8.024793352e-04 1.079683194e-02 2.537662474e-16 4.938994730e-02 2.537662474e-16 2.537662474e-16
1.908628270e-03 2.537662474e-16 2.858740366e-01 7.076393641e-02 2.537662474e-16 2.537662474e-16
2.537662474e-16 2.537662474e-16 1.908628270e-03 2.537662474e-16 2.537662474e-16 8.024793352e-04
8.024793352e-04 2.537662474e-16 2.537662474e-16 0.000000000e+00 2.537662474e-16 2.537662474e-16
2.537662474e-16 2.537662474e-16 2.537662474e-16 2.537662474e-16 2.537662474e-16 2.537662474e-16

2.266385833e-16 2.266385833e-16 1.600701693e-02 6.730121578e-03 2.266385833e-16 2.266385833e-16
2.266385833e-16 5.358538461e-03 0.000000000e+00 2.266385833e-16 2.115669965e-02 2.266385833e-16
2.266385833e-16 2.266385833e-16 3.668432355e-01 5.831876938e-01 2.266385833e-16 2.266385833e-16
2.266385833e-16 2.266385833e-16 2.266385833e-16 0.000000000e+00 2.266385833e-16 7.166941290e-04
2.266385833e-16 2.266385833e-16 2.266385833e-16 0.000000000e+00 2.266385833e-16 2.266385833e-16
2.266385833e-16 2.266385833e-16 2.266385833e-16 2.266385833e-16 2.266385833e-16 2.266385833e-16

7.936404088e-04 7.452686195e-03 6.193808840e-01 5.933846090e-03 1.887605642e-03 7.936404088e-04
1.067791000e-02 7.936404088e-04 0.000000000e+00 0.000000000e+00 1.887605642e-03 7.936404088e-04
7.936404088e-04 1.411314398e-02 9.507603497e-02 2.261301945e-01 7.936404088e-04 7.936404088e-04
7.936404088e-04 7.936404088e-04 0.000000000e+00 0.000000000e+00 7.936404088e-04 7.936404088e-04
7.936404088e-04 7.936404088e-04 7.936404088e-04 0.000000000e+00 7.936404088e-04 7.936404088e-04
7.936404088e-04 7.936404088e-04 7.936404088e-04 7.936404088e-04 7.936404088e-04 7.936404088e-04

