2.557982428e-16 1.260958210e-02 8.089050687e-04 4.575858075e-03 1.266896471e-01 8.089050687e-04
2.557982428e-16 2.557982428e-16 8.089050687e-04 6.698302330e-01 2.557982428e-16 5.916974179e-02
8.089050687e-04 2.557982428e-16 6.047976043e-03 7.133056807e-02 0.000000000e+00 9.210222177e-03
8.089050687e-04 2.557982428e-16 3.193736820e-03 2.190572349e-02 8.089050687e-04 8.089050687e-04
2.557982428e-16 2.557982428e-16 2.557982428e-16 2.557982428e-16 8.089050687e-04 3.193736820e-03
2.557982428e-16 2.557982428e-16 1.923911326e-03 1.923911326e-03 1.923911326e-03 2.557982428e-16

2.051484292e-16 2.051484292e-16 2.051484292e-16 6.487362948e-04 2.561354936e-03 4.365818666e-02
2.051484292e-16 2.051484292e-16 2.051484292e-16 8.711683642e-01 0.000000000e+00 2.051484292e-16
2.051484292e-16 2.051484292e-16 2.051484292e-16 0.000000000e+00 0.000000000e+00 8.196335795e-02
2.051484292e-16 2.051484292e-16 2.051484292e-16 2.051484292e-16 2.051484292e-16 2.051484292e-16
2.051484292e-16 2.051484292e-16 2.051484292e-16 2.051484292e-16 2.051484292e-16 2.051484292e-16
2.051484292e-16 2.051484292e-16 2.051484292e-16 2.051484292e-16 2.051484292e-16 2.051484292e-16

2.364365034e-03 3.924900052e-03 9.940930409e-04 9.071501747e-02 3.685680330e-02 1.455188431e-01
9.940930409e-04 2.364365034e-03 3.431533043e-02 0.000000000e+00 0.000000000e+00 0.000000000e+00
9.940930409e-04 9.940930409e-04 1.941168228e-01 0.000000000e+00 0.000000000e+00 2.909623867e-01
9.940930409e-04 9.940930409e-04 1.991443044e-02 9.940930409e-04 7.862659315e-02 9.940930409e-04
2.364365034e-03 9.940930409e-04 9.940930409e-04 5.557149038e-02 7.432579085e-03 2.364365034e-03
2.364365034e-03 9.940930409e-04 9.940930409e-04 1.337486839e-02 9.940930409e-04 3.924900052e-03

