2.554020676e-16 8.076522528e-04 2.554020676e-16 7.584264521e-03 8.076522528e-04 2.554020676e-16
2.554020676e-16 2.554020676e-16 8.076522528e-04 1.902209178e-01 8.076522528e-04 8.076522528e-04
8.076522528e-04 2.554020676e-16 2.618030028e-01 2.554020676e-16 4.812375630e-01 1.993671493e-02
8.076522528e-04 2.554020676e-16 6.038609059e-03 2.187179634e-02 8.076522528e-04 2.554020676e-16
8.076522528e-04 2.554020676e-16 2.554020676e-16 8.076522528e-04 2.554020676e-16 2.554020676e-16
8.076522528e-04 8.076522528e-04 8.076522528e-04 8.076522528e-04 2.554020676e-16 2.554020676e-16

2.166107362e-16 6.849832921e-04 2.166107362e-16 9.215999917e-03 2.166107362e-16 2.166107362e-16
2.166107362e-16 2.166107362e-16 6.849832921e-04 6.432340728e-03 2.166107362e-16 2.166107362e-16
2.166107362e-16 2.166107362e-16 8.766611514e-01 0.000000000e+00 7.799244376e-03 3.874850647e-03
6.849832921e-04 2.166107362e-16 2.166107362e-16 5.831295286e-02 0.000000000e+00 2.166107362e-16
6.849832921e-04 2.166107362e-16 7.799244376e-03 6.849832921e-04 2.166107362e-16 2.166107362e-16
2.166107362e-16 3.874850647e-03 2.191946535e-02 2.166107362e-16 6.849832921e-04 2.166107362e-16

1.773306804e-16 1.773306804e-16 1.773306804e-16 1.773306804e-16 1.773306804e-16 1.773306804e-16
1.773306804e-16 1.773306804e-16 1.773306804e-16 1.773306804e-16 0.000000000e+00 1.773306804e-16
1.773306804e-16 1.773306804e-16 1.000000000e+00 0.000000000e+00 1.773306804e-16 1.773306804e-16
1.773306804e-16 1.773306804e-16 0.000000000e+00 1.773306804e-16 0.000000000e+00 1.773306804e-16
1.773306804e-16 1.773306804e-16 1.773306804e-16 1.773306804e-16 1.773306804e-16 1.773306804e-16
1.773306804e-16 1.773306804e-16 1.773306804e-16 1.773306804e-16 1.773306804e-16 1.773306804e-16

1.782088925e-16 1.782088925e-16 1.782088925e-16 1.782088925e-16 1.782088925e-16 1.782088925e-16
1.782088925e-16 1.782088925e-16 1.340345825e-03 1.782088925e-16 0.000000000e+00 1.782088925e-16
1.782088925e-16 0.000000000e+00 9.986596542e-01 0.000000000e+00 0.000000000e+00 1.782088925e-16
1.782088925e-16 1.782088925e-16 0.000000000e+00 1.782088925e-16 0.000000000e+00 1.782088925e-16
1.782088925e-16 1.782088925e-16 1.782088925e-16 1.782088925e-16 1.782088925e-16 1.782088925e-16
1.782088925e-16 1.782088925e-16 1.782088925e-16 1.782088925e-16 1.782088925e-16 1.782088925e-16

