2.145498134e-16 2.145498134e-16 6.784660820e-04 6.784660820e-04 2.145498134e-16 2.145498134e-16
2.145498134e-16 2.145498134e-16 2.145498134e-16 2.145498134e-16 2.145498134e-16 6.784660820e-04
2.145498134e-16 2.145498134e-16 2.145498134e-16 2.145498134e-16 2.145498134e-16 6.677174746e-01
6.784660820e-04 2.145498134e-16 2.145498134e-16 2.145498134e-16 6.371140817e-03 2.145498134e-16
2.145498134e-16 2.145498134e-16 2.145498134e-16 2.145498134e-16 2.145498134e-16 3.209053807e-01
2.145498134e-16 2.145498134e-16 6.784660820e-04 2.145498134e-16 2.145498134e-16 1.613673384e-03

2.245188989e-16 2.245188989e-16 2.245188989e-16 2.245188989e-16 2.245188989e-16 2.245188989e-16
2.245188989e-16 2.245188989e-16 2.245188989e-16 2.245188989e-16 2.245188989e-16 2.245188989e-16
2.245188989e-16 2.245188989e-16 0.000000000e+00 7.099910984e-04 4.016316162e-03 2.908267118e-01
2.245188989e-16 2.245188989e-16 2.245188989e-16 6.428547908e-01 2.245188989e-16 0.000000000e+00
2.245188989e-16 2.245188989e-16 2.245188989e-16 2.245188989e-16 4.016316162e-03 5.615589179e-02
2.245188989e-16 7.099910984e-04 2.245188989e-16 2.245188989e-16 2.245188989e-16 7.099910984e-04

2.099705654e-16 6.639852283e-04 6.639852283e-04 2.621561112e-03 2.099705654e-16 2.099705654e-16
2.099705654e-16 2.099705654e-16 2.099705654e-16 6.639852283e-04 2.099705654e-16 2.099705654e-16
2.099705654e-16 2.099705654e-16 0.000000000e+00 3.756067660e-03 1.579231915e-03 8.532600004e-01
2.099705654e-16 2.099705654e-16 0.000000000e+00 2.984918901e-02 0.000000000e+00 0.000000000e+00
2.099705654e-16 2.099705654e-16 2.099705654e-16 2.099705654e-16 6.639852283e-04 1.062780090e-01
2.099705654e-16 2.099705654e-16 2.099705654e-16 2.099705654e-16 2.099705654e-16 2.099705654e-16

9.074069780e-04 3.582644228e-03 3.582644228e-03 8.521012014e-03 9.074069780e-04 9.074069780e-04
9.074069780e-04 9.074069780e-04 0.000000000e+00 2.158189669e-03 9.074069780e-04 9.074069780e-04
9.074069780e-04 3.582644228e-03 0.000000000e+00 0.000000000e+00 2.376430834e-01 3.641529458e-01
9.074069780e-04 9.074069780e-04 0.000000000e+00 1.421168864e-01 0.000000000e+00 0.000000000e+00
9.074069780e-04 9.074069780e-04 9.074069780e-04 9.074069780e-04 6.370942465e-02 4.079211591e-02
2.158189669e-03 1.116668941e-01 9.074069780e-04 9.074069780e-04 9.074069780e-04 9.074069780e-04

1.803180561e-16 1.803180561e-16 1.803180561e-16 1.803180561e-16 1.803180561e-16 1.803180561e-16
1.803180561e-16 1.803180561e-16 0.000000000e+00 1.803180561e-16 1.803180561e-16 5.702157605e-04
1.803180561e-16 1.803180561e-16 0.000000000e+00 0.000000000e+00 1.803180561e-16 0.000000000e+00
1.803180561e-16 1.803180561e-16 0.000000000e+00 9.945962113e-01 0.000000000e+00 0.000000000e+00
1.803180561e-16 1.803180561e-16 1.803180561e-16 1.803180561e-16 4.263357212e-03 1.803180561e-16
1.803180561e-16 5.702157605e-04 0.000000000e+00 1.803180561e-16 1.803180561e-16 1.803180561e-16

2.013512304e-16 2.013512304e-16 2.013512304e-16 2.013512304e-16 2.013512304e-16 2.013512304e-16
2.013512304e-16 2.013512304e-16 0.000000000e+00 2.013512304e-16 0.000000000e+00 2.013512304e-16
2.013512304e-16 2.013512304e-16 0.000000000e+00 0.000000000e+00 0.000000000e+00 0.000000000e+00
2.013512304e-16 2.013512304e-16 0.000000000e+00 8.820156433e-01 0.000000000e+00 0.000000000e+00
2.013512304e-16 2.013512304e-16 2.013512304e-16 2.013512304e-16 9.105402005e-02 2.013512304e-16
2.013512304e-16 2.693033664e-02 0.000000000e+00 2.013512304e-16 2.013512304e-16 2.013512304e-16

