2.506265664e-13 2.506265664e-13 2.506265664e-13 2.506265664e-13 2.506265664e-13 2.506265664e-13
2.506265664e-13 2.506265664e-13 1.253132832e-01 2.506265664e-13 2.506265664e-13 2.506265664e-13
2.506265664e-13 6.265664160e-02 2.330827068e-01 1.203007519e-01 2.506265664e-13 2.506265664e-13
2.506265664e-13 5.012531329e-03 2.506265664e-13 3.508771930e-01 3.508771930e-02 2.506265664e-13
2.506265664e-13 2.506265664e-03 5.012531329e-03 6.015037594e-02 2.506265664e-13 2.506265664e-13
2.506265664e-13 2.506265664e-13 2.506265664e-13 2.506265664e-13 2.506265664e-13 2.506265664e-13

2.506265664e-13 2.506265664e-13 2.506265664e-13 2.506265664e-13 2.506265664e-13 2.506265664e-13
2.506265664e-13 2.506265664e-13 2.506265664e-13 2.506265664e-13 2.506265664e-13 2.506265664e-13
2.506265664e-13 1.127819549e-01 4.761904762e-02 0.000000000e+00 2.506265664e-13 2.506265664e-13
1.002506266e-02 2.506265664e-13 0.000000000e+00 7.844611529e-01 1.754385965e-02 2.506265664e-13
2.506265664e-13 5.012531329e-03 2.506265664e-13 2.255639098e-02 2.506265664e-13 2.506265664e-13
2.506265664e-13 2.506265664e-13 2.506265664e-13 2.506265664e-13 2.506265664e-13 2.506265664e-13

2.506265664e-03 2.506265664e-13 2.506265664e-03 2.506265664e-03 2.506265664e-03 2.506265664e-13
2.506265664e-13 2.506265664e-03 2.506265664e-03 7.518796992e-02 2.506265664e-13 2.506265664e-13
2.506265664e-13 5.012531329e-03 5.012531329e-03 0.000000000e+00 2.506265664e-13 2.506265664e-13
2.506265664e-13 0.000000000e+00 0.000000000e+00 0.000000000e+00 2.506265664e-03 2.506265664e-13
2.506265664e-13 2.506265664e-03 5.012531329e-03 8.822055138e-01 2.506265664e-13 2.506265664e-13
2.506265664e-13 2.506265664e-13 2.506265664e-13 5.012531329e-03 2.506265664e-03 2.506265664e-13

2.506265664e-13 2.506265664e-13 2.506265664e-13 2.506265664e-13 2.506265664e-13 2.506265664e-13
2.506265664e-13 2.506265664e-13 1.754385965e-02 1.654135338e-01 2.506265664e-13 2.506265664e-13
2.506265664e-13 4.260651629e-02 2.506265664e-13 0.000000000e+00 2.506265664e-13 2.506265664e-13
0.000000000e+00 0.000000000e+00 0.000000000e+00 0.000000000e+00 2.506265664e-13 2.506265664e-13
2.506265664e-13 2.506265664e-13 1.253132832e-02 0.000000000e+00 2.506265664e-13 2.506265664e-13
2.506265664e-13 2.756892231e-02 2.506265664e-13 7.343358396e-01 2.506265664e-13 2.506265664e-13

