2.454830391e-16 2.454830391e-16 7.762855307e-04 2.955248311e-01 5.011734712e-01 2.454830391e-16
2.454830391e-16 2.454830391e-16 2.454830391e-16 2.454830391e-16 7.762855307e-04 1.405226913e-01
1.846328553e-03 2.454830391e-16 2.454830391e-16 2.454830391e-16 2.454830391e-16 4.999988788e-02
1.846328553e-03 2.454830391e-16 2.454830391e-16 0.000000000e+00 2.454830391e-16 1.846328553e-03
2.454830391e-16 2.454830391e-16 2.454830391e-16 2.454830391e-16 7.762855307e-04 3.064947641e-03
2.454830391e-16 2.454830391e-16 1.846328553e-03 2.454830391e-16 2.454830391e-16 2.454830391e-16

2.197017715e-16 2.197017715e-16 2.197017715e-16 7.910539597e-03 3.310258503e-02 0.000000000e+00
2.197017715e-16 2.197017715e-16 2.197017715e-16 2.197017715e-16 6.803067034e-01 2.197017715e-16
2.197017715e-16 2.197017715e-16 2.197017715e-16 2.197017715e-16 0.000000000e+00 2.759371131e-01
2.197017715e-16 2.197017715e-16 2.197017715e-16 0.000000000e+00 2.197017715e-16 2.743058863e-03
2.197017715e-16 2.197017715e-16 2.197017715e-16 2.197017715e-16 2.197017715e-16 2.197017715e-16
2.197017715e-16 2.197017715e-16 2.197017715e-16 2.197017715e-16 2.197017715e-16 2.197017715e-16

2.089722851e-16 2.089722851e-16 2.089722851e-16 6.608283887e-04 1.631240074e-02 0.000000000e+00
2.089722851e-16 2.089722851e-16 2.089722851e-16 2.089722851e-16 2.281128987e-02 0.000000000e+00
2.089722851e-16 2.089722851e-16 2.089722851e-16 2.089722851e-16 0.000000000e+00 8.492032762e-01
2.089722851e-16 2.089722851e-16 2.089722851e-16 0.000000000e+00 2.089722851e-16 2.089722851e-16
2.089722851e-16 6.608283887e-04 0.000000000e+00 2.089722851e-16 2.089722851e-16 2.089722851e-16
2.089722851e-16 2.089722851e-16 1.103513764e-01 2.089722851e-16 2.089722851e-16 2.089722851e-16

1.922829150e-16 1.922829150e-16 1.922829150e-16 6.080519667e-04 1.446199450e-03 0.000000000e+00
1.922829150e-16 1.922829150e-16 1.922829150e-16 1.922829150e-16 2.400724175e-03 0.000000000e+00
1.922829150e-16 1.922829150e-16 1.922829150e-16 1.922829150e-16 0.000000000e+00 9.601219768e-01
6.080519667e-04 1.922829150e-16 1.922829150e-16 0.000000000e+00 6.080519667e-04 1.922829150e-16
9.478592099e-03 6.080519667e-04 0.000000000e+00 1.922829150e-16 0.000000000e+00 1.922829150e-16
1.922829150e-16 0.000000000e+00 2.412029964e-02 1.922829150e-16 1.922829150e-16 1.922829150e-16

1.816472809e-16 1.816472809e-16 1.816472809e-16 1.816472809e-16 5.744191385e-04 0.000000000e+00
1.816472809e-16 1.816472809e-16 1.816472809e-16 1.816472809e-16 1.816472809e-16 0.000000000e+00
1.816472809e-16 1.816472809e-16 0.000000000e+00 1.816472809e-16 0.000000000e+00 1.816472809e-16
5.744191385e-04 1.816472809e-16 1.816472809e-16 0.000000000e+00 1.816472809e-16 1.816472809e-16
3.249405345e-03 9.923523510e-01 0.000000000e+00 1.816472809e-16 0.000000000e+00 1.816472809e-16
0.000000000e+00 0.000000000e+00 1.816472809e-16 3.249405345e-03 1.816472809e-16 1.816472809e-16

