2.154663323e-16 2.154663323e-16 2.154663323e-16 2.154663323e-16 2.154663323e-16 2.154663323e-16
2.154663323e-16 2.154663323e-16 0.000000000e+00 6.398357207e-03 2.154663323e-16 2.154663323e-16
2.154663323e-16 2.154663323e-16 6.640643683e-02 5.094386896e-03 7.758039191e-03 2.154663323e-16
2.154663323e-16 1.620566712e-03 8.436255985e-01 2.154663323e-16 2.690177819e-03 2.154663323e-16
2.154663323e-16 2.154663323e-16 6.640643683e-02 2.154663323e-16 2.154663323e-16 2.154663323e-16
2.154663323e-16 2.154663323e-16 2.154663323e-16 2.154663323e-16 2.154663323e-16 2.154663323e-16

1.798500253e-16 1.798500253e-16 1.798500253e-16 1.798500253e-16 1.798500253e-16 1.798500253e-16
1.798500253e-16 1.798500253e-16 0.000000000e+00 5.687357173e-04 1.798500253e-16 1.798500253e-16
1.798500253e-16 0.000000000e+00 1.798500253e-16 9.951789730e-01 1.798500253e-16 1.798500253e-16
1.798500253e-16 1.798500253e-16 1.798500253e-16 0.000000000e+00 1.798500253e-16 1.798500253e-16
1.798500253e-16 1.798500253e-16 1.798500253e-16 1.798500253e-16 1.798500253e-16 1.798500253e-16
1.798500253e-16 1.798500253e-16 1.798500253e-16 4.252291308e-03 1.798500253e-16 1.798500253e-16

7.491502651e-04 7.491502651e-04 7.491502651e-04 7.491502651e-04 7.491502651e-04 7.491502651e-04
1.781789651e-03 0.000000000e+00 0.000000000e+00 7.034901168e-03 7.491502651e-04 7.491502651e-04
7.491502651e-04 0.000000000e+00 7.491502651e-04 8.199240828e-01 1.781789651e-03 7.491502651e-04
7.491502651e-04 7.491502651e-04 1.673190904e-02 0.000000000e+00 2.397280848e-02 7.491502651e-04
7.491502651e-04 2.957811587e-03 5.041577352e-02 0.000000000e+00 3.569417007e-02 7.491502651e-04
7.491502651e-04 7.491502651e-04 7.491502651e-04 2.397280848e-02 7.491502651e-04 7.491502651e-04

6.706248631e-03 0.000000000e+00 6.706248631e-03 8.422794564e-03 8.422794564e-03 6.706248631e-03
6.706248631e-03 0.000000000e+00 0.000000000e+00 5.344440609e-01 6.706248631e-03 6.706248631e-03
6.706248631e-03 0.000000000e+00 0.000000000e+00 6.706248631e-03 6.706248631e-03 3.541348878e-03
6.706248631e-03 5.073902696e-03 6.706248631e-03 0.000000000e+00 6.706248631e-03 5.073902696e-03
6.706248631e-03 6.706248631e-03 6.706248631e-03 0.000000000e+00 5.073902696e-03 6.706248631e-03
6.706248631e-03 6.706248631e-03 6.706248631e-03 2.907484177e-01 5.073902696e-03 6.706248631e-03

