2.478962452e-16 2.478962452e-16 7.839167582e-04 2.478962452e-16 7.839167582e-04 2.478962452e-16
7.839167582e-04 8.925704376e-03 5.096769011e-01 2.478962452e-16 1.222005289e-02 7.839167582e-04
7.839167582e-04 1.864478773e-03 0.000000000e+00 2.508533626e-02 2.706020612e-02 2.478962452e-16
2.478962452e-16 1.864478773e-03 1.864478773e-03 3.876501849e-01 1.864478773e-03 2.478962452e-16
7.839167582e-04 2.478962452e-16 1.222005289e-02 1.864478773e-03 7.839167582e-04 2.478962452e-16
2.478962452e-16 7.839167582e-04 7.839167582e-04 7.839167582e-04 2.478962452e-16 2.478962452e-16

1.854852788e-16 1.854852788e-16 1.854852788e-16 1.854852788e-16 1.854852788e-16 1.854852788e-16
1.854852788e-16 1.854852788e-16 9.776292729e-01 0.000000000e+00 7.891724779e-03 1.854852788e-16
1.854852788e-16 1.854852788e-16 0.000000000e+00 1.854852788e-16 1.854852788e-16 1.854852788e-16
1.854852788e-16 1.447900232e-02 1.854852788e-16 0.000000000e+00 1.854852788e-16 1.854852788e-16
1.854852788e-16 1.854852788e-16 1.854852788e-16 1.854852788e-16 1.854852788e-16 1.854852788e-16
1.854852788e-16 1.854852788e-16 1.854852788e-16 1.854852788e-16 1.854852788e-16 1.854852788e-16

1.807748994e-16 1.807748994e-16 1.807748994e-16 1.807748994e-16 1.807748994e-16 1.807748994e-16
5.716604259e-04 0.000000000e+00 9.939374976e-01 0.000000000e+00 3.233799709e-03 1.807748994e-16
1.807748994e-16 1.807748994e-16 0.000000000e+00 1.807748994e-16 1.807748994e-16 1.807748994e-16
1.807748994e-16 2.257042292e-03 1.807748994e-16 0.000000000e+00 1.807748994e-16 1.807748994e-16
1.807748994e-16 1.807748994e-16 1.807748994e-16 1.807748994e-16 0.000000000e+00 1.807748994e-16
1.807748994e-16 1.807748994e-16 1.807748994e-16 1.807748994e-16 1.807748994e-16 1.807748994e-16

7.729077367e-03 5.847768052e-03 1.443508444e-01 5.847768052e-03 1.033749111e-03 4.081471023e-03
5.847768052e-03 0.000000000e+00 0.000000000e+00 0.000000000e+00 3.051611360e-02 2.458683596e-03
7.729077367e-03 6.362383663e-02 0.000000000e+00 2.434719944e-01 8.487187473e-02 4.081471023e-03
4.081471023e-03 7.729077367e-03 1.033749111e-03 0.000000000e+00 7.729077367e-03 2.396257044e-01
2.799465977e-02 4.081471023e-03 1.033749111e-03 4.081471023e-03 0.000000000e+00 3.568422761e-02
2.458683596e-03 2.458683596e-03 7.729077367e-03 9.707428761e-03 3.307997155e-02 0.000000000e+00

9.592966852e-03 7.637942529e-03 7.637942529e-03 2.281604887e-02 4.033345719e-03 2.281604887e-02
9.592966852e-03 0.000000000e+00 0.000000000e+00 0.000000000e+00 2.429692849e-03 2.254708801e-01
9.592966852e-03 1.564944408e-01 0.000000000e+00 2.482390808e-01 0.000000000e+00 1.592454446e-02
7.637942529e-03 9.592966852e-03 0.000000000e+00 0.000000000e+00 5.778816045e-03 7.637942529e-03
1.592454446e-02 9.592966852e-03 2.429692849e-03 1.021560003e-03 0.000000000e+00 5.778816045e-03
5.778816045e-03 5.778816045e-03 1.816619120e-02 9.592966852e-03 1.530090937e-01 0.000000000e+00

0.000000000e+00 0.000000000e+00 0.000000000e+00 0.000000000e+00 0.000000000e+00 0.000000000e+00
0.000000000e+00 0.000000000e+00 0.000000000e+00 0.000000000e+00 0.000000000e+00 0.000000000e+00
0.000000000e+00 0.000000000e+00 0.000000000e+00 0.000000000e+00 0.000000000e+00 0.000000000e+00
0.000000000e+00 0.000000000e+00 0.000000000e+00 0.000000000e+00 0.000000000e+00 0.000000000e+00
0.000000000e+00 0.000000000e+00 0.000000000e+00 0.000000000e+00 0.000000000e+00 0.000000000e+00
0.000000000e+00 0.000000000e+00 0.000000000e+00 0.000000000e+00 0.000000000e+00 0.000000000e+00

