2.554020676e-16 8.076522528e-04 2.554020676e-16 7.584264521e-03 8.076522528e-04 2.554020676e-16
2.554020676e-16 2.554020676e-16 8.076522528e-04 1.902209178e-01 8.076522528e-04 8.076522528e-04
8.076522528e-04 2.554020676e-16 2.618030028e-01 2.554020676e-16 4.812375630e-01 1.993671493e-02
8.076522528e-04 2.554020676e-16 6.038609059e-03 2.187179634e-02 8.076522528e-04 2.554020676e-16
8.076522528e-04 2.554020676e-16 2.554020676e-16 8.076522528e-04 2.554020676e-16 2.554020676e-16
8.076522528e-04 8.076522528e-04 8.076522528e-04 8.076522528e-04 2.554020676e-16 2.554020676e-16

1.989586957e-16 1.989586957e-16 1.989586957e-16 1.989586957e-16 1.411821904e-01 1.989586957e-16
1.989586957e-16 1.989586957e-16 6.291626389e-04 8.581886469e-01 1.989586957e-16 1.989586957e-16
1.989586957e-16 0.000000000e+00 1.989586957e-16 0.000000000e+00 1.989586957e-16 1.989586957e-16
1.989586957e-16 1.989586957e-16 1.989586957e-16 1.989586957e-16 1.989586957e-16 1.989586957e-16
1.989586957e-16 1.989586957e-16 1.989586957e-16 1.989586957e-16 1.989586957e-16 1.989586957e-16
1.989586957e-16 1.989586957e-16 1.989586957e-16 1.989586957e-16 1.989586957e-16 1.989586957e-16

2.172366461e-16 2.172366461e-16 6.450927367e-03 0.000000000e+00 1.376175892e-02 2.172366461e-16
2.172366461e-16 2.172366461e-16 2.172366461e-01 7.449061873e-01 2.172366461e-16 2.172366461e-16
2.172366461e-16 0.000000000e+00 2.172366461e-16 0.000000000e+00 2.172366461e-16 6.869625929e-04
2.172366461e-16 2.172366461e-16 1.695751772e-02 0.000000000e+00 2.172366461e-16 2.172366461e-16
2.172366461e-16 2.172366461e-16 2.172366461e-16 2.172366461e-16 2.172366461e-16 2.172366461e-16
2.172366461e-16 2.172366461e-16 2.172366461e-16 2.172366461e-16 2.172366461e-16 2.172366461e-16

2.345974170e-16 2.345974170e-16 3.991972258e-01 0.000000000e+00 2.345974170e-16 5.208645428e-02
2.345974170e-16 2.345974170e-16 2.560851398e-02 5.061600758e-01 9.981267841e-03 2.345974170e-16
2.345974170e-16 0.000000000e+00 0.000000000e+00 0.000000000e+00 0.000000000e+00 2.345974170e-16
2.345974170e-16 2.345974170e-16 6.966462265e-03 0.000000000e+00 2.345974170e-16 2.345974170e-16
2.345974170e-16 2.345974170e-16 2.345974170e-16 2.345974170e-16 2.345974170e-16 2.345974170e-16
2.345974170e-16 2.345974170e-16 2.345974170e-16 2.345974170e-16 2.345974170e-16 2.345974170e-16

2.209015614e-16 2.209015614e-16 5.385629769e-01 0.000000000e+00 0.000000000e+00 1.560182288e-02
2.209015614e-16 2.209015614e-16 2.758038689e-03 4.351202990e-01 2.209015614e-16 2.209015614e-16
2.209015614e-16 0.000000000e+00 0.000000000e+00 0.000000000e+00 0.000000000e+00 2.209015614e-16
2.209015614e-16 2.209015614e-16 6.559758464e-03 0.000000000e+00 2.209015614e-16 2.209015614e-16
2.209015614e-16 2.209015614e-16 0.000000000e+00 2.209015614e-16 2.209015614e-16 2.209015614e-16
2.209015614e-16 6.985520727e-04 2.209015614e-16 6.985520727e-04 2.209015614e-16 2.209015614e-16

