2.150989343e-16 6.802025548e-04 6.387447178e-03 5.584533558e-02 6.802025548e-04 2.150989343e-16
2.150989343e-16 2.150989343e-16 6.387447178e-03 2.150989343e-16 5.790596642e-02 6.802025548e-04
6.802025548e-04 2.150989343e-16 6.802025548e-04 8.634361712e-01 6.802025548e-04 1.617803436e-03
1.617803436e-03 2.150989343e-16 2.150989343e-16 6.802025548e-04 2.150989343e-16 6.802025548e-04
6.802025548e-04 2.150989343e-16 2.150989343e-16 2.150989343e-16 2.150989343e-16 6.802025548e-04
2.150989343e-16 2.150989343e-16 2.150989343e-16 2.150989343e-16 2.150989343e-16 2.150989343e-16

2.099688210e-16 2.099688210e-16 4.661829416e-02 2.099688210e-16 8.776409314e-01 6.639797119e-04
2.099688210e-16 2.099688210e-16 4.856875006e-02 0.000000000e+00 1.035041937e-02 6.639797119e-04
2.099688210e-16 2.099688210e-16 0.000000000e+00 1.482966591e-02 2.099688210e-16 2.099688210e-16
2.099688210e-16 2.099688210e-16 2.099688210e-16 2.099688210e-16 2.099688210e-16 6.639797119e-04
2.099688210e-16 2.099688210e-16 2.099688210e-16 2.099688210e-16 2.099688210e-16 2.099688210e-16
2.099688210e-16 2.099688210e-16 2.099688210e-16 2.099688210e-16 2.099688210e-16 2.099688210e-16

1.994033623e-16 1.994033623e-16 1.994033623e-16 0.000000000e+00 1.994033623e-16 1.994033623e-16
1.994033623e-16 1.994033623e-16 1.532282179e-01 0.000000000e+00 8.467717821e-01 1.994033623e-16
1.994033623e-16 1.994033623e-16 0.000000000e+00 1.994033623e-16 1.994033623e-16 1.994033623e-16
1.994033623e-16 1.994033623e-16 1.994033623e-16 0.000000000e+00 1.994033623e-16 1.994033623e-16
1.994033623e-16 1.994033623e-16 1.994033623e-16 1.994033623e-16 1.994033623e-16 1.994033623e-16
1.994033623e-16 1.994033623e-16 1.994033623e-16 1.994033623e-16 1.994033623e-16 1.994033623e-16

1.773306804e-16 1.773306804e-16 1.773306804e-16 0.000000000e+00 1.773306804e-16 1.773306804e-16
1.773306804e-16 1.773306804e-16 1.773306804e-16 0.000000000e+00 1.000000000e+00 1.773306804e-16
1.773306804e-16 1.773306804e-16 0.000000000e+00 0.000000000e+00 1.773306804e-16 1.773306804e-16
1.773306804e-16 1.773306804e-16 0.000000000e+00 0.000000000e+00 1.773306804e-16 1.773306804e-16
1.773306804e-16 1.773306804e-16 1.773306804e-16 1.773306804e-16 1.773306804e-16 1.773306804e-16
1.773306804e-16 1.773306804e-16 1.773306804e-16 1.773306804e-16 1.773306804e-16 1.773306804e-16

