2.675474067e-16 2.675474067e-16 2.012279210e-03 1.504529632e-02 2.675474067e-16 2.675474067e-16
2.675474067e-16 2.012279210e-03 1.504529632e-02 7.982340355e-02 2.012279210e-03 2.675474067e-16
2.012279210e-03 2.675474067e-16 0.000000000e+00 2.675474067e-16 5.449394950e-02 3.803425065e-02
2.012279210e-03 8.460591873e-04 7.460687883e-02 6.323639321e-01 6.691803359e-02 2.675474067e-16
2.675474067e-16 2.675474067e-16 2.675474067e-16 8.460591873e-04 2.675474067e-16 3.340429529e-03
2.012279210e-03 2.012279210e-03 8.460591873e-04 8.460591873e-04 8.460591873e-04 2.012279210e-03

2.389025259e-16 1.796835156e-03 1.796835156e-03 1.177670722e-02 7.554761206e-04 2.389025259e-16
7.554761206e-04 2.417523586e-02 2.389025259e-16 0.000000000e+00 1.796835156e-03 7.554761206e-04
1.796835156e-03 7.094304161e-03 0.000000000e+00 0.000000000e+00 2.045882964e-02 7.554761206e-04
1.796835156e-03 1.796835156e-03 2.123354378e-01 7.025159258e-01 7.554761206e-04 7.554761206e-04
2.389025259e-16 2.389025259e-16 2.389025259e-16 7.554761206e-04 2.389025259e-16 1.796835156e-03
7.554761206e-04 7.554761206e-04 7.554761206e-04 7.554761206e-04 2.389025259e-16 7.554761206e-04

2.471903641e-16 3.464341184e-01 3.086264232e-03 3.086264232e-03 1.859169696e-03 2.471903641e-16
2.471903641e-16 2.848092338e-01 0.000000000e+00 0.000000000e+00 7.816845662e-04 2.471903641e-16
1.859169696e-03 2.471903641e-16 0.000000000e+00 0.000000000e+00 2.471903641e-16 2.471903641e-16
1.859169696e-03 0.000000000e+00 3.398354458e-01 1.218525646e-02 2.471903641e-16 2.471903641e-16
2.471903641e-16 2.471903641e-16 2.471903641e-16 2.471903641e-16 2.471903641e-16 2.471903641e-16
7.816845662e-04 7.816845662e-04 2.471903641e-16 7.816845662e-04 1.859169696e-03 2.471903641e-16

