2.554020676e-16 8.076522528e-04 2.554020676e-16 7.584264521e-03 8.076522528e-04 2.554020676e-16
2.554020676e-16 2.554020676e-16 8.076522528e-04 1.902209178e-01 8.076522528e-04 8.076522528e-04
8.076522528e-04 2.554020676e-16 2.618030028e-01 2.554020676e-16 4.812375630e-01 1.993671493e-02
8.076522528e-04 2.554020676e-16 6.038609059e-03 2.187179634e-02 8.076522528e-04 2.554020676e-16
8.076522528e-04 2.554020676e-16 2.554020676e-16 8.076522528e-04 2.554020676e-16 2.554020676e-16
8.076522528e-04 8.076522528e-04 8.076522528e-04 8.076522528e-04 2.554020676e-16 2.554020676e-16

2.660456593e-16 2.660456593e-16 2.660456593e-16 2.660456593e-16 2.660456593e-16 2.660456593e-16
2.660456593e-16 0.000000000e+00 3.799887410e-01 1.007867561e-01 2.660456593e-16 2.660456593e-16
2.660456593e-16 1.673083210e-01 2.660456593e-16 0.000000000e+00 7.418810937e-02 2.660456593e-16
2.660456593e-16 2.660456593e-16 2.235399983e-01 5.418807419e-02 2.660456593e-16 2.660456593e-16
2.660456593e-16 2.660456593e-16 2.660456593e-16 2.660456593e-16 2.660456593e-16 2.660456593e-16
2.660456593e-16 2.660456593e-16 2.660456593e-16 2.660456593e-16 2.660456593e-16 2.660456593e-16

2.001593259e-16 2.001593259e-16 2.001593259e-16 2.001593259e-16 2.001593259e-16 2.001593259e-16
2.001593259e-16 0.000000000e+00 2.001593259e-16 1.633614152e-01 2.001593259e-16 2.001593259e-16
2.001593259e-16 2.001593259e-16 0.000000000e+00 0.000000000e+00 2.001593259e-16 2.001593259e-16
2.001593259e-16 2.001593259e-16 2.001593259e-16 8.366385848e-01 2.001593259e-16 2.001593259e-16
2.001593259e-16 2.001593259e-16 2.001593259e-16 2.001593259e-16 2.001593259e-16 2.001593259e-16
2.001593259e-16 2.001593259e-16 2.001593259e-16 0.000000000e+00 2.001593259e-16 2.001593259e-16

1.773306804e-16 1.773306804e-16 1.773306804e-16 1.773306804e-16 1.773306804e-16 1.773306804e-16
1.773306804e-16 0.000000000e+00 1.773306804e-16 1.000000000e+00 1.773306804e-16 1.773306804e-16
1.773306804e-16 1.773306804e-16 0.000000000e+00 0.000000000e+00 0.000000000e+00 1.773306804e-16
1.773306804e-16 1.773306804e-16 1.773306804e-16 1.773306804e-16 1.773306804e-16 1.773306804e-16
1.773306804e-16 1.773306804e-16 1.773306804e-16 0.000000000e+00 1.773306804e-16 1.773306804e-16
1.773306804e-16 1.773306804e-16 1.773306804e-16 0.000000000e+00 1.773306804e-16 1.773306804e-16

