2.506265664e-13 2.506265664e-13 2.506265664e-13 2.506265664e-13 2.506265664e-13 2.506265664e-13
2.506265664e-13 0.000000000e+00 2.506265664e-13 5.012531329e-03 2.506265664e-13 2.506265664e-13
2.506265664e-13 4.010025063e-02 7.167919799e-01 1.779448622e-01 2.506265664e-13 2.506265664e-13
2.506265664e-13 2.506265664e-13 2.005012531e-02 4.010025063e-02 2.506265664e-13 2.506265664e-13
2.506265664e-13 2.506265664e-13 2.506265664e-13 2.506265664e-13 2.506265664e-13 2.506265664e-13
2.506265664e-13 2.506265664e-13 2.506265664e-13 2.506265664e-13 2.506265664e-13 2.506265664e-13

2.506265664e-03 2.506265664e-03 2.506265664e-03 2.506265664e-03 2.506265664e-03 2.506265664e-03
2.506265664e-03 0.000000000e+00 0.000000000e+00 1.904761905e-01 5.012531329e-03 2.506265664e-03
2.506265664e-03 6.766917293e-02 0.000000000e+00 5.037593985e-01 2.506265664e-03 2.506265664e-03
2.506265664e-03 2.506265664e-03 7.518796993e-03 1.453634085e-01 1.503759399e-02 2.506265664e-03
2.506265664e-03 2.506265664e-03 2.506265664e-03 2.506265664e-03 2.506265664e-03 2.506265664e-03
2.506265664e-03 2.506265664e-03 2.506265664e-03 2.506265664e-03 2.506265664e-03 2.506265664e-03

5.012531329e-03 1.503759399e-02 2.506265664e-03 7.518796993e-03 2.506265664e-03 2.506265664e-03
2.506265664e-03 0.000000000e+00 0.000000000e+00 2.506265664e-03 2.506265664e-03 2.506265664e-03
2.255639098e-02 0.000000000e+00 0.000000000e+00 7.969924812e-01 2.506265664e-03 0.000000000e+00
2.506265664e-03 2.506265664e-03 7.518796993e-03 7.268170426e-02 1.002506266e-02 2.506265664e-03
2.506265664e-03 2.506265664e-03 2.506265664e-03 2.506265664e-03 2.506265664e-03 2.506265664e-03
2.506265664e-03 7.518796993e-03 2.506265664e-03 2.506265664e-03 2.506265664e-03 2.506265664e-03

3.057644110e-01 0.000000000e+00 2.506265664e-03 3.258145363e-02 2.506265664e-03 2.506265664e-03
2.506265664e-03 0.000000000e+00 0.000000000e+00 1.002506266e-02 5.012531329e-03 2.506265664e-03
2.005012531e-02 0.000000000e+00 0.000000000e+00 4.285714286e-01 2.506265664e-03 0.000000000e+00
7.518796993e-03 0.000000000e+00 4.761904762e-02 8.270676692e-02 1.002506266e-02 2.506265664e-03
2.506265664e-03 2.506265664e-03 2.506265664e-03 2.506265664e-03 2.506265664e-03 2.506265664e-03
2.506265664e-03 2.506265664e-03 5.012531329e-03 2.506265664e-03 2.506265664e-03 2.506265664e-03

1.002506266e-02 0.000000000e+00 2.506265664e-03 3.258145363e-02 2.506265664e-03 2.506265664e-03
0.000000000e+00 0.000000000e+00 0.000000000e+00 2.506265664e-03 5.839598997e-01 1.804511278e-01
7.518796993e-03 0.000000000e+00 0.000000000e+00 7.769423559e-02 2.506265664e-03 0.000000000e+00
2.506265664e-03 0.000000000e+00 0.000000000e+00 5.012531329e-03 2.506265664e-03 5.012531329e-03
2.506265664e-03 2.506265664e-03 1.002506266e-02 1.754385965e-02 2.506265664e-03 2.506265664e-03
2.506265664e-03 1.503759399e-02 1.503759399e-02 5.012531329e-03 2.506265664e-03 2.506265664e-03

