2.361368973e-16 2.361368973e-16 2.361368973e-16 2.361368973e-16 2.361368973e-16 2.361368973e-16
2.361368973e-16 2.361368973e-16 7.467304352e-04 7.467304352e-04 2.361368973e-16 2.361368973e-16
2.361368973e-16 7.467304352e-04 2.904132063e-01 3.158285214e-02 1.776034293e-03 2.361368973e-16
2.361368973e-16 2.361368973e-16 9.928333522e-02 5.721816160e-01 1.776034293e-03 2.361368973e-16
2.361368973e-16 2.361368973e-16 2.361368973e-16 2.361368973e-16 7.467304352e-04 2.361368973e-16
2.361368973e-16 2.361368973e-16 2.361368973e-16 2.361368973e-16 2.361368973e-16 2.361368973e-16

2.285330701e-16 2.285330701e-16 2.285330701e-16 2.285330701e-16 2.285330701e-16 2.285330701e-16
2.285330701e-16 2.285330701e-16 2.285330701e-16 1.718844341e-03 7.226850224e-04 2.285330701e-16
2.285330701e-16 2.285330701e-16 0.000000000e+00 1.126554459e-02 2.990378492e-01 2.285330701e-16
2.285330701e-16 2.285330701e-16 1.783931789e-02 6.332637130e-01 2.285330701e-16 0.000000000e+00
2.285330701e-16 2.285330701e-16 1.718844341e-03 2.285330701e-16 3.443320158e-02 2.285330701e-16
2.285330701e-16 2.285330701e-16 2.285330701e-16 2.285330701e-16 2.285330701e-16 2.285330701e-16

2.780813349e-16 4.974470145e-03 2.780813349e-16 8.793703931e-04 2.780813349e-16 2.780813349e-16
2.780813349e-16 8.793703931e-04 2.780813349e-16 1.622981373e-01 4.974470145e-03 2.780813349e-16
2.780813349e-16 1.183135058e-02 0.000000000e+00 2.203025149e-01 1.685641997e-01 2.780813349e-16
2.780813349e-16 2.780813349e-16 0.000000000e+00 2.676926872e-01 0.000000000e+00 0.000000000e+00
2.780813349e-16 2.780813349e-16 2.091507056e-03 2.780813349e-16 1.468455880e-01 2.091507056e-03
2.780813349e-16 2.780813349e-16 6.574827227e-03 2.780813349e-16 2.780813349e-16 2.780813349e-16

8.127416799e-04 8.127416799e-04 8.127416799e-04 8.127416799e-04 8.127416799e-04 1.933036377e-03
1.628146158e-02 4.597561225e-03 0.000000000e+00 9.253905969e-03 1.815219255e-02 8.127416799e-04
8.127416799e-04 7.161184347e-01 0.000000000e+00 0.000000000e+00 9.472577659e-02 4.597561225e-03
1.933036377e-03 8.127416799e-04 0.000000000e+00 3.208884612e-03 0.000000000e+00 0.000000000e+00
8.127416799e-04 1.933036377e-03 8.127416799e-04 7.667998654e-02 2.200962164e-02 1.093490504e-02
8.127416799e-04 1.933036377e-03 1.933036377e-03 8.127416799e-04 8.127416799e-04 3.208884612e-03

2.120081793e-16 2.120081793e-16 6.704287293e-04 2.120081793e-16 2.120081793e-16 2.120081793e-16
2.120081793e-16 2.120081793e-16 0.000000000e+00 5.707391602e-02 2.659467073e-02 2.120081793e-16
2.120081793e-16 6.704287293e-04 0.000000000e+00 0.000000000e+00 2.120081793e-16 0.000000000e+00
2.120081793e-16 2.120081793e-16 0.000000000e+00 8.545301997e-01 0.000000000e+00 0.000000000e+00
2.120081793e-16 2.120081793e-16 2.120081793e-16 6.704287293e-04 5.911949864e-02 2.120081793e-16
2.120081793e-16 2.120081793e-16 0.000000000e+00 2.120081793e-16 6.704287293e-04 2.120081793e-16

1.847541405e-16 1.847541405e-16 5.842438913e-04 1.847541405e-16 1.847541405e-16 5.842438913e-04
1.847541405e-16 1.847541405e-16 0.000000000e+00 1.304880490e-02 0.000000000e+00 1.847541405e-16
1.847541405e-16 5.842438913e-04 0.000000000e+00 0.000000000e+00 0.000000000e+00 0.000000000e+00
5.842438913e-04 1.847541405e-16 0.000000000e+00 1.847541405e-16 0.000000000e+00 0.000000000e+00
1.847541405e-16 1.847541405e-16 1.847541405e-16 5.842438913e-04 9.834457318e-01 1.847541405e-16
1.847541405e-16 1.847541405e-16 0.000000000e+00 1.847541405e-16 5.842438913e-04 1.847541405e-16

