2.828834732e-16 2.828834732e-16 8.945560878e-04 2.828834732e-16 2.828834732e-16 2.828834732e-16
2.828834732e-16 2.828834732e-16 0.000000000e+00 2.127624929e-03 2.828834732e-16 3.531906061e-03
2.828834732e-16 2.828834732e-16 1.219186923e-01 2.274870522e-01 2.828834732e-16 2.828834732e-16
2.828834732e-16 2.828834732e-16 2.376876634e-01 2.828834732e-16 1.556313868e-01 7.075383759e-02
2.828834732e-16 2.828834732e-16 2.828834732e-16 1.619319490e-01 2.828834732e-16 2.127624929e-03
2.828834732e-16 2.828834732e-16 2.828834732e-16 1.590770672e-02 2.828834732e-16 2.828834732e-16

2.974448500e-16 2.974448500e-16 1.070974188e-02 3.487362436e-02 2.974448500e-16 2.974448500e-16
3.713710301e-03 2.974448500e-16 0.000000000e+00 2.974448500e-16 2.974448500e-16 1.440925369e-01
2.974448500e-16 0.000000000e+00 2.100791790e-02 9.461967304e-02 2.974448500e-16 2.974448500e-16
2.974448500e-16 2.974448500e-16 3.161499211e-01 0.000000000e+00 4.481617681e-02 2.974448500e-16
2.974448500e-16 2.974448500e-16 3.246890224e-02 2.974448500e-16 3.009930254e-02 6.330003516e-02
2.974448500e-16 2.974448500e-16 2.974448500e-16 2.041484578e-01 2.974448500e-16 2.974448500e-16

1.342841577e-02 2.373830964e-03 1.555841790e-02 5.645953343e-03 5.645953343e-03 7.462336025e-03
1.131040461e-01 0.000000000e+00 0.000000000e+00 9.980729739e-04 5.645953343e-03 7.462336025e-03
9.980729739e-04 0.000000000e+00 7.462336025e-03 2.946295955e-02 7.462336025e-03 5.645953343e-03
2.373830964e-03 9.980729739e-04 2.387947528e-01 0.000000000e+00 2.463720778e-02 5.645953343e-03
5.645953343e-03 3.940613712e-03 2.946295955e-02 0.000000000e+00 2.463720778e-02 1.136409474e-02
5.645953343e-03 7.462336025e-03 5.645953343e-03 3.922798472e-01 7.462336025e-03 5.645953343e-03

6.423075589e-04 0.000000000e+00 6.423075589e-04 6.423075589e-04 6.423075589e-04 6.423075589e-04
6.423075589e-04 0.000000000e+00 0.000000000e+00 4.802369126e-03 6.423075589e-04 6.423075589e-04
6.423075589e-04 0.000000000e+00 0.000000000e+00 6.423075589e-04 6.423075589e-04 6.423075589e-04
6.423075589e-04 6.423075589e-04 9.446603028e-01 0.000000000e+00 2.716630220e-02 6.423075589e-04
6.423075589e-04 6.423075589e-04 6.423075589e-04 0.000000000e+00 6.423075589e-04 6.423075589e-04
6.423075589e-04 6.423075589e-04 6.423075589e-04 7.313336944e-03 6.423075589e-04 6.423075589e-04

