7.943555016e-04 7.943555016e-04 7.943555016e-04 7.943555016e-04 7.943555016e-04 7.943555016e-04
7.943555016e-04 2.511972657e-16 2.511972657e-16 1.889306429e-03 2.511972657e-16 7.943555016e-04
7.943555016e-04 2.511972657e-16 7.943555016e-04 2.344925134e-02 7.459401279e-03 7.943555016e-04
7.943555016e-04 7.943555016e-04 5.273672137e-01 2.511972657e-16 3.353343858e-01 1.591313562e-02
7.943555016e-04 2.511972657e-16 7.943555016e-04 6.762386098e-02 7.943555016e-04 7.943555016e-04
2.511972657e-16 2.511972657e-16 2.511972657e-16 7.459401279e-03 2.511972657e-16 2.511972657e-16

1.981522170e-16 1.981522170e-16 1.981522170e-16 1.981522170e-16 1.981522170e-16 1.981522170e-16
1.981522170e-16 1.981522170e-16 1.981522170e-16 1.981522170e-16 1.981522170e-16 1.981522170e-16
1.981522170e-16 1.981522170e-16 1.981522170e-16 0.000000000e+00 1.981522170e-16 1.981522170e-16
1.981522170e-16 1.981522170e-16 1.981522170e-16 0.000000000e+00 1.981522170e-16 1.981522170e-16
1.981522170e-16 1.981522170e-16 6.266123293e-04 9.114829695e-01 1.981522170e-16 1.981522170e-16
1.981522170e-16 1.981522170e-16 2.485655498e-02 1.981522170e-16 6.303386321e-02 1.981522170e-16

2.017667306e-16 2.017667306e-16 2.017667306e-16 2.017667306e-16 2.017667306e-16 2.017667306e-16
2.017667306e-16 2.017667306e-16 2.017667306e-16 2.017667306e-16 2.017667306e-16 2.017667306e-16
2.017667306e-16 2.017667306e-16 2.017667306e-16 0.000000000e+00 2.017667306e-16 2.017667306e-16
2.017667306e-16 0.000000000e+00 2.017667306e-16 0.000000000e+00 2.017667306e-16 2.017667306e-16
2.017667306e-16 2.017667306e-16 1.867494682e-01 2.017667306e-16 8.132505318e-01 2.017667306e-16
2.017667306e-16 2.017667306e-16 2.017667306e-16 0.000000000e+00 2.017667306e-16 2.017667306e-16

1.773306804e-16 1.773306804e-16 1.773306804e-16 1.773306804e-16 1.773306804e-16 1.773306804e-16
1.773306804e-16 1.773306804e-16 1.773306804e-16 1.773306804e-16 1.773306804e-16 1.773306804e-16
1.773306804e-16 0.000000000e+00 1.773306804e-16 0.000000000e+00 1.773306804e-16 1.773306804e-16
1.773306804e-16 0.000000000e+00 1.773306804e-16 0.000000000e+00 1.773306804e-16 1.773306804e-16
1.773306804e-16 1.773306804e-16 1.773306804e-16 0.000000000e+00 1.000000000e+00 1.773306804e-16
1.773306804e-16 1.773306804e-16 1.773306804e-16 0.000000000e+00 1.773306804e-16 1.773306804e-16

