2.754080635e-16 2.754080635e-16 2.754080635e-16 1.357624880e-02 3.438572773e-03 2.754080635e-16
2.754080635e-16 2.754080635e-16 2.071400831e-03 3.173212672e-01 2.754080635e-16 8.709167669e-04
2.754080635e-16 0.000000000e+00 1.186968987e-01 2.754080635e-16 7.150317030e-02 4.149588225e-02
2.754080635e-16 2.754080635e-16 1.638349568e-01 2.651192848e-01 2.754080635e-16 2.754080635e-16
2.754080635e-16 2.754080635e-16 2.754080635e-16 2.754080635e-16 2.754080635e-16 2.754080635e-16
2.754080635e-16 2.071400831e-03 2.754080635e-16 2.754080635e-16 2.754080635e-16 2.754080635e-16

2.781992590e-03 3.742988154e-02 1.169683798e-03 2.080024615e-02 8.745426210e-03 6.616730764e-03
5.258266494e-02 0.000000000e+00 5.891532386e-02 6.867286389e-02 2.781992590e-03 8.745426210e-03
4.618171351e-03 0.000000000e+00 8.212399025e-02 0.000000000e+00 4.037658890e-02 8.745426210e-03
1.573732661e-02 2.781992590e-03 1.912641122e-01 1.176639608e-01 2.080024615e-02 1.098392446e-02
2.781992590e-03 1.573732661e-02 2.887338253e-02 2.781992590e-03 1.098392446e-02 8.745426210e-03
6.616730764e-03 1.103565132e-01 1.098392446e-02 1.331806176e-02 1.573732661e-02 8.745426210e-03

2.476890099e-02 1.108996511e-03 2.737533043e-02 2.046783350e-01 1.262707412e-02 1.262707412e-02
1.108996511e-03 0.000000000e+00 1.890568743e-01 1.041404003e-02 8.291682902e-03 1.108996511e-03
1.492081904e-02 0.000000000e+00 0.000000000e+00 0.000000000e+00 4.378564464e-03 1.041404003e-02
4.378564464e-03 0.000000000e+00 1.221140820e-01 1.437723196e-01 1.262707412e-02 1.041404003e-02
6.273431624e-03 1.972105661e-02 2.476890099e-02 4.378564464e-03 8.291682902e-03 1.041404003e-02
1.041404003e-02 4.399184544e-02 1.262707412e-02 1.492081904e-02 1.972105661e-02 8.291682902e-03

1.353813942e-01 0.000000000e+00 7.335289968e-04 7.879875070e-01 7.335289968e-04 7.335289968e-04
6.888209530e-03 0.000000000e+00 0.000000000e+00 1.304419511e-02 7.335289968e-04 7.335289968e-04
7.335289968e-04 0.000000000e+00 0.000000000e+00 0.000000000e+00 7.335289968e-04 7.335289968e-04
7.335289968e-04 0.000000000e+00 8.351987513e-03 2.532085919e-02 7.335289968e-04 7.335289968e-04
7.335289968e-04 7.335289968e-04 7.335289968e-04 7.335289968e-04 7.335289968e-04 7.335289968e-04
7.335289968e-04 6.888209530e-03 7.335289968e-04 7.335289968e-04 7.335289968e-04 7.335289968e-04

