2.284420003e-16 7.223970343e-04 1.718159386e-03 7.223970343e-04 1.284623772e-02 2.284420003e-16
2.284420003e-16 2.284420003e-16 2.284420003e-16 7.223970343e-04 5.930954614e-02 1.718159386e-03
7.223970343e-04 2.284420003e-16 1.718159386e-03 8.126664053e-01 2.284420003e-16 7.494726261e-02
7.223970343e-04 2.284420003e-16 2.284420003e-16 4.086494733e-03 2.132504853e-02 7.223970343e-04
2.284420003e-16 2.284420003e-16 2.284420003e-16 2.284420003e-16 2.284420003e-16 7.223970343e-04
2.284420003e-16 7.223970343e-04 1.718159386e-03 7.223970343e-04 7.223970343e-04 7.223970343e-04

2.096083133e-16 2.096083133e-16 2.096083133e-16 2.096083133e-16 8.796232408e-01 2.096083133e-16
2.096083133e-16 2.096083133e-16 2.096083133e-16 5.642785721e-02 2.096083133e-16 1.327851045e-02
2.096083133e-16 2.096083133e-16 0.000000000e+00 1.576507343e-03 0.000000000e+00 4.269293797e-02
2.096083133e-16 2.096083133e-16 2.096083133e-16 6.628396866e-04 3.749587497e-03 6.628396866e-04
2.096083133e-16 2.096083133e-16 2.096083133e-16 2.096083133e-16 2.096083133e-16 6.628396866e-04
2.096083133e-16 2.096083133e-16 6.628396866e-04 2.096083133e-16 2.096083133e-16 2.096083133e-16

1.886373943e-16 1.886373943e-16 1.886373943e-16 1.886373943e-16 1.886373943e-16 1.886373943e-16
1.886373943e-16 1.886373943e-16 1.886373943e-16 9.549467291e-01 0.000000000e+00 1.886373943e-16
1.886373943e-16 1.886373943e-16 0.000000000e+00 1.886373943e-16 0.000000000e+00 4.363449018e-02
1.886373943e-16 1.886373943e-16 1.886373943e-16 1.418780737e-03 0.000000000e+00 1.886373943e-16
1.886373943e-16 1.886373943e-16 1.886373943e-16 1.886373943e-16 1.886373943e-16 1.886373943e-16
1.886373943e-16 1.886373943e-16 1.886373943e-16 1.886373943e-16 1.886373943e-16 1.886373943e-16

2.051527661e-16 2.051527661e-16 2.051527661e-16 2.051527661e-16 2.051527661e-16 2.051527661e-16
2.051527661e-16 2.051527661e-16 2.051527661e-16 7.530267802e-01 0.000000000e+00 2.051527661e-16
2.051527661e-16 2.051527661e-16 0.000000000e+00 0.000000000e+00 0.000000000e+00 2.469732198e-01
2.051527661e-16 2.051527661e-16 2.051527661e-16 0.000000000e+00 0.000000000e+00 2.051527661e-16
2.051527661e-16 2.051527661e-16 2.051527661e-16 2.051527661e-16 2.051527661e-16 2.051527661e-16
2.051527661e-16 2.051527661e-16 2.051527661e-16 2.051527661e-16 2.051527661e-16 2.051527661e-16

1.842996904e-16 1.842996904e-16 1.842996904e-16 1.842996904e-16 5.828067938e-04 1.842996904e-16
1.842996904e-16 1.842996904e-16 1.842996904e-16 2.160803313e-02 0.000000000e+00 1.842996904e-16
1.842996904e-16 1.842996904e-16 0.000000000e+00 0.000000000e+00 0.000000000e+00 9.778091601e-01
1.842996904e-16 1.842996904e-16 0.000000000e+00 0.000000000e+00 0.000000000e+00 1.842996904e-16
1.842996904e-16 1.842996904e-16 1.842996904e-16 1.842996904e-16 0.000000000e+00 1.842996904e-16
1.842996904e-16 1.842996904e-16 1.842996904e-16 1.842996904e-16 1.842996904e-16 1.842996904e-16

