2.454900024e-16 2.454900024e-16 2.454900024e-16 2.454900024e-16 2.454900024e-16 2.454900024e-16
2.454900024e-16 2.454900024e-16 2.878223015e-02 7.763075505e-04 2.454900024e-16 2.454900024e-16
2.454900024e-16 1.733845389e-02 9.808110655e-02 2.454900024e-16 1.846380925e-03 2.454900024e-16
2.454900024e-16 2.454900024e-16 9.808110655e-02 6.802512666e-01 5.000130616e-02 2.454900024e-16
2.454900024e-16 2.454900024e-16 2.454900024e-16 2.484184161e-02 2.454900024e-16 2.454900024e-16
2.454900024e-16 2.454900024e-16 2.454900024e-16 2.454900024e-16 2.454900024e-16 2.454900024e-16

2.354434426e-16 2.354434426e-16 2.354434426e-16 2.354434426e-16 2.354434426e-16 2.354434426e-16
2.354434426e-16 2.354434426e-16 1.770818677e-03 2.354434426e-16 2.354434426e-16 2.354434426e-16
1.323995775e-02 4.336317815e-01 2.354434426e-16 0.000000000e+00 4.303089385e-01 2.354434426e-16
2.354434426e-16 2.354434426e-16 1.140569183e-01 6.991585327e-03 2.354434426e-16 2.354434426e-16
2.354434426e-16 2.354434426e-16 0.000000000e+00 2.354434426e-16 2.354434426e-16 2.354434426e-16
2.354434426e-16 2.354434426e-16 2.354434426e-16 2.354434426e-16 2.354434426e-16 2.354434426e-16

2.113285060e-16 2.113285060e-16 2.113285060e-16 2.113285060e-16 2.113285060e-16 2.113285060e-16
2.113285060e-16 2.113285060e-16 2.113285060e-16 1.589445267e-03 2.113285060e-16 2.113285060e-16
2.113285060e-16 4.192911653e-01 0.000000000e+00 0.000000000e+00 0.000000000e+00 2.113285060e-16
2.113285060e-16 2.113285060e-16 2.113285060e-16 5.791193894e-01 2.113285060e-16 2.113285060e-16
2.113285060e-16 2.113285060e-16 0.000000000e+00 2.113285060e-16 2.113285060e-16 2.113285060e-16
2.113285060e-16 2.113285060e-16 2.113285060e-16 2.113285060e-16 2.113285060e-16 2.113285060e-16

2.092689334e-16 2.092689334e-16 2.092689334e-16 2.092689334e-16 2.092689334e-16 2.092689334e-16
2.092689334e-16 2.092689334e-16 2.092689334e-16 2.600988683e-01 2.092689334e-16 2.092689334e-16
0.000000000e+00 0.000000000e+00 0.000000000e+00 0.000000000e+00 0.000000000e+00 2.092689334e-16
2.092689334e-16 2.092689334e-16 2.092689334e-16 7.309974988e-01 2.092689334e-16 2.092689334e-16
8.903632881e-03 2.092689334e-16 0.000000000e+00 2.092689334e-16 2.092689334e-16 2.092689334e-16
2.092689334e-16 2.092689334e-16 2.092689334e-16 2.092689334e-16 2.092689334e-16 2.092689334e-16

1.931611264e-16 1.931611264e-16 1.931611264e-16 6.108291148e-04 6.108291148e-04 1.931611264e-16
1.931611264e-16 1.931611264e-16 6.108291148e-04 9.512036596e-01 1.931611264e-16 1.931611264e-16
0.000000000e+00 0.000000000e+00 0.000000000e+00 0.000000000e+00 0.000000000e+00 1.931611264e-16
1.931611264e-16 0.000000000e+00 1.931611264e-16 0.000000000e+00 1.931611264e-16 6.108291148e-04
3.759451049e-02 5.735995371e-03 0.000000000e+00 1.931611264e-16 1.931611264e-16 1.931611264e-16
1.931611264e-16 1.931611264e-16 6.108291148e-04 2.411688973e-03 1.931611264e-16 1.931611264e-16

