2.725576028e-16 2.725576028e-16 2.725576028e-16 4.875658621e-03 3.402983703e-03 2.725576028e-16
8.619028185e-04 2.725576028e-16 8.619028185e-04 1.652158862e-01 2.049961928e-03 8.619028185e-04
8.619028185e-04 2.725576028e-16 3.458915988e-01 2.725576028e-16 0.000000000e+00 8.619028185e-04
8.619028185e-04 2.725576028e-16 1.174683912e-01 1.776361029e-01 1.745142322e-01 2.725576028e-16
2.725576028e-16 2.725576028e-16 2.725576028e-16 2.725576028e-16 2.725576028e-16 8.619028185e-04
2.725576028e-16 8.619028185e-04 2.725576028e-16 2.049961928e-03 2.725576028e-16 2.725576028e-16

3.380602764e-16 2.542621042e-03 1.217213309e-02 2.542621042e-03 7.992941744e-03 3.380602764e-16
3.690245794e-02 3.380602764e-16 9.100792190e-02 1.177144321e-01 0.000000000e+00 2.638902427e-02
1.901052638e-02 8.136387335e-02 3.380602764e-16 0.000000000e+00 0.000000000e+00 4.220809104e-03
7.992941744e-03 3.380602764e-16 3.087435034e-01 4.805828412e-02 3.155790875e-02 1.003883244e-02
3.380602764e-16 3.380602764e-16 1.666469153e-02 3.380602764e-16 3.380602764e-16 2.638902427e-02
3.155790875e-02 2.638902427e-02 3.380602764e-16 5.384606080e-02 3.690245794e-02 3.380602764e-16

6.792166918e-03 6.792166918e-03 6.792166918e-03 6.792166918e-03 6.792166918e-03 6.792166918e-03
6.792166918e-03 8.530704683e-03 1.485459650e-01 0.000000000e+00 0.000000000e+00 8.530704683e-03
8.530704683e-03 6.792166918e-03 0.000000000e+00 0.000000000e+00 0.000000000e+00 6.792166918e-03
6.792166918e-03 6.792166918e-03 6.492655811e-01 6.792166918e-03 6.792166918e-03 6.792166918e-03
6.792166918e-03 6.792166918e-03 6.792166918e-03 6.792166918e-03 6.792166918e-03 6.792166918e-03
6.792166918e-03 6.792166918e-03 6.792166918e-03 6.792166918e-03 6.792166918e-03 6.792166918e-03

