2.284420003e-16 7.223970343e-04 1.718159386e-03 7.223970343e-04 1.284623772e-02 2.284420003e-16
2.284420003e-16 2.284420003e-16 2.284420003e-16 7.223970343e-04 5.930954614e-02 1.718159386e-03
7.223970343e-04 2.284420003e-16 1.718159386e-03 8.126664053e-01 2.284420003e-16 7.494726261e-02
7.223970343e-04 2.284420003e-16 2.284420003e-16 4.086494733e-03 2.132504853e-02 7.223970343e-04
2.284420003e-16 2.284420003e-16 2.284420003e-16 2.284420003e-16 2.284420003e-16 7.223970343e-04
2.284420003e-16 7.223970343e-04 1.718159386e-03 7.223970343e-04 7.223970343e-04 7.223970343e-04

2.006723221e-16 2.006723221e-16 2.006723221e-16 2.006723221e-16 9.128755451e-01 2.006723221e-16
2.006723221e-16 2.006723221e-16 2.006723221e-16 9.892148175e-03 2.006723221e-16 3.589735628e-03
2.006723221e-16 2.006723221e-16 2.006723221e-16 6.345816014e-04 0.000000000e+00 6.383552955e-02
2.006723221e-16 2.006723221e-16 2.006723221e-16 0.000000000e+00 8.537878300e-03 2.006723221e-16
2.006723221e-16 2.006723221e-16 2.006723221e-16 2.006723221e-16 6.345816014e-04 2.006723221e-16
2.006723221e-16 2.006723221e-16 2.006723221e-16 2.006723221e-16 2.006723221e-16 2.006723221e-16

2.000464767e-16 2.000464767e-16 2.000464767e-16 2.000464767e-16 1.504590798e-03 2.000464767e-16
2.000464767e-16 2.000464767e-16 2.000464767e-16 2.000464767e-16 0.000000000e+00 2.000464767e-16
2.000464767e-16 2.000464767e-16 2.000464767e-16 8.495027845e-01 0.000000000e+00 1.489926247e-01
2.000464767e-16 2.000464767e-16 0.000000000e+00 0.000000000e+00 2.000464767e-16 2.000464767e-16
2.000464767e-16 2.000464767e-16 2.000464767e-16 2.000464767e-16 2.000464767e-16 2.000464767e-16
2.000464767e-16 2.000464767e-16 2.000464767e-16 2.000464767e-16 2.000464767e-16 2.000464767e-16

1.773306804e-16 1.773306804e-16 1.773306804e-16 1.773306804e-16 1.773306804e-16 1.773306804e-16
1.773306804e-16 1.773306804e-16 1.773306804e-16 1.773306804e-16 0.000000000e+00 1.773306804e-16
1.773306804e-16 1.773306804e-16 1.773306804e-16 1.773306804e-16 0.000000000e+00 1.000000000e+00
1.773306804e-16 1.773306804e-16 0.000000000e+00 0.000000000e+00 0.000000000e+00 1.773306804e-16
1.773306804e-16 1.773306804e-16 1.773306804e-16 0.000000000e+00 1.773306804e-16 1.773306804e-16
1.773306804e-16 1.773306804e-16 1.773306804e-16 1.773306804e-16 1.773306804e-16 1.773306804e-16

