2.395844704e-16 2.395844704e-16 2.395844704e-16 2.395844704e-16 2.395844704e-16 2.395844704e-16
2.395844704e-16 2.395844704e-16 2.395844704e-16 2.395844704e-16 2.395844704e-16 2.395844704e-16
2.395844704e-16 2.395844704e-16 2.395844704e-16 0.000000000e+00 2.395844704e-16 2.395844704e-16
2.808984195e-02 2.395844704e-16 2.395844704e-16 1.801964201e-03 2.395844704e-16 2.395844704e-16
2.395844704e-16 2.395844704e-16 5.664625064e-03 2.698979095e-01 2.395844704e-16 2.395844704e-16
2.395844704e-16 2.395844704e-16 1.318099745e-01 2.395844704e-16 5.556211300e-01 7.114554773e-03

1.655080754e-02 7.410416722e-04 2.343379525e-16 2.343379525e-16 7.410416722e-04 7.410416722e-04
7.329794771e-01 7.410416722e-04 7.410416722e-04 7.410416722e-04 2.343379525e-16 7.410416722e-04
2.343379525e-16 7.410416722e-04 0.000000000e+00 0.000000000e+00 7.410416722e-04 2.343379525e-16
1.554204820e-01 7.410416722e-04 7.410416722e-04 7.410416722e-04 2.343379525e-16 7.410416722e-04
2.343379525e-16 2.343379525e-16 7.410416722e-04 2.925797062e-03 2.343379525e-16 7.410416722e-04
7.410416722e-04 7.410416722e-04 5.540578806e-03 0.000000000e+00 7.222264505e-02 1.762504058e-03

2.699519973e-02 5.638992145e-03 9.968423963e-04 2.370904140e-03 9.968423963e-04 1.135008334e-02
1.194190990e-01 2.370904140e-03 2.370904140e-03 7.453135311e-03 3.935755118e-03 1.769302892e-01
0.000000000e+00 1.341185916e-02 0.000000000e+00 0.000000000e+00 0.000000000e+00 9.968423963e-04
8.486166646e-02 9.968423963e-04 9.968423963e-04 9.404939285e-02 5.638992145e-03 9.968423963e-04
9.968423963e-04 9.968423963e-04 2.370904140e-03 1.996950763e-02 9.968423963e-04 2.370904140e-03
9.968423963e-04 9.968423963e-04 5.020954612e-02 0.000000000e+00 3.350527018e-01 2.226399306e-02

