1.130220576e-02 3.138995256e-16 3.138995256e-16 3.919153086e-03 3.138995256e-16 3.138995256e-16
5.615205419e-03 3.138995256e-16 3.919153086e-03 3.138995256e-16 3.138995256e-16 2.360903054e-03
3.937609648e-02 3.138995256e-16 1.623138854e-01 0.000000000e+00 2.688132700e-02 7.421696060e-03
2.360903054e-03 3.138995256e-16 2.561912640e-01 3.138995256e-16 1.486770794e-01 9.926374574e-04
6.680179875e-02 3.138995256e-16 1.130220576e-02 1.352861630e-01 9.058218959e-02 3.919153086e-03
1.335528447e-02 3.138995256e-16 3.138995256e-16 7.421696060e-03 3.138995256e-16 3.138995256e-16

6.642579589e-04 6.642579589e-04 6.642579589e-04 2.462790094e-02 6.642579589e-04 6.642579589e-04
6.642579589e-04 6.642579589e-04 1.798857707e-02 2.100568104e-16 7.563264988e-03 6.642579589e-04
6.642579589e-04 6.642579589e-04 9.272120590e-01 0.000000000e+00 3.757610457e-03 6.642579589e-04
1.579880582e-03 6.642579589e-04 0.000000000e+00 0.000000000e+00 6.642579589e-04 6.642579589e-04
6.642579589e-04 6.642579589e-04 6.642579589e-04 6.642579589e-04 6.642579589e-04 6.642579589e-04
6.642579589e-04 6.642579589e-04 6.642579589e-04 6.642579589e-04 6.642579589e-04 6.642579589e-04

2.437413027e-03 1.024805938e-03 9.623447829e-03 9.351769380e-02 1.024805938e-03 2.437413027e-03
5.797177827e-03 1.024805938e-03 1.711317913e-01 0.000000000e+00 0.000000000e+00 7.662211554e-03
4.046161391e-03 2.288854526e-02 2.999517847e-01 0.000000000e+00 3.799550881e-02 4.046161391e-03
9.623447829e-03 1.711317913e-01 0.000000000e+00 0.000000000e+00 1.822391299e-02 1.024805938e-03
1.822391299e-02 1.024805938e-03 3.799550881e-02 3.799550881e-02 2.437413027e-03 2.437413027e-03
2.437413027e-03 2.288854526e-02 2.437413027e-03 1.024805938e-03 4.046161391e-03 2.437413027e-03

