1.954249276e-03 1.105490332e-02 1.954249276e-03 1.065215716e-01 2.598318976e-16 2.598318976e-16
2.598318976e-16 0.000000000e+00 2.598318976e-16 5.529552203e-02 2.598318976e-16 2.598318976e-16
1.835139244e-02 1.835139244e-02 4.932738060e-01 2.761716464e-01 2.598318976e-16 2.598318976e-16
2.598318976e-16 2.598318976e-16 7.715810060e-03 2.598318976e-16 2.598318976e-16 2.598318976e-16
9.355457176e-03 2.598318976e-16 2.598318976e-16 2.598318976e-16 2.598318976e-16 2.598318976e-16
2.598318976e-16 2.598318976e-16 2.598318976e-16 2.598318976e-16 2.598318976e-16 2.598318976e-16

2.903917793e-16 8.663907632e-02 7.539333664e-02 2.266801588e-02 6.865889715e-03 2.903917793e-16
9.182994365e-04 0.000000000e+00 0.000000000e+00 3.799806000e-01 2.184096447e-03 2.903917793e-16
3.883933741e-02 2.903917793e-16 0.000000000e+00 2.486820062e-02 9.182994365e-04 9.182994365e-04
9.182994365e-04 1.282296619e-01 2.162809068e-01 9.182994365e-04 2.903917793e-16 9.182994365e-04
2.903917793e-16 9.182994365e-04 9.182994365e-04 2.903917793e-16 2.903917793e-16 9.182994365e-04
9.182994365e-04 9.182994365e-04 9.182994365e-04 5.194686069e-03 9.182994365e-04 9.182994365e-04

3.066053159e-16 8.254005155e-02 1.005910870e-01 1.928151008e-01 2.625667478e-02 3.066053159e-16
3.066053159e-16 0.000000000e+00 0.000000000e+00 7.668706299e-02 3.066053159e-16 3.066053159e-16
9.753369320e-02 0.000000000e+00 0.000000000e+00 2.837850399e-01 3.066053159e-16 3.066053159e-16
3.066053159e-16 0.000000000e+00 3.066053159e-16 7.249235120e-03 3.066053159e-16 1.511411830e-02
3.066053159e-16 2.306041799e-03 4.358668087e-02 3.066053159e-16 3.066053159e-16 3.066053159e-16
3.066053159e-16 3.066053159e-16 7.249235120e-03 2.306041799e-03 5.967389497e-02 2.306041799e-03

2.941240007e-16 1.251390773e-02 2.295935351e-02 2.976325622e-02 2.212167254e-03 5.261450075e-03
2.941240007e-16 0.000000000e+00 0.000000000e+00 5.460685310e-02 2.941240007e-16 2.941240007e-16
4.684791420e-02 0.000000000e+00 0.000000000e+00 0.000000000e+00 1.059017202e-02 2.941240007e-16
2.212167254e-03 0.000000000e+00 0.000000000e+00 2.941240007e-16 2.506881497e-01 2.212167254e-03
2.212167254e-03 5.261450075e-03 3.238248396e-01 1.916917405e-01 2.941240007e-16 2.941240007e-16
2.941240007e-16 2.941240007e-16 2.212167254e-03 2.745645976e-02 5.261450075e-03 2.212167254e-03

2.772859837e-16 2.772859837e-16 5.396754005e-02 2.430698282e-01 2.085525056e-03 2.772859837e-16
2.772859837e-16 0.000000000e+00 0.000000000e+00 0.000000000e+00 1.958413864e-02 2.772859837e-16
8.234115988e-03 0.000000000e+00 0.000000000e+00 0.000000000e+00 2.772859837e-16 4.901769985e-02
2.772859837e-16 0.000000000e+00 0.000000000e+00 0.000000000e+00 2.263088691e-01 3.194849802e-01
2.772859837e-16 2.772859837e-16 2.085525056e-03 2.085525056e-03 2.085525056e-03 2.772859837e-16
2.772859837e-16 2.772859837e-16 2.772859837e-16 7.199072771e-02 2.772859837e-16 2.772859837e-16

2.413782302e-16 2.413782302e-16 4.006933847e-01 0.000000000e+00 3.415195053e-01 2.413782302e-16
2.413782302e-16 0.000000000e+00 0.000000000e+00 0.000000000e+00 2.413782302e-16 1.815455438e-03
1.815455438e-03 0.000000000e+00 0.000000000e+00 0.000000000e+00 0.000000000e+00 4.317905048e-03
2.413782302e-16 0.000000000e+00 0.000000000e+00 0.000000000e+00 2.413782302e-01 1.815455438e-03
2.413782302e-16 2.413782302e-16 1.815455438e-03 1.815455438e-03 2.413782302e-16 2.413782302e-16
2.413782302e-16 2.413782302e-16 2.413782302e-16 3.013697564e-03 2.413782302e-16 2.413782302e-16

2.275172401e-03 3.546642775e-02 3.025010011e-16 0.000000000e+00 0.000000000e+00 1.491179598e-02
3.025010011e-16 0.000000000e+00 0.000000000e+00 0.000000000e+00 0.000000000e+00 3.025010011e-16
9.323040591e-02 0.000000000e+00 0.000000000e+00 0.000000000e+00 0.000000000e+00 1.531129092e-01
2.275172401e-03 0.000000000e+00 0.000000000e+00 0.000000000e+00 2.912000761e-01 5.411302415e-03
2.275172401e-03 3.025010011e-16 2.823845230e-02 6.716273679e-02 1.271860037e-01 3.025010011e-16
3.025010011e-16 3.025010011e-16 3.025010011e-16 4.045892235e-02 1.367954503e-01 3.025010011e-16

2.047402464e-16 8.710953699e-03 0.000000000e+00 0.000000000e+00 0.000000000e+00 2.047402464e-16
2.047402464e-16 0.000000000e+00 0.000000000e+00 0.000000000e+00 0.000000000e+00 2.047402464e-16
3.662504870e-03 0.000000000e+00 0.000000000e+00 0.000000000e+00 0.000000000e+00 9.209976318e-01
2.047402464e-16 0.000000000e+00 0.000000000e+00 0.000000000e+00 0.000000000e+00 2.047402464e-16
1.539893608e-03 2.047402464e-16 1.539893608e-03 1.539893608e-03 6.474455074e-04 3.439277937e-02
2.047402464e-16 2.047402464e-16 1.539893608e-03 1.539893608e-03 2.234932306e-02 1.539893608e-03

2.029509845e-16 6.026709047e-03 0.000000000e+00 0.000000000e+00 0.000000000e+00 1.526436200e-03
2.029509845e-16 0.000000000e+00 0.000000000e+00 0.000000000e+00 0.000000000e+00 2.029509845e-16
6.417873646e-04 0.000000000e+00 0.000000000e+00 0.000000000e+00 0.000000000e+00 9.198079761e-01
2.029509845e-16 0.000000000e+00 0.000000000e+00 0.000000000e+00 0.000000000e+00 0.000000000e+00
2.029509845e-16 2.029509845e-16 2.533919017e-03 0.000000000e+00 2.545852063e-02 3.767973566e-02
2.029509845e-16 2.029509845e-16 4.798479766e-03 2.029509845e-16 1.526436200e-03 2.029509845e-16

2.136138761e-16 1.829319253e-02 0.000000000e+00 0.000000000e+00 0.000000000e+00 2.136138761e-16
2.136138761e-16 0.000000000e+00 0.000000000e+00 0.000000000e+00 0.000000000e+00 0.000000000e+00
6.755063884e-04 0.000000000e+00 0.000000000e+00 0.000000000e+00 0.000000000e+00 0.000000000e+00
2.136138761e-16 0.000000000e+00 0.000000000e+00 0.000000000e+00 0.000000000e+00 0.000000000e+00
6.755063884e-04 2.136138761e-16 1.201239102e-02 0.000000000e+00 9.888300601e-02 2.136138761e-16
2.136138761e-16 2.136138761e-16 1.201239102e-02 6.343347793e-03 6.755063884e-04 8.504291525e-01

1.896236176e-16 1.426198326e-03 0.000000000e+00 0.000000000e+00 0.000000000e+00 1.896236176e-16
1.896236176e-16 0.000000000e+00 0.000000000e+00 0.000000000e+00 0.000000000e+00 0.000000000e+00
1.896236176e-16 0.000000000e+00 0.000000000e+00 0.000000000e+00 0.000000000e+00 0.000000000e+00
1.896236176e-16 0.000000000e+00 0.000000000e+00 0.000000000e+00 0.000000000e+00 0.000000000e+00
1.896236176e-16 1.896236176e-16 3.392090393e-03 0.000000000e+00 0.000000000e+00 0.000000000e+00
1.896236176e-16 1.896236176e-16 2.857069327e-02 3.392090393e-03 1.896236176e-16 9.632189276e-01

1.817803933e-16 5.748400767e-04 0.000000000e+00 0.000000000e+00 0.000000000e+00 1.817803933e-16
1.817803933e-16 0.000000000e+00 0.000000000e+00 0.000000000e+00 0.000000000e+00 0.000000000e+00
1.817803933e-16 0.000000000e+00 0.000000000e+00 0.000000000e+00 0.000000000e+00 0.000000000e+00
1.817803933e-16 0.000000000e+00 0.000000000e+00 0.000000000e+00 0.000000000e+00 0.000000000e+00
1.817803933e-16 5.748400767e-04 0.000000000e+00 0.000000000e+00 0.000000000e+00 0.000000000e+00
1.817803933e-16 1.817803933e-16 8.960869971e-03 1.817803933e-16 0.000000000e+00 9.898894499e-01

1.950908750e-16 1.950908750e-16 0.000000000e+00 0.000000000e+00 0.000000000e+00 1.950908750e-16
1.950908750e-16 0.000000000e+00 0.000000000e+00 0.000000000e+00 0.000000000e+00 0.000000000e+00
9.450874373e-02 0.000000000e+00 0.000000000e+00 0.000000000e+00 0.000000000e+00 0.000000000e+00
1.950908750e-16 0.000000000e+00 0.000000000e+00 0.000000000e+00 0.000000000e+00 0.000000000e+00
0.000000000e+00 1.950908750e-16 0.000000000e+00 0.000000000e+00 0.000000000e+00 0.000000000e+00
1.950908750e-16 1.950908750e-16 1.467318696e-03 0.000000000e+00 0.000000000e+00 9.040239376e-01

5.707755331e-04 1.357540650e-03 0.000000000e+00 0.000000000e+00 0.000000000e+00 1.804950717e-16
1.804950717e-16 0.000000000e+00 0.000000000e+00 0.000000000e+00 0.000000000e+00 0.000000000e+00
1.804950717e-16 0.000000000e+00 0.000000000e+00 0.000000000e+00 0.000000000e+00 0.000000000e+00
0.000000000e+00 0.000000000e+00 0.000000000e+00 0.000000000e+00 0.000000000e+00 0.000000000e+00
0.000000000e+00 0.000000000e+00 0.000000000e+00 0.000000000e+00 0.000000000e+00 0.000000000e+00
1.357540650e-03 5.707755331e-04 5.707755331e-04 0.000000000e+00 0.000000000e+00 9.955725921e-01

1.854150344e-16 5.863338211e-04 0.000000000e+00 0.000000000e+00 0.000000000e+00 1.854150344e-16
1.854150344e-16 0.000000000e+00 0.000000000e+00 0.000000000e+00 0.000000000e+00 0.000000000e+00
0.000000000e+00 0.000000000e+00 0.000000000e+00 0.000000000e+00 0.000000000e+00 0.000000000e+00
0.000000000e+00 0.000000000e+00 0.000000000e+00 0.000000000e+00 0.000000000e+00 0.000000000e+00
0.000000000e+00 0.000000000e+00 0.000000000e+00 0.000000000e+00 0.000000000e+00 0.000000000e+00
2.479890133e-02 0.000000000e+00 5.863338211e-04 0.000000000e+00 0.000000000e+00 9.740284310e-01

1.458545438e-03 7.950191110e-02 0.000000000e+00 0.000000000e+00 0.000000000e+00 0.000000000e+00
6.132428150e-04 0.000000000e+00 0.000000000e+00 0.000000000e+00 0.000000000e+00 0.000000000e+00
0.000000000e+00 0.000000000e+00 0.000000000e+00 0.000000000e+00 0.000000000e+00 0.000000000e+00
0.000000000e+00 0.000000000e+00 0.000000000e+00 0.000000000e+00 0.000000000e+00 0.000000000e+00
0.000000000e+00 0.000000000e+00 0.000000000e+00 0.000000000e+00 0.000000000e+00 0.000000000e+00
1.939244054e-16 0.000000000e+00 9.184263007e-01 0.000000000e+00 0.000000000e+00 0.000000000e+00

7.403228152e-01 2.590250083e-01 0.000000000e+00 0.000000000e+00 0.000000000e+00 0.000000000e+00
6.521764896e-04 0.000000000e+00 0.000000000e+00 0.000000000e+00 0.000000000e+00 0.000000000e+00
0.000000000e+00 0.000000000e+00 0.000000000e+00 0.000000000e+00 0.000000000e+00 0.000000000e+00
0.000000000e+00 0.000000000e+00 0.000000000e+00 0.000000000e+00 0.000000000e+00 0.000000000e+00
0.000000000e+00 0.000000000e+00 0.000000000e+00 0.000000000e+00 0.000000000e+00 0.000000000e+00
0.000000000e+00 0.000000000e+00 0.000000000e+00 0.000000000e+00 0.000000000e+00 0.000000000e+00

0.000000000e+00 0.000000000e+00 0.000000000e+00 0.000000000e+00 0.000000000e+00 0.000000000e+00
0.000000000e+00 0.000000000e+00 0.000000000e+00 0.000000000e+00 0.000000000e+00 0.000000000e+00
0.000000000e+00 0.000000000e+00 0.000000000e+00 0.000000000e+00 0.000000000e+00 0.000000000e+00
0.000000000e+00 0.000000000e+00 0.000000000e+00 0.000000000e+00 0.000000000e+00 0.000000000e+00
0.000000000e+00 0.000000000e+00 0.000000000e+00 0.000000000e+00 0.000000000e+00 0.000000000e+00
0.000000000e+00 0.000000000e+00 0.000000000e+00 0.000000000e+00 0.000000000e+00 0.000000000e+00

