2.809514982e-16 8.884466465e-04 2.113094146e-03 4.278498627e-01 2.360643568e-01 2.809514982e-16
8.884466465e-04 2.809514982e-16 7.834467410e-02 2.809514982e-16 6.237821181e-02 1.011588544e-02
8.884466465e-04 2.809514982e-16 1.035492588e-01 0.000000000e+00 4.719493633e-02 8.884466465e-04
2.113094146e-03 2.809514982e-16 1.011588544e-02 5.025813187e-03 2.113094146e-03 5.025813187e-03
8.884466465e-04 2.809514982e-16 2.809514982e-16 2.809514982e-16 8.884466465e-04 8.884466465e-04
2.809514982e-16 8.884466465e-04 2.809514982e-16 8.884466465e-04 2.809514982e-16 2.809514982e-16

1.520331910e-03 2.021393740e-16 2.021393740e-16 2.523785755e-03 2.523785755e-03 2.021393740e-16
6.392208266e-04 2.021393740e-16 0.000000000e+00 0.000000000e+00 2.523785755e-03 4.779290420e-03
6.392208266e-04 6.392208266e-04 9.469977989e-01 0.000000000e+00 4.779290420e-03 2.021393740e-16
2.021393740e-16 2.021393740e-16 2.045506645e-02 2.021393740e-16 3.615979049e-03 1.520331910e-03
6.392208266e-04 2.021393740e-16 2.021393740e-16 2.523785755e-03 6.392208266e-04 1.520331910e-03
2.021393740e-16 2.021393740e-16 2.021393740e-16 1.520331910e-03 2.021393740e-16 2.021393740e-16

1.948463495e-16 6.161582584e-04 1.948463495e-16 6.161582584e-04 1.948463495e-16 1.948463495e-16
1.948463495e-16 1.948463495e-16 0.000000000e+00 0.000000000e+00 1.465479570e-03 6.161582584e-04
1.948463495e-16 1.948463495e-16 5.786038734e-03 0.000000000e+00 4.146577350e-02 1.948463495e-16
1.948463495e-16 1.948463495e-16 1.465479570e-03 0.000000000e+00 0.000000000e+00 6.161582584e-04
1.948463495e-16 1.948463495e-16 1.948463495e-16 9.461202791e-01 1.948463495e-16 6.161582584e-04
1.948463495e-16 1.948463495e-16 1.948463495e-16 6.161582584e-04 1.948463495e-16 1.948463495e-16

