2.554020676e-16 8.076522528e-04 2.554020676e-16 7.584264521e-03 8.076522528e-04 2.554020676e-16
2.554020676e-16 2.554020676e-16 8.076522528e-04 1.902209178e-01 8.076522528e-04 8.076522528e-04
8.076522528e-04 2.554020676e-16 2.618030028e-01 2.554020676e-16 4.812375630e-01 1.993671493e-02
8.076522528e-04 2.554020676e-16 6.038609059e-03 2.187179634e-02 8.076522528e-04 2.554020676e-16
8.076522528e-04 2.554020676e-16 2.554020676e-16 8.076522528e-04 2.554020676e-16 2.554020676e-16
8.076522528e-04 8.076522528e-04 8.076522528e-04 8.076522528e-04 2.554020676e-16 2.554020676e-16

2.604262136e-16 2.604262136e-16 8.235399974e-04 2.604262136e-16 2.604262136e-16 2.604262136e-16
2.604262136e-16 2.604262136e-16 4.374704761e-02 8.544064486e-02 2.604262136e-16 2.604262136e-16
2.032890035e-02 1.375225003e-01 2.604262136e-16 0.000000000e+00 2.539319170e-01 6.157397656e-03
2.604262136e-16 8.235399974e-04 0.000000000e+00 4.504009723e-01 2.604262136e-16 2.604262136e-16
2.604262136e-16 2.604262136e-16 2.604262136e-16 8.235399974e-04 2.604262136e-16 2.604262136e-16
2.604262136e-16 2.604262136e-16 2.604262136e-16 2.604262136e-16 2.604262136e-16 2.604262136e-16

1.750469637e-02 2.799799683e-03 2.242463545e-16 2.242463545e-16 2.242463545e-16 2.242463545e-16
2.242463545e-16 2.242463545e-16 4.364455771e-02 3.766946427e-02 2.242463545e-16 2.242463545e-16
2.447859818e-02 0.000000000e+00 0.000000000e+00 0.000000000e+00 8.376792592e-01 1.686603069e-03
4.011440739e-03 1.686603069e-03 0.000000000e+00 2.812984848e-02 2.242463545e-16 2.242463545e-16
2.242463545e-16 2.242463545e-16 2.242463545e-16 2.242463545e-16 2.242463545e-16 2.242463545e-16
7.091292373e-04 2.242463545e-16 2.242463545e-16 2.242463545e-16 2.242463545e-16 2.242463545e-16

1.066800790e-02 6.843530259e-04 2.164114285e-16 6.843530259e-04 2.164114285e-16 2.164114285e-16
0.000000000e+00 2.164114285e-16 3.076481517e-02 1.528469403e-02 2.164114285e-16 2.164114285e-16
3.871285322e-03 0.000000000e+00 0.000000000e+00 0.000000000e+00 8.901891756e-01 6.843530259e-04
3.871285322e-03 1.627674975e-03 0.000000000e+00 2.020199529e-02 2.164114285e-16 2.164114285e-16
2.164114285e-16 2.164114285e-16 3.871285322e-03 0.000000000e+00 2.164114285e-16 2.164114285e-16
2.164114285e-16 2.164114285e-16 6.843530259e-04 1.528469403e-02 2.164114285e-16 1.627674975e-03

5.756524094e-04 1.820372754e-16 1.820372754e-16 0.000000000e+00 1.820372754e-16 1.820372754e-16
0.000000000e+00 1.820372754e-16 3.256381778e-03 5.756524094e-04 1.820372754e-16 1.820372754e-16
1.820372754e-16 0.000000000e+00 0.000000000e+00 0.000000000e+00 9.912883078e-01 1.820372754e-16
1.820372754e-16 1.820372754e-16 0.000000000e+00 4.304005644e-03 1.820372754e-16 1.820372754e-16
1.820372754e-16 1.820372754e-16 1.820372754e-16 0.000000000e+00 1.820372754e-16 1.820372754e-16
1.820372754e-16 1.820372754e-16 1.820372754e-16 1.820372754e-16 0.000000000e+00 1.820372754e-16

9.140394381e-03 2.538588946e-16 2.538588946e-16 0.000000000e+00 1.909325089e-03 1.080077374e-02
0.000000000e+00 2.538588946e-16 1.368531123e-01 4.713126210e-02 2.538588946e-16 2.011129332e-01
5.700121248e-01 0.000000000e+00 0.000000000e+00 0.000000000e+00 0.000000000e+00 0.000000000e+00
4.541165960e-03 2.538588946e-16 0.000000000e+00 2.538588946e-16 8.027723113e-04 2.538588946e-16
2.538588946e-16 2.538588946e-16 3.169523331e-03 0.000000000e+00 2.538588946e-16 3.169523331e-03
2.538588946e-16 2.538588946e-16 1.909325089e-03 7.538439394e-03 0.000000000e+00 1.909325089e-03

1.831790170e-16 1.831790170e-16 1.831790170e-16 0.000000000e+00 1.831790170e-16 1.831790170e-16
0.000000000e+00 1.831790170e-16 9.814635868e-01 1.831790170e-16 0.000000000e+00 1.853641322e-02
1.831790170e-16 0.000000000e+00 0.000000000e+00 0.000000000e+00 0.000000000e+00 0.000000000e+00
1.831790170e-16 1.831790170e-16 0.000000000e+00 1.831790170e-16 1.831790170e-16 1.831790170e-16
1.831790170e-16 0.000000000e+00 1.831790170e-16 0.000000000e+00 1.831790170e-16 1.831790170e-16
1.831790170e-16 1.831790170e-16 1.831790170e-16 1.831790170e-16 0.000000000e+00 1.831790170e-16

0.000000000e+00 0.000000000e+00 0.000000000e+00 0.000000000e+00 0.000000000e+00 0.000000000e+00
0.000000000e+00 0.000000000e+00 0.000000000e+00 0.000000000e+00 0.000000000e+00 0.000000000e+00
0.000000000e+00 0.000000000e+00 0.000000000e+00 0.000000000e+00 0.000000000e+00 0.000000000e+00
0.000000000e+00 0.000000000e+00 0.000000000e+00 0.000000000e+00 0.000000000e+00 0.000000000e+00
0.000000000e+00 0.000000000e+00 0.000000000e+00 0.000000000e+00 0.000000000e+00 0.000000000e+00
0.000000000e+00 0.000000000e+00 0.000000000e+00 0.000000000e+00 0.000000000e+00 0.000000000e+00

