2.325537037e-16 2.325537037e-16 2.325537037e-16 2.325537037e-16 2.325537037e-16 2.325537037e-16
2.325537037e-16 2.325537037e-16 2.325537037e-16 1.307745579e-02 2.325537037e-16 2.325537037e-16
2.325537037e-16 2.325537037e-16 0.000000000e+00 1.991513731e-02 2.981762502e-01 2.325537037e-16
2.325537037e-16 2.170887582e-02 3.110360694e-02 2.325537037e-16 2.325537037e-16 2.325537037e-16
2.325537037e-16 2.325537037e-16 6.160186739e-01 2.325537037e-16 2.325537037e-16 2.325537037e-16
2.325537037e-16 2.325537037e-16 2.325537037e-16 2.325537037e-16 2.325537037e-16 2.325537037e-16

1.773306804e-16 1.773306804e-16 1.773306804e-16 1.773306804e-16 1.773306804e-16 1.773306804e-16
1.773306804e-16 1.773306804e-16 1.773306804e-16 1.773306804e-16 1.773306804e-16 1.773306804e-16
1.773306804e-16 1.773306804e-16 0.000000000e+00 1.000000000e+00 1.773306804e-16 1.773306804e-16
1.773306804e-16 0.000000000e+00 1.773306804e-16 0.000000000e+00 1.773306804e-16 1.773306804e-16
1.773306804e-16 1.773306804e-16 1.773306804e-16 1.773306804e-16 1.773306804e-16 1.773306804e-16
1.773306804e-16 1.773306804e-16 1.773306804e-16 1.773306804e-16 1.773306804e-16 1.773306804e-16

2.435700070e-16 2.435700070e-16 4.091549980e-02 2.435700070e-16 2.435700070e-16 2.435700070e-16
2.435700070e-16 2.435700070e-16 3.041062718e-03 0.000000000e+00 2.435700070e-16 4.357112743e-03
4.961024225e-02 2.435700070e-16 0.000000000e+00 0.000000000e+00 2.435700070e-16 2.435700070e-16
2.435700070e-16 0.000000000e+00 2.435700070e-16 0.000000000e+00 6.194080962e-01 2.273724714e-02
5.758857257e-03 2.435700070e-16 2.435700070e-01 2.435700070e-16 2.435700070e-16 2.435700070e-16
2.435700070e-16 8.769934678e-03 2.435700070e-16 1.831940243e-03 2.435700070e-16 2.435700070e-16

3.675147188e-03 9.308359946e-04 6.535438573e-02 9.308359946e-04 2.213913575e-03 2.213913575e-03
9.308359946e-04 2.078977199e-02 9.308359946e-04 0.000000000e+00 1.252378642e-02 6.959622349e-03
4.688489672e-02 0.000000000e+00 0.000000000e+00 0.000000000e+00 0.000000000e+00 9.308359946e-04
9.308359946e-04 0.000000000e+00 9.308359946e-04 0.000000000e+00 3.936956926e-02 1.084897756e-01
2.213913575e-03 3.451149716e-02 4.805076573e-01 2.213913575e-03 6.959622349e-03 9.308359946e-04
9.308359946e-04 1.489903569e-01 2.213913575e-03 3.675147188e-03 9.308359946e-04 9.308359946e-04

0.000000000e+00 0.000000000e+00 0.000000000e+00 0.000000000e+00 0.000000000e+00 0.000000000e+00
0.000000000e+00 0.000000000e+00 0.000000000e+00 0.000000000e+00 0.000000000e+00 0.000000000e+00
0.000000000e+00 0.000000000e+00 0.000000000e+00 0.000000000e+00 0.000000000e+00 0.000000000e+00
0.000000000e+00 0.000000000e+00 0.000000000e+00 0.000000000e+00 0.000000000e+00 0.000000000e+00
0.000000000e+00 0.000000000e+00 0.000000000e+00 0.000000000e+00 0.000000000e+00 0.000000000e+00
0.000000000e+00 0.000000000e+00 0.000000000e+00 0.000000000e+00 0.000000000e+00 0.000000000e+00

