2.454900024e-16 2.454900024e-16 2.454900024e-16 2.454900024e-16 2.454900024e-16 2.454900024e-16
2.454900024e-16 2.454900024e-16 2.878223015e-02 7.763075505e-04 2.454900024e-16 2.454900024e-16
2.454900024e-16 1.733845389e-02 9.808110655e-02 2.454900024e-16 1.846380925e-03 2.454900024e-16
2.454900024e-16 2.454900024e-16 9.808110655e-02 6.802512666e-01 5.000130616e-02 2.454900024e-16
2.454900024e-16 2.454900024e-16 2.454900024e-16 2.484184161e-02 2.454900024e-16 2.454900024e-16
2.454900024e-16 2.454900024e-16 2.454900024e-16 2.454900024e-16 2.454900024e-16 2.454900024e-16

2.155230492e-16 2.155230492e-16 2.155230492e-16 2.155230492e-16 2.155230492e-16 2.155230492e-16
2.155230492e-16 2.155230492e-16 2.155230492e-16 2.011906513e-02 2.155230492e-16 2.155230492e-16
2.155230492e-16 2.155230492e-16 6.071389226e-01 0.000000000e+00 2.155230492e-16 2.155230492e-16
2.155230492e-16 2.155230492e-16 0.000000000e+00 2.155230492e-16 2.155230492e-16 2.155230492e-16
2.155230492e-16 2.155230492e-16 2.155230492e-16 3.727420122e-01 2.155230492e-16 2.155230492e-16
2.155230492e-16 2.155230492e-16 2.155230492e-16 2.155230492e-16 2.155230492e-16 2.155230492e-16

2.090971984e-16 2.090971984e-16 2.090971984e-16 6.441946266e-01 2.090971984e-16 2.090971984e-16
2.090971984e-16 2.090971984e-16 2.090971984e-16 2.090971984e-16 2.090971984e-16 2.090971984e-16
2.090971984e-16 3.558053734e-01 2.090971984e-16 0.000000000e+00 2.090971984e-16 2.090971984e-16
2.090971984e-16 2.090971984e-16 0.000000000e+00 0.000000000e+00 2.090971984e-16 2.090971984e-16
2.090971984e-16 2.090971984e-16 2.090971984e-16 0.000000000e+00 2.090971984e-16 2.090971984e-16
2.090971984e-16 2.090971984e-16 2.090971984e-16 2.090971984e-16 2.090971984e-16 2.090971984e-16

8.159519081e-04 2.580266490e-16 2.580266490e-16 0.000000000e+00 2.580266490e-16 9.290457743e-03
1.940671629e-03 1.306019178e-01 4.679472586e-01 0.000000000e+00 2.580266490e-16 1.891397522e-01
1.940671629e-03 1.800906400e-01 1.271943145e-02 0.000000000e+00 2.580266490e-16 2.580266490e-16
2.580266490e-16 2.580266490e-16 0.000000000e+00 0.000000000e+00 2.580266490e-16 2.580266490e-16
2.580266490e-16 8.159519081e-04 1.940671629e-03 0.000000000e+00 2.580266490e-16 2.580266490e-16
2.580266490e-16 2.580266490e-16 2.580266490e-16 8.159519081e-04 1.940671629e-03 2.580266490e-16

1.809071124e-16 1.809071124e-16 1.809071124e-16 0.000000000e+00 1.809071124e-16 5.720785201e-04
1.809071124e-16 1.360639693e-03 9.946644317e-01 0.000000000e+00 0.000000000e+00 2.258693021e-03
5.720785201e-04 0.000000000e+00 1.809071124e-16 0.000000000e+00 1.809071124e-16 1.809071124e-16
1.809071124e-16 1.809071124e-16 0.000000000e+00 0.000000000e+00 1.809071124e-16 1.809071124e-16
1.809071124e-16 1.809071124e-16 1.809071124e-16 0.000000000e+00 1.809071124e-16 1.809071124e-16
1.809071124e-16 1.809071124e-16 1.809071124e-16 1.809071124e-16 5.720785201e-04 1.809071124e-16

