2.298979652e-16 2.298979652e-16 2.298979652e-16 2.298979652e-16 2.298979652e-16 2.298979652e-16
2.298979652e-16 2.298979652e-16 1.163643959e-01 2.298979652e-16 2.298979652e-16 2.298979652e-16
2.298979652e-16 1.729109998e-03 1.729109998e-03 2.298979652e-16 7.270011994e-04 2.298979652e-16
2.298979652e-16 2.298979652e-16 4.331818357e-01 0.000000000e+00 4.462685472e-01 2.298979652e-16
2.298979652e-16 2.298979652e-16 2.298979652e-16 2.298979652e-16 2.298979652e-16 2.298979652e-16
2.298979652e-16 2.298979652e-16 2.298979652e-16 2.298979652e-16 2.298979652e-16 2.298979652e-16

7.667206822e-04 7.667206822e-04 7.667206822e-04 7.667206822e-04 7.667206822e-04 7.667206822e-04
7.667206822e-04 7.667206822e-04 6.165811559e-01 4.337227149e-03 1.823579381e-03 7.667206822e-04
7.667206822e-04 7.199896301e-03 0.000000000e+00 0.000000000e+00 7.667206822e-04 7.667206822e-04
7.667206822e-04 5.835454019e-02 3.027183495e-03 0.000000000e+00 2.887416799e-01 7.667206822e-04
7.667206822e-04 7.667206822e-04 7.667206822e-04 7.667206822e-04 7.667206822e-04 7.667206822e-04
7.667206822e-04 7.667206822e-04 7.667206822e-04 7.667206822e-04 7.667206822e-04 7.667206822e-04

7.350803752e-04 7.350803752e-04 7.350803752e-04 7.350803752e-04 7.350803752e-04 7.350803752e-04
7.350803752e-04 0.000000000e+00 7.016233530e-01 2.902260537e-03 5.496007715e-03 7.350803752e-04
7.350803752e-04 7.350803752e-04 0.000000000e+00 0.000000000e+00 7.350803752e-04 7.350803752e-04
7.350803752e-04 2.470708174e-01 7.350803752e-04 0.000000000e+00 1.307178296e-02 7.350803752e-04
7.350803752e-04 7.350803752e-04 7.350803752e-04 7.350803752e-04 0.000000000e+00 1.145876902e-02
7.350803752e-04 7.350803752e-04 7.350803752e-04 7.350803752e-04 7.350803752e-04 7.350803752e-04

1.738757327e-03 7.310574018e-04 7.310574018e-04 5.465928973e-03 7.310574018e-04 7.310574018e-04
4.135485169e-03 0.000000000e+00 3.055547186e-01 7.310574018e-04 8.323845844e-03 7.310574018e-04
2.886376945e-03 7.310574018e-04 0.000000000e+00 0.000000000e+00 7.310574018e-04 7.310574018e-04
1.738757327e-03 0.000000000e+00 6.548039244e-01 0.000000000e+00 7.310574018e-04 7.310574018e-04
7.310574018e-04 7.310574018e-04 7.310574018e-04 7.310574018e-04 0.000000000e+00 7.310574018e-04
7.310574018e-04 7.310574018e-04 7.310574018e-04 7.310574018e-04 7.310574018e-04 0.000000000e+00

0.000000000e+00 0.000000000e+00 0.000000000e+00 0.000000000e+00 0.000000000e+00 0.000000000e+00
0.000000000e+00 0.000000000e+00 0.000000000e+00 0.000000000e+00 0.000000000e+00 0.000000000e+00
0.000000000e+00 0.000000000e+00 0.000000000e+00 0.000000000e+00 0.000000000e+00 0.000000000e+00
0.000000000e+00 0.000000000e+00 0.000000000e+00 0.000000000e+00 0.000000000e+00 0.000000000e+00
0.000000000e+00 0.000000000e+00 0.000000000e+00 0.000000000e+00 0.000000000e+00 0.000000000e+00
0.000000000e+00 0.000000000e+00 0.000000000e+00 0.000000000e+00 0.000000000e+00 0.000000000e+00

