7.943555016e-04 7.943555016e-04 7.943555016e-04 7.943555016e-04 7.943555016e-04 7.943555016e-04
7.943555016e-04 2.511972657e-16 2.511972657e-16 1.889306429e-03 2.511972657e-16 7.943555016e-04
7.943555016e-04 2.511972657e-16 7.943555016e-04 2.344925134e-02 7.459401279e-03 7.943555016e-04
7.943555016e-04 7.943555016e-04 5.273672137e-01 2.511972657e-16 3.353343858e-01 1.591313562e-02
7.943555016e-04 2.511972657e-16 7.943555016e-04 6.762386098e-02 7.943555016e-04 7.943555016e-04
2.511972657e-16 2.511972657e-16 2.511972657e-16 7.459401279e-03 2.511972657e-16 2.511972657e-16

2.609201485e-16 2.609201485e-16 2.609201485e-16 2.609201485e-16 2.609201485e-16 1.962434235e-03
2.609201485e-16 2.609201485e-16 2.609201485e-16 1.962434235e-03 2.609201485e-16 2.609201485e-16
2.609201485e-16 2.609201485e-16 0.000000000e+00 3.832050754e-01 1.962434235e-03 2.609201485e-16
2.609201485e-16 2.740307448e-01 2.609201485e-16 0.000000000e+00 1.611178871e-01 3.257685730e-03
2.609201485e-16 2.609201485e-16 6.279789552e-02 1.097034088e-01 2.609201485e-16 2.609201485e-16
2.609201485e-16 2.609201485e-16 2.609201485e-16 2.609201485e-16 2.609201485e-16 2.609201485e-16

2.090871662e-16 2.090871662e-16 2.090871662e-16 2.090871662e-16 2.090871662e-16 2.090871662e-16
2.090871662e-16 2.090871662e-16 2.090871662e-16 2.610531542e-03 2.090871662e-16 2.090871662e-16
2.090871662e-16 0.000000000e+00 0.000000000e+00 2.090871662e-16 2.090871662e-16 2.090871662e-16
2.090871662e-16 2.090871662e-16 0.000000000e+00 0.000000000e+00 6.903098360e-01 2.090871662e-16
2.090871662e-16 2.090871662e-16 2.090871662e-16 3.070796324e-01 2.090871662e-16 2.090871662e-16
2.090871662e-16 2.090871662e-16 2.090871662e-16 2.090871662e-16 2.090871662e-16 2.090871662e-16

1.773306804e-16 1.773306804e-16 1.773306804e-16 1.773306804e-16 1.773306804e-16 1.773306804e-16
1.773306804e-16 1.773306804e-16 1.773306804e-16 1.773306804e-16 1.773306804e-16 1.773306804e-16
1.773306804e-16 0.000000000e+00 0.000000000e+00 0.000000000e+00 1.773306804e-16 1.773306804e-16
1.773306804e-16 0.000000000e+00 0.000000000e+00 0.000000000e+00 1.000000000e+00 1.773306804e-16
1.773306804e-16 1.773306804e-16 1.773306804e-16 1.773306804e-16 1.773306804e-16 1.773306804e-16
1.773306804e-16 1.773306804e-16 1.773306804e-16 1.773306804e-16 1.773306804e-16 1.773306804e-16

