2.506265664e-13 2.506265664e-13 2.506265664e-13 2.506265664e-13 2.506265664e-13 2.506265664e-13
2.506265664e-13 2.506265664e-13 2.506265664e-03 2.506265664e-03 2.506265664e-13 2.506265664e-13
2.506265664e-13 3.233082707e-01 0.000000000e+00 4.035087719e-01 2.506265664e-03 2.506265664e-13
2.506265664e-13 5.012531329e-03 2.506265664e-13 8.521303258e-02 5.012531329e-03 2.506265664e-13
2.506265664e-13 2.506265664e-03 2.506265664e-13 1.679197995e-01 2.506265664e-13 2.506265664e-13
2.506265664e-13 2.506265664e-13 2.506265664e-13 2.506265664e-13 2.506265664e-13 2.506265664e-13

2.506265664e-03 2.506265664e-03 5.012531329e-03 7.518796993e-03 2.506265664e-03 2.506265664e-03
5.012531329e-03 2.005012531e-02 8.020050125e-02 5.012531329e-03 2.857142857e-01 5.012531329e-03
5.012531329e-03 2.506265664e-02 0.000000000e+00 7.518796992e-02 2.506265664e-03 5.012531329e-03
2.506265664e-03 0.000000000e+00 0.000000000e+00 3.884711779e-01 5.012531329e-03 2.506265664e-03
2.506265664e-03 5.012531329e-03 5.012531329e-03 3.258145363e-02 2.506265664e-03 2.506265664e-03
2.506265664e-03 2.506265664e-03 2.506265664e-03 2.506265664e-03 2.506265664e-03 2.506265664e-03

2.506265664e-13 2.506265664e-13 2.506265664e-13 2.506265664e-13 2.506265664e-13 2.506265664e-13
2.506265664e-03 2.506265664e-13 5.338345865e-01 0.000000000e+00 4.461152882e-01 2.506265664e-13
2.506265664e-13 7.518796993e-03 0.000000000e+00 2.506265664e-13 2.506265664e-13 2.506265664e-13
2.506265664e-13 0.000000000e+00 0.000000000e+00 0.000000000e+00 2.506265664e-13 2.506265664e-13
2.506265664e-03 2.506265664e-13 2.506265664e-13 2.506265664e-03 2.506265664e-03 2.506265664e-13
2.506265664e-13 2.506265664e-13 2.506265664e-13 2.506265664e-03 2.506265664e-13 2.506265664e-13

2.506265664e-13 2.506265664e-13 2.506265664e-13 2.506265664e-13 2.506265664e-13 2.506265664e-13
2.506265664e-03 0.000000000e+00 9.323308271e-01 0.000000000e+00 6.265664160e-02 2.506265664e-13
2.506265664e-13 2.506265664e-13 0.000000000e+00 2.506265664e-13 2.506265664e-13 2.506265664e-13
2.506265664e-13 0.000000000e+00 0.000000000e+00 0.000000000e+00 2.506265664e-13 2.506265664e-13
2.506265664e-03 2.506265664e-13 2.506265664e-13 2.506265664e-13 0.000000000e+00 2.506265664e-13
2.506265664e-13 2.506265664e-13 2.506265664e-13 2.506265664e-13 2.506265664e-13 2.506265664e-13

2.506265664e-13 2.506265664e-13 2.506265664e-13 1.503759399e-02 2.506265664e-13 2.506265664e-13
0.000000000e+00 0.000000000e+00 7.869674185e-01 0.000000000e+00 1.879699248e-01 2.506265664e-13
2.506265664e-03 2.506265664e-13 0.000000000e+00 2.506265664e-13 2.506265664e-13 2.506265664e-13
2.506265664e-13 0.000000000e+00 0.000000000e+00 0.000000000e+00 2.506265664e-13 2.506265664e-13
2.506265664e-13 5.012531329e-03 2.506265664e-13 2.506265664e-13 0.000000000e+00 2.506265664e-13
2.506265664e-13 2.506265664e-13 2.506265664e-13 2.506265664e-13 2.506265664e-03 0.000000000e+00

2.506265664e-13 2.506265664e-13 2.506265664e-13 2.506265664e-13 2.506265664e-13 1.503759399e-02
0.000000000e+00 0.000000000e+00 7.619047619e-01 0.000000000e+00 2.506265664e-13 2.506265664e-03
2.506265664e-13 2.506265664e-13 0.000000000e+00 0.000000000e+00 2.506265664e-13 2.506265664e-13
2.506265664e-13 0.000000000e+00 0.000000000e+00 0.000000000e+00 2.506265664e-13 2.506265664e-13
2.506265664e-13 2.205513784e-01 2.506265664e-13 2.506265664e-13 0.000000000e+00 2.506265664e-13
2.506265664e-13 0.000000000e+00 2.506265664e-13 2.506265664e-13 2.506265664e-13 0.000000000e+00

2.506265664e-13 2.506265664e-13 2.506265664e-13 3.383458647e-01 2.506265664e-13 3.107769424e-01
0.000000000e+00 0.000000000e+00 0.000000000e+00 0.000000000e+00 0.000000000e+00 2.506265664e-13
3.759398496e-02 2.506265664e-13 0.000000000e+00 0.000000000e+00 2.506265664e-13 2.506265664e-13
2.506265664e-13 0.000000000e+00 0.000000000e+00 0.000000000e+00 2.506265664e-13 2.506265664e-13
2.506265664e-13 2.506265664e-13 2.506265664e-13 2.506265664e-13 0.000000000e+00 2.506265664e-13
2.982456140e-01 0.000000000e+00 2.506265664e-13 2.506265664e-13 1.503759399e-02 0.000000000e+00

