2.554020676e-16 8.076522528e-04 2.554020676e-16 7.584264521e-03 8.076522528e-04 2.554020676e-16
2.554020676e-16 2.554020676e-16 8.076522528e-04 1.902209178e-01 8.076522528e-04 8.076522528e-04
8.076522528e-04 2.554020676e-16 2.618030028e-01 2.554020676e-16 4.812375630e-01 1.993671493e-02
8.076522528e-04 2.554020676e-16 6.038609059e-03 2.187179634e-02 8.076522528e-04 2.554020676e-16
8.076522528e-04 2.554020676e-16 2.554020676e-16 8.076522528e-04 2.554020676e-16 2.554020676e-16
8.076522528e-04 8.076522528e-04 8.076522528e-04 8.076522528e-04 2.554020676e-16 2.554020676e-16

2.437015920e-16 2.437015920e-16 2.437015920e-16 3.042705606e-03 2.437015920e-16 2.437015920e-16
2.437015920e-16 2.437015920e-16 2.437015920e-16 3.777624590e-01 2.437015920e-16 2.437015920e-16
2.437015920e-16 2.437015920e-16 1.757809360e-01 0.000000000e+00 3.877647878e-01 2.437015920e-16
2.437015920e-16 2.437015920e-16 0.000000000e+00 2.437015920e-16 7.706521003e-04 2.437015920e-16
2.437015920e-16 2.437015920e-16 7.706521003e-04 5.410780730e-02 2.437015920e-16 2.437015920e-16
2.437015920e-16 2.437015920e-16 2.437015920e-16 2.437015920e-16 2.437015920e-16 2.437015920e-16

2.050155938e-16 2.050155938e-16 2.050155938e-16 2.050155938e-16 2.050155938e-16 2.050155938e-16
2.050155938e-16 2.050155938e-16 2.050155938e-16 2.441513870e-01 2.050155938e-16 2.050155938e-16
2.050155938e-16 2.050155938e-16 2.050155938e-16 0.000000000e+00 7.558486130e-01 2.050155938e-16
2.050155938e-16 2.050155938e-16 0.000000000e+00 0.000000000e+00 2.050155938e-16 2.050155938e-16
2.050155938e-16 2.050155938e-16 2.050155938e-16 2.050155938e-16 0.000000000e+00 2.050155938e-16
2.050155938e-16 2.050155938e-16 2.050155938e-16 2.050155938e-16 2.050155938e-16 2.050155938e-16

1.773306804e-16 1.773306804e-16 1.773306804e-16 1.773306804e-16 1.773306804e-16 1.773306804e-16
1.773306804e-16 1.773306804e-16 1.773306804e-16 1.773306804e-16 1.773306804e-16 1.773306804e-16
1.773306804e-16 1.773306804e-16 0.000000000e+00 0.000000000e+00 1.000000000e+00 1.773306804e-16
1.773306804e-16 1.773306804e-16 0.000000000e+00 0.000000000e+00 1.773306804e-16 1.773306804e-16
1.773306804e-16 1.773306804e-16 1.773306804e-16 1.773306804e-16 0.000000000e+00 1.773306804e-16
1.773306804e-16 0.000000000e+00 1.773306804e-16 1.773306804e-16 1.773306804e-16 1.773306804e-16

