7.943555016e-04 7.943555016e-04 7.943555016e-04 7.943555016e-04 7.943555016e-04 7.943555016e-04
7.943555016e-04 2.511972657e-16 2.511972657e-16 1.889306429e-03 2.511972657e-16 7.943555016e-04
7.943555016e-04 2.511972657e-16 7.943555016e-04 2.344925134e-02 7.459401279e-03 7.943555016e-04
7.943555016e-04 7.943555016e-04 5.273672137e-01 2.511972657e-16 3.353343858e-01 1.591313562e-02
7.943555016e-04 2.511972657e-16 7.943555016e-04 6.762386098e-02 7.943555016e-04 7.943555016e-04
2.511972657e-16 2.511972657e-16 2.511972657e-16 7.459401279e-03 2.511972657e-16 2.511972657e-16

2.609201485e-16 2.609201485e-16 2.609201485e-16 2.609201485e-16 2.609201485e-16 1.962434235e-03
2.609201485e-16 2.609201485e-16 2.609201485e-16 1.962434235e-03 2.609201485e-16 2.609201485e-16
2.609201485e-16 2.609201485e-16 0.000000000e+00 3.832050754e-01 1.962434235e-03 2.609201485e-16
2.609201485e-16 2.740307448e-01 2.609201485e-16 0.000000000e+00 1.611178871e-01 3.257685730e-03
2.609201485e-16 2.609201485e-16 6.279789552e-02 1.097034088e-01 2.609201485e-16 2.609201485e-16
2.609201485e-16 2.609201485e-16 2.609201485e-16 2.609201485e-16 2.609201485e-16 2.609201485e-16

1.888744280e-03 2.511225239e-16 0.000000000e+00 2.511225239e-16 2.511225239e-16 2.511225239e-16
2.511225239e-16 2.511225239e-16 1.960265326e-02 2.511225239e-16 2.511225239e-16 2.511225239e-16
2.511225239e-16 1.899976158e-01 0.000000000e+00 7.941191473e-04 2.511225239e-16 2.511225239e-16
2.669145763e-01 2.511225239e-16 0.000000000e+00 0.000000000e+00 2.511225239e-16 2.511225239e-16
2.511225239e-16 8.999150463e-02 4.308107866e-01 2.511225239e-16 2.511225239e-16 2.511225239e-16
2.511225239e-16 2.511225239e-16 2.511225239e-16 2.511225239e-16 2.511225239e-16 2.511225239e-16

2.449533887e-16 2.449533887e-16 0.000000000e+00 2.449533887e-16 2.449533887e-16 2.449533887e-16
2.449533887e-16 5.895503816e-02 0.000000000e+00 2.449533887e-16 2.449533887e-16 2.449533887e-16
2.449533887e-16 2.449533887e-16 0.000000000e+00 1.568396997e-01 2.449533887e-16 2.449533887e-16
2.286638576e-02 0.000000000e+00 0.000000000e+00 0.000000000e+00 2.449533887e-16 2.449533887e-16
2.449533887e-16 2.541733324e-01 2.449533887e-16 2.449533887e-16 2.449533887e-16 2.449533887e-16
2.449533887e-16 2.449533887e-16 5.071655441e-01 2.449533887e-16 2.449533887e-16 2.449533887e-16

