2.662529646e-16 8.419658019e-04 3.324267935e-03 2.077599191e-01 4.762877824e-03 2.662529646e-16
2.662529646e-16 2.662529646e-16 9.586652873e-03 2.662529646e-16 0.000000000e+00 2.002543444e-03
2.002543444e-03 2.662529646e-16 1.951698397e-01 3.660425650e-01 1.951698397e-01 2.002543444e-03
2.002543444e-03 2.662529646e-16 2.662529646e-16 3.324267935e-03 2.662529646e-16 2.002543444e-03
2.002543444e-03 2.662529646e-16 2.662529646e-16 2.662529646e-16 2.662529646e-16 2.002543444e-03
2.662529646e-16 2.662529646e-16 2.662529646e-16 2.662529646e-16 2.662529646e-16 2.662529646e-16

2.500882324e-16 2.500882324e-16 2.500882324e-16 1.658665752e-01 2.500882324e-16 2.500882324e-16
2.500882324e-16 2.500882324e-16 1.077844170e-01 0.000000000e+00 0.000000000e+00 2.500882324e-16
2.500882324e-16 2.500882324e-16 4.818941317e-01 2.500882324e-16 2.192281877e-01 1.880965160e-03
2.500882324e-16 2.500882324e-16 2.500882324e-16 0.000000000e+00 2.334572314e-02 2.500882324e-16
2.500882324e-16 2.500882324e-16 2.500882324e-16 2.500882324e-16 2.500882324e-16 2.500882324e-16
2.500882324e-16 2.500882324e-16 2.500882324e-16 2.500882324e-16 2.500882324e-16 2.500882324e-16

2.518945889e-16 4.902567067e-02 2.518945889e-16 5.878975104e-01 2.518945889e-16 2.518945889e-16
2.518945889e-16 2.518945889e-16 1.220264205e-01 0.000000000e+00 0.000000000e+00 2.518945889e-16
2.518945889e-16 2.518945889e-16 1.385825187e-01 0.000000000e+00 1.241715136e-02 1.241715136e-02
2.518945889e-16 0.000000000e+00 7.763357703e-02 0.000000000e+00 2.518945889e-16 2.518945889e-16
2.518945889e-16 2.518945889e-16 2.518945889e-16 2.518945889e-16 2.518945889e-16 2.518945889e-16
2.518945889e-16 2.518945889e-16 2.518945889e-16 2.518945889e-16 2.518945889e-16 2.518945889e-16

2.447966617e-16 7.741150146e-04 0.000000000e+00 4.612544839e-01 2.447966617e-16 2.447966617e-16
2.447966617e-16 2.447966617e-16 1.680138720e-01 0.000000000e+00 0.000000000e+00 2.447966617e-16
2.447966617e-16 2.540107062e-01 0.000000000e+00 0.000000000e+00 1.159468229e-01 2.447966617e-16
2.447966617e-16 0.000000000e+00 2.447966617e-16 0.000000000e+00 2.447966617e-16 2.447966617e-16
2.447966617e-16 2.447966617e-16 2.447966617e-16 2.447966617e-16 2.447966617e-16 2.447966617e-16
2.447966617e-16 2.447966617e-16 2.447966617e-16 2.447966617e-16 2.447966617e-16 2.447966617e-16

1.841983691e-16 1.841983691e-16 0.000000000e+00 9.837052385e-01 1.841983691e-16 1.841983691e-16
1.841983691e-16 1.841983691e-16 6.632210938e-03 0.000000000e+00 0.000000000e+00 1.841983691e-16
1.841983691e-16 1.841983691e-16 0.000000000e+00 0.000000000e+00 5.824863876e-04 1.841983691e-16
1.841983691e-16 0.000000000e+00 0.000000000e+00 0.000000000e+00 1.841983691e-16 1.841983691e-16
1.841983691e-16 1.841983691e-16 1.841983691e-16 0.000000000e+00 1.841983691e-16 1.841983691e-16
1.841983691e-16 1.841983691e-16 9.080064161e-03 1.841983691e-16 1.841983691e-16 1.841983691e-16

7.395794693e-04 7.395794693e-04 0.000000000e+00 2.193508659e-01 7.395794693e-04 7.395794693e-04
7.395794693e-04 6.949958684e-01 5.628884268e-02 0.000000000e+00 0.000000000e+00 7.395794693e-04
7.395794693e-04 0.000000000e+00 0.000000000e+00 0.000000000e+00 7.395794693e-04 7.395794693e-04
7.395794693e-04 0.000000000e+00 0.000000000e+00 0.000000000e+00 7.395794693e-04 7.395794693e-04
7.395794693e-04 4.183693264e-03 0.000000000e+00 0.000000000e+00 7.395794693e-04 7.395794693e-04
7.395794693e-04 7.395794693e-04 4.183693264e-03 6.945026538e-03 7.395794693e-04 7.395794693e-04

8.948946352e-01 2.027354054e-16 0.000000000e+00 7.265164389e-02 2.027354054e-16 2.027354054e-16
2.027354054e-16 2.711546737e-02 2.531227431e-03 0.000000000e+00 0.000000000e+00 2.027354054e-16
0.000000000e+00 0.000000000e+00 0.000000000e+00 0.000000000e+00 0.000000000e+00 2.027354054e-16
2.027354054e-16 0.000000000e+00 0.000000000e+00 0.000000000e+00 2.027354054e-16 2.027354054e-16
2.027354054e-16 6.411056436e-04 0.000000000e+00 0.000000000e+00 2.027354054e-16 2.027354054e-16
2.027354054e-16 2.027354054e-16 1.524814786e-03 6.411056436e-04 2.027354054e-16 2.027354054e-16

