2.699258974e-16 2.699258974e-16 2.699258974e-16 2.699258974e-16 2.699258974e-16 2.699258974e-16
2.699258974e-16 2.699258974e-16 1.134898598e-01 2.699258974e-16 2.699258974e-16 2.699258974e-16
2.699258974e-16 4.771660812e-02 2.465177752e-01 1.078440280e-01 2.699258974e-16 2.699258974e-16
2.699258974e-16 2.030168330e-03 2.699258974e-16 4.110594138e-01 2.311556955e-02 2.699258974e-16
2.699258974e-16 8.535806354e-04 2.030168330e-03 4.534282829e-02 2.699258974e-16 2.699258974e-16
2.699258974e-16 2.699258974e-16 2.699258974e-16 2.699258974e-16 2.699258974e-16 2.699258974e-16

1.834813594e-16 1.834813594e-16 1.834813594e-16 1.834813594e-16 1.834813594e-16 1.834813594e-16
1.834813594e-16 1.834813594e-16 1.380001136e-03 1.834813594e-16 1.834813594e-16 1.834813594e-16
1.834813594e-16 1.834813594e-16 9.862930654e-01 0.000000000e+00 1.834813594e-16 1.834813594e-16
1.834813594e-16 1.834813594e-16 0.000000000e+00 3.282214338e-03 1.834813594e-16 1.834813594e-16
1.834813594e-16 1.834813594e-16 1.834813594e-16 1.834813594e-16 1.834813594e-16 1.834813594e-16
1.834813594e-16 1.834813594e-16 9.044719149e-03 1.834813594e-16 1.834813594e-16 1.834813594e-16

1.898464787e-16 1.898464787e-16 1.898464787e-16 1.898464787e-16 1.898464787e-16 1.898464787e-16
1.898464787e-16 1.898464787e-16 1.898464787e-16 1.898464787e-16 1.898464787e-16 1.898464787e-16
6.003472786e-04 9.610675261e-01 0.000000000e+00 0.000000000e+00 3.356043312e-02 1.898464787e-16
1.898464787e-16 1.898464787e-16 0.000000000e+00 6.003472786e-04 6.003472786e-04 1.898464787e-16
1.898464787e-16 6.003472786e-04 0.000000000e+00 2.370304356e-03 6.003472786e-04 1.898464787e-16
1.898464787e-16 1.898464787e-16 1.898464787e-16 1.898464787e-16 1.898464787e-16 1.898464787e-16

2.279603678e-16 2.279603678e-16 2.279603678e-16 2.279603678e-16 2.279603678e-16 2.279603678e-16
2.279603678e-16 2.279603678e-16 2.279603678e-16 2.279603678e-16 2.279603678e-16 2.279603678e-16
2.279603678e-16 5.486518171e-02 0.000000000e+00 0.000000000e+00 0.000000000e+00 7.490038570e-01
5.389790126e-03 2.279603678e-16 0.000000000e+00 2.279603678e-16 2.279603678e-16 2.279603678e-16
1.952177908e-02 2.279603678e-16 0.000000000e+00 1.485703974e-01 8.207897022e-03 2.279603678e-16
1.444109768e-02 2.279603678e-16 0.000000000e+00 2.279603678e-16 2.279603678e-16 2.279603678e-16

