2.162882454e-16 2.162882454e-16 2.162882454e-16 2.162882454e-16 2.162882454e-16 2.162882454e-16
2.162882454e-16 0.000000000e+00 2.162882454e-16 1.626748490e-03 2.162882454e-16 2.162882454e-16
2.162882454e-16 2.188683157e-02 8.044340757e-01 1.409632336e-01 2.162882454e-16 2.162882454e-16
2.162882454e-16 2.162882454e-16 9.202279106e-03 2.188683157e-02 2.162882454e-16 2.162882454e-16
2.162882454e-16 2.162882454e-16 2.162882454e-16 2.162882454e-16 2.162882454e-16 2.162882454e-16
2.162882454e-16 2.162882454e-16 2.162882454e-16 2.162882454e-16 2.162882454e-16 2.162882454e-16

2.093715066e-16 2.093715066e-16 2.093715066e-16 2.118690682e-02 2.093715066e-16 2.093715066e-16
2.093715066e-16 0.000000000e+00 0.000000000e+00 4.950283639e-03 2.093715066e-16 2.093715066e-16
2.093715066e-16 2.093715066e-16 0.000000000e+00 7.290430056e-02 2.093715066e-16 2.093715066e-16
1.478747883e-02 6.620908382e-04 6.217368968e-03 8.786294795e-01 2.093715066e-16 2.093715066e-16
2.093715066e-16 2.093715066e-16 2.093715066e-16 2.093715066e-16 2.093715066e-16 2.093715066e-16
2.093715066e-16 6.620908382e-04 2.093715066e-16 2.093715066e-16 2.093715066e-16 2.093715066e-16

2.020251510e-03 8.494111263e-04 8.494111263e-04 2.096752337e-02 8.494111263e-04 8.494111263e-04
3.818493572e-02 0.000000000e+00 0.000000000e+00 6.973753489e-02 2.020251510e-03 8.494111263e-04
8.494111263e-04 0.000000000e+00 0.000000000e+00 1.843561352e-01 8.494111263e-04 2.020251510e-03
2.718115604e-02 0.000000000e+00 3.353663729e-03 3.818493572e-02 8.494111263e-04 8.494111263e-04
8.494111263e-04 3.353663729e-03 8.494111263e-04 5.913100453e-01 2.020251510e-03 8.494111263e-04
8.494111263e-04 8.494111263e-04 8.494111263e-04 8.494111263e-04 8.494111263e-04 8.494111263e-04

2.209639141e-16 2.209639141e-16 2.209639141e-16 3.906127052e-02 2.209639141e-16 2.209639141e-16
1.892262570e-02 0.000000000e+00 0.000000000e+00 1.089242282e-02 2.209639141e-16 2.209639141e-16
2.209639141e-16 0.000000000e+00 0.000000000e+00 0.000000000e+00 6.987492495e-04 5.224369192e-03
2.235997598e-02 0.000000000e+00 0.000000000e+00 2.209639141e-16 8.362167293e-01 6.987492495e-04
2.209639141e-16 2.209639141e-16 2.209639141e-16 6.592510803e-02 2.209639141e-16 2.209639141e-16
2.209639141e-16 2.209639141e-16 2.209639141e-16 2.209639141e-16 2.209639141e-16 2.209639141e-16

2.564653716e-16 2.564653716e-16 2.564653716e-16 2.725934135e-01 8.110147153e-04 2.564653716e-16
2.373769532e-01 0.000000000e+00 0.000000000e+00 0.000000000e+00 2.564653716e-16 8.110147153e-04
2.564653716e-16 0.000000000e+00 0.000000000e+00 0.000000000e+00 2.564653716e-16 2.564653716e-16
3.202066172e-03 0.000000000e+00 0.000000000e+00 0.000000000e+00 2.310806169e-01 8.110147153e-04
8.110147153e-04 2.564653716e-16 8.110147153e-04 2.500698472e-01 2.564653716e-16 2.564653716e-16
2.564653716e-16 8.110147153e-04 2.564653716e-16 2.564653716e-16 8.110147153e-04 2.564653716e-16

2.393633140e-16 2.393633140e-16 2.393633140e-16 0.000000000e+00 1.346038832e-02 2.393633140e-16
1.924893459e-01 0.000000000e+00 0.000000000e+00 0.000000000e+00 2.393633140e-16 7.569332608e-04
2.393633140e-16 0.000000000e+00 0.000000000e+00 0.000000000e+00 0.000000000e+00 2.393633140e-16
7.569332608e-04 0.000000000e+00 0.000000000e+00 0.000000000e+00 4.307324263e-01 2.393633140e-16
7.569332608e-04 2.393633140e-16 7.569332608e-04 3.580193066e-01 7.569332608e-04 2.393633140e-16
2.393633140e-16 7.569332608e-04 2.393633140e-16 2.393633140e-16 7.569332608e-04 2.393633140e-16

2.360471588e-16 2.360471588e-16 2.360471588e-16 0.000000000e+00 0.000000000e+00 7.464466571e-04
1.841900191e-01 0.000000000e+00 0.000000000e+00 0.000000000e+00 0.000000000e+00 7.009512917e-03
2.360471588e-16 0.000000000e+00 0.000000000e+00 0.000000000e+00 0.000000000e+00 2.360471588e-16
7.464466571e-04 0.000000000e+00 0.000000000e+00 0.000000000e+00 3.434914949e-01 2.360471588e-16
2.360471588e-16 2.360471588e-16 7.464466571e-04 4.615767399e-01 7.464466571e-04 2.360471588e-16
2.360471588e-16 2.360471588e-16 2.360471588e-16 2.360471588e-16 7.464466571e-04 2.360471588e-16

2.258896444e-16 2.258896444e-16 0.000000000e+00 0.000000000e+00 0.000000000e+00 7.143257763e-04
1.925305547e-01 0.000000000e+00 0.000000000e+00 0.000000000e+00 0.000000000e+00 6.712645278e-01
2.258896444e-16 0.000000000e+00 0.000000000e+00 0.000000000e+00 0.000000000e+00 4.040836803e-03
7.143257763e-04 0.000000000e+00 0.000000000e+00 0.000000000e+00 0.000000000e+00 2.258896444e-16
2.258896444e-16 7.143257763e-04 7.143257763e-04 1.293067777e-01 2.258896444e-16 2.258896444e-16
2.258896444e-16 2.258896444e-16 2.258896444e-16 2.258896444e-16 2.258896444e-16 2.258896444e-16

2.175814063e-16 2.175814063e-16 0.000000000e+00 0.000000000e+00 0.000000000e+00 2.175814063e-16
2.716585310e-03 0.000000000e+00 0.000000000e+00 0.000000000e+00 0.000000000e+00 2.175814063e-16
2.175814063e-16 0.000000000e+00 0.000000000e+00 0.000000000e+00 0.000000000e+00 3.793390284e-01
1.698442974e-02 0.000000000e+00 0.000000000e+00 0.000000000e+00 0.000000000e+00 0.000000000e+00
2.175814063e-16 6.880528206e-04 5.995838510e-01 0.000000000e+00 2.175814063e-16 2.175814063e-16
2.175814063e-16 2.175814063e-16 6.880528206e-04 2.175814063e-16 2.175814063e-16 2.175814063e-16

2.241399640e-16 2.241399640e-16 0.000000000e+00 0.000000000e+00 0.000000000e+00 2.241399640e-16
7.087928009e-04 0.000000000e+00 0.000000000e+00 0.000000000e+00 0.000000000e+00 0.000000000e+00
2.241399640e-16 0.000000000e+00 0.000000000e+00 0.000000000e+00 0.000000000e+00 0.000000000e+00
8.491151455e-02 0.000000000e+00 0.000000000e+00 0.000000000e+00 0.000000000e+00 0.000000000e+00
7.087928009e-04 7.087928009e-04 8.261044089e-02 0.000000000e+00 7.087928009e-04 2.241399640e-16
2.241399640e-16 7.087928009e-04 5.606111389e-02 7.087928009e-04 2.241399640e-16 7.721641739e-01

7.585041695e-04 2.398600790e-16 0.000000000e+00 0.000000000e+00 0.000000000e+00 2.398600790e-16
7.585041695e-04 0.000000000e+00 0.000000000e+00 0.000000000e+00 0.000000000e+00 0.000000000e+00
2.398600790e-16 0.000000000e+00 0.000000000e+00 0.000000000e+00 0.000000000e+00 0.000000000e+00
6.227397940e-02 0.000000000e+00 0.000000000e+00 0.000000000e+00 0.000000000e+00 0.000000000e+00
7.585041695e-04 7.585041695e-04 1.590829343e-01 0.000000000e+00 0.000000000e+00 0.000000000e+00
2.398600790e-16 7.585041695e-04 1.928888305e-01 7.585041695e-04 2.398600790e-16 5.812032308e-01

6.501933766e-04 2.056091989e-16 0.000000000e+00 0.000000000e+00 0.000000000e+00 2.056091989e-16
2.567107819e-03 0.000000000e+00 0.000000000e+00 0.000000000e+00 0.000000000e+00 0.000000000e+00
2.056091989e-16 0.000000000e+00 0.000000000e+00 0.000000000e+00 0.000000000e+00 0.000000000e+00
2.579197162e-02 0.000000000e+00 0.000000000e+00 0.000000000e+00 0.000000000e+00 0.000000000e+00
3.817325786e-02 1.156225494e-02 0.000000000e+00 0.000000000e+00 0.000000000e+00 0.000000000e+00
2.056091989e-16 2.056091989e-16 1.302516992e-02 6.501933766e-04 0.000000000e+00 9.075798511e-01

6.869369559e-04 2.172285389e-16 0.000000000e+00 0.000000000e+00 0.000000000e+00 2.172285389e-16
6.869369559e-04 0.000000000e+00 0.000000000e+00 0.000000000e+00 0.000000000e+00 0.000000000e+00
2.172285389e-16 0.000000000e+00 0.000000000e+00 0.000000000e+00 0.000000000e+00 0.000000000e+00
1.052329911e-01 0.000000000e+00 0.000000000e+00 0.000000000e+00 0.000000000e+00 0.000000000e+00
0.000000000e+00 2.172285389e-16 0.000000000e+00 0.000000000e+00 0.000000000e+00 0.000000000e+00
2.371253762e-02 6.450686622e-03 4.823013189e-02 0.000000000e+00 0.000000000e+00 8.149997788e-01

3.558019361e-03 1.988993289e-16 0.000000000e+00 0.000000000e+00 0.000000000e+00 1.988993289e-16
4.702684284e-03 0.000000000e+00 0.000000000e+00 0.000000000e+00 0.000000000e+00 0.000000000e+00
1.988993289e-16 0.000000000e+00 0.000000000e+00 0.000000000e+00 0.000000000e+00 0.000000000e+00
0.000000000e+00 0.000000000e+00 0.000000000e+00 0.000000000e+00 0.000000000e+00 0.000000000e+00
0.000000000e+00 0.000000000e+00 0.000000000e+00 0.000000000e+00 0.000000000e+00 0.000000000e+00
1.404785046e-02 7.161530863e-03 3.871132380e-02 0.000000000e+00 0.000000000e+00 9.318185912e-01

6.599656123e-04 2.086994512e-16 0.000000000e+00 0.000000000e+00 0.000000000e+00 2.086994512e-16
1.948208262e-02 0.000000000e+00 0.000000000e+00 0.000000000e+00 0.000000000e+00 0.000000000e+00
0.000000000e+00 0.000000000e+00 0.000000000e+00 0.000000000e+00 0.000000000e+00 0.000000000e+00
0.000000000e+00 0.000000000e+00 0.000000000e+00 0.000000000e+00 0.000000000e+00 0.000000000e+00
0.000000000e+00 0.000000000e+00 0.000000000e+00 0.000000000e+00 0.000000000e+00 0.000000000e+00
8.994644997e-02 0.000000000e+00 3.144485946e-02 0.000000000e+00 0.000000000e+00 8.584666423e-01

1.012541993e-02 6.495459915e-04 0.000000000e+00 0.000000000e+00 0.000000000e+00 0.000000000e+00
5.137505878e-02 0.000000000e+00 0.000000000e+00 0.000000000e+00 0.000000000e+00 0.000000000e+00
0.000000000e+00 0.000000000e+00 0.000000000e+00 0.000000000e+00 0.000000000e+00 0.000000000e+00
0.000000000e+00 0.000000000e+00 0.000000000e+00 0.000000000e+00 0.000000000e+00 0.000000000e+00
0.000000000e+00 0.000000000e+00 0.000000000e+00 0.000000000e+00 0.000000000e+00 0.000000000e+00
8.825538167e-01 0.000000000e+00 5.529615863e-02 0.000000000e+00 0.000000000e+00 0.000000000e+00

5.622143478e-04 1.777877872e-16 0.000000000e+00 0.000000000e+00 0.000000000e+00 0.000000000e+00
9.994377857e-01 0.000000000e+00 0.000000000e+00 0.000000000e+00 0.000000000e+00 0.000000000e+00
0.000000000e+00 0.000000000e+00 0.000000000e+00 0.000000000e+00 0.000000000e+00 0.000000000e+00
0.000000000e+00 0.000000000e+00 0.000000000e+00 0.000000000e+00 0.000000000e+00 0.000000000e+00
0.000000000e+00 0.000000000e+00 0.000000000e+00 0.000000000e+00 0.000000000e+00 0.000000000e+00
0.000000000e+00 0.000000000e+00 0.000000000e+00 0.000000000e+00 0.000000000e+00 0.000000000e+00

0.000000000e+00 0.000000000e+00 0.000000000e+00 0.000000000e+00 0.000000000e+00 0.000000000e+00
0.000000000e+00 0.000000000e+00 0.000000000e+00 0.000000000e+00 0.000000000e+00 0.000000000e+00
0.000000000e+00 0.000000000e+00 0.000000000e+00 0.000000000e+00 0.000000000e+00 0.000000000e+00
0.000000000e+00 0.000000000e+00 0.000000000e+00 0.000000000e+00 0.000000000e+00 0.000000000e+00
0.000000000e+00 0.000000000e+00 0.000000000e+00 0.000000000e+00 0.000000000e+00 0.000000000e+00
0.000000000e+00 0.000000000e+00 0.000000000e+00 0.000000000e+00 0.000000000e+00 0.000000000e+00

