2.683774895e-16 8.486841396e-04 2.683774895e-16 8.486841396e-04 2.683774895e-16 2.683774895e-16
2.683774895e-16 2.683774895e-16 2.683774895e-16 8.486841396e-04 2.683774895e-16 3.350793424e-03
2.683774895e-16 2.683774895e-16 4.744288568e-02 4.604123739e-01 8.486841396e-04 2.683774895e-16
2.018522434e-03 0.000000000e+00 1.156668228e-01 2.683774895e-16 1.446799599e-01 3.350793424e-03
2.683774895e-16 2.683774895e-16 2.094957787e-02 1.873150468e-01 2.683774895e-16 2.683774895e-16
2.683774895e-16 2.683774895e-16 2.683774895e-16 1.141848721e-02 2.683774895e-16 2.683774895e-16

8.427090327e-02 4.371613360e-03 2.472957961e-02 3.543155023e-02 4.105166795e-02 2.472957961e-02
8.278519603e-03 3.501387493e-16 2.633465727e-03 1.965241212e-01 4.371613360e-03 3.501387493e-16
2.218099544e-02 0.000000000e+00 1.472152096e-01 3.501387493e-16 1.183863931e-01 3.501387493e-16
4.371613360e-03 0.000000000e+00 4.392200705e-02 0.000000000e+00 4.392200705e-02 1.968974883e-02
4.371613360e-03 3.501387493e-16 3.543155023e-02 5.881718405e-02 3.501387493e-16 3.501387493e-16
3.501387493e-16 3.822093683e-02 3.501387493e-16 1.489713179e-02 2.218099544e-02 3.501387493e-16

1.773119883e-03 2.943419574e-03 1.773119883e-03 7.455050767e-04 1.773119883e-03 7.455050767e-04
7.000670999e-03 0.000000000e+00 1.773119883e-03 2.200719436e-02 7.455050767e-04 7.455050767e-04
2.943419574e-03 0.000000000e+00 8.500722893e-01 0.000000000e+00 2.385616245e-02 1.773119883e-03
1.773119883e-03 0.000000000e+00 3.755003967e-02 0.000000000e+00 1.162127403e-02 7.455050767e-04
4.217213561e-03 7.455050767e-04 1.773119883e-03 8.488347590e-03 7.455050767e-04 1.773119883e-03
2.943419574e-03 1.773119883e-03 7.455050767e-04 7.455050767e-04 2.943419574e-03 7.455050767e-04

