2.506265664e-13 2.506265664e-13 2.506265664e-13 2.506265664e-13 2.506265664e-13 2.506265664e-13
2.506265664e-13 2.506265664e-13 2.506265664e-13 1.077694236e-01 2.506265664e-13 2.506265664e-13
2.506265664e-13 2.506265664e-13 1.629072682e-01 2.781954887e-01 2.506265664e-02 2.506265664e-13
2.506265664e-13 7.518796992e-02 3.032581454e-01 2.506265664e-13 1.253132832e-02 2.506265664e-13
2.506265664e-13 2.506265664e-13 1.253132832e-02 2.255639098e-02 2.506265664e-13 2.506265664e-13
2.506265664e-13 2.506265664e-13 2.506265664e-13 2.506265664e-13 2.506265664e-13 2.506265664e-13

2.506265664e-13 2.506265664e-13 2.506265664e-13 2.506265664e-13 2.506265664e-13 2.506265664e-13
2.506265664e-13 3.984962406e-01 2.506265664e-13 2.506265664e-13 2.506265664e-13 2.506265664e-13
2.506265664e-13 2.506265664e-13 2.506265664e-13 4.511278195e-02 2.506265664e-13 2.506265664e-13
2.506265664e-13 2.506265664e-13 1.002506266e-01 0.000000000e+00 2.506265664e-13 2.506265664e-13
0.000000000e+00 2.506265664e-13 7.268170426e-02 2.506265664e-13 3.834586466e-01 2.506265664e-13
2.506265664e-13 2.506265664e-13 2.506265664e-13 2.506265664e-13 2.506265664e-13 2.506265664e-13

2.506265664e-13 2.506265664e-13 2.506265664e-13 2.506265664e-13 2.506265664e-13 2.506265664e-13
2.506265664e-13 2.506265664e-13 2.506265664e-13 4.536340852e-01 2.506265664e-13 2.506265664e-13
2.005012531e-02 1.503759398e-01 0.000000000e+00 2.506265664e-13 2.431077694e-01 2.506265664e-13
2.506265664e-13 2.506265664e-13 1.253132832e-02 0.000000000e+00 2.506265664e-13 2.506265664e-13
0.000000000e+00 2.506265664e-13 1.253132832e-02 9.022556391e-02 0.000000000e+00 2.506265664e-13
2.506265664e-13 2.506265664e-13 2.506265664e-13 1.754385965e-02 2.506265664e-13 2.506265664e-13

2.506265664e-13 2.506265664e-13 2.506265664e-13 2.506265664e-13 2.506265664e-13 0.000000000e+00
2.506265664e-13 2.506265664e-13 2.506265664e-13 1.253132832e-02 2.506265664e-13 2.506265664e-13
2.506265664e-13 7.318295739e-01 0.000000000e+00 0.000000000e+00 2.506265664e-13 2.205513784e-01
2.506265664e-13 2.506265664e-13 2.506265664e-13 0.000000000e+00 2.506265664e-13 2.506265664e-13
0.000000000e+00 2.506265664e-13 3.508771930e-02 2.506265664e-13 0.000000000e+00 2.506265664e-13
2.506265664e-13 2.506265664e-13 2.506265664e-13 2.506265664e-13 2.506265664e-13 2.506265664e-13

3.750000000e-02 3.750000000e-02 3.750000000e-02 0.000000000e+00 3.750000000e-02 0.000000000e+00
3.750000000e-02 3.750000000e-02 3.750000000e-02 3.750000000e-02 3.500000000e-02 3.500000000e-02
3.500000000e-02 3.500000000e-02 0.000000000e+00 0.000000000e+00 0.000000000e+00 3.500000000e-02
3.500000000e-02 3.500000000e-02 3.500000000e-02 0.000000000e+00 3.500000000e-02 3.500000000e-02
0.000000000e+00 3.500000000e-02 3.500000000e-02 3.500000000e-02 0.000000000e+00 3.500000000e-02
3.500000000e-02 3.500000000e-02 3.500000000e-02 3.500000000e-02 3.500000000e-02 3.500000000e-02

