2.242908759e-03 2.242908759e-03 2.242908759e-03 2.242908759e-03 9.430269676e-04 2.242908759e-03
9.430269676e-04 2.242908759e-03 2.327840944e-02 9.430269676e-04 9.430269676e-04 9.430269676e-04
9.430269676e-04 4.219310888e-01 7.050771132e-03 1.889143589e-02 9.430269676e-04 9.430269676e-04
3.723279856e-03 1.191449554e-01 0.000000000e+00 6.073956139e-02 5.334566108e-03 9.430269676e-04
2.242908759e-03 9.430269676e-04 3.988518464e-02 2.150985678e-01 2.242908759e-03 9.430269676e-04
9.430269676e-04 4.749893884e-02 5.334566108e-03 9.430269676e-04 9.430269676e-04 9.430269676e-04

3.451856024e-03 1.751426680e-02 6.536776109e-03 2.797699615e-02 3.451856024e-03 3.451856024e-03
2.079402680e-03 3.451856024e-03 2.079402680e-03 3.017951502e-02 8.742811298e-04 4.945680924e-03
2.079402680e-03 8.742811298e-04 4.945680924e-03 1.279803532e-01 8.742811298e-04 4.945680924e-03
9.954596357e-03 6.657946738e-01 0.000000000e+00 8.742811298e-04 8.742811298e-04 9.954596357e-03
8.742811298e-04 0.000000000e+00 2.079402680e-03 0.000000000e+00 2.079402680e-03 8.742811298e-04
4.945680924e-03 3.451856024e-03 2.797699615e-02 4.945680924e-03 1.554716131e-02 2.079402680e-03

8.341782883e-04 3.293521102e-03 8.341782883e-04 8.341782883e-04 8.341782883e-04 8.341782883e-04
4.718824995e-03 1.984021511e-03 1.671089608e-02 8.341782883e-04 8.341782883e-04 8.341782883e-04
3.293521102e-03 0.000000000e+00 6.431267757e-01 8.341782883e-04 8.341782883e-04 4.718824995e-03
1.392989828e-01 0.000000000e+00 0.000000000e+00 7.870247276e-02 5.856800762e-02 8.341782883e-04
8.341782883e-04 0.000000000e+00 8.341782883e-04 0.000000000e+00 8.341782883e-04 8.341782883e-04
1.483402074e-02 8.341782883e-04 9.497983964e-03 8.341782883e-04 6.236937433e-03 8.341782883e-04

7.811050578e-04 3.083976204e-03 7.811050578e-04 7.811050578e-04 7.811050578e-04 7.811050578e-04
7.811050578e-04 7.811050578e-04 5.473772018e-01 7.811050578e-04 7.811050578e-04 7.811050578e-04
7.811050578e-04 0.000000000e+00 7.811050578e-04 0.000000000e+00 7.811050578e-04 7.811050578e-04
3.005673325e-01 0.000000000e+00 0.000000000e+00 0.000000000e+00 7.811050578e-04 7.811050578e-04
7.811050578e-04 0.000000000e+00 7.811050578e-04 0.000000000e+00 7.811050578e-04 1.090720886e-01
2.115287946e-02 7.811050578e-04 7.811050578e-04 7.811050578e-04 7.811050578e-04 7.811050578e-04

