2.284420003e-16 7.223970343e-04 1.718159386e-03 7.223970343e-04 1.284623772e-02 2.284420003e-16
2.284420003e-16 2.284420003e-16 2.284420003e-16 7.223970343e-04 5.930954614e-02 1.718159386e-03
7.223970343e-04 2.284420003e-16 1.718159386e-03 8.126664053e-01 2.284420003e-16 7.494726261e-02
7.223970343e-04 2.284420003e-16 2.284420003e-16 4.086494733e-03 2.132504853e-02 7.223970343e-04
2.284420003e-16 2.284420003e-16 2.284420003e-16 2.284420003e-16 2.284420003e-16 7.223970343e-04
2.284420003e-16 7.223970343e-04 1.718159386e-03 7.223970343e-04 7.223970343e-04 7.223970343e-04

2.041561578e-16 2.041561578e-16 2.548966056e-03 2.041561578e-16 6.455984570e-04 2.041561578e-16
2.041561578e-16 6.455984570e-04 2.228556430e-02 1.593645329e-02 6.455984570e-04 6.455984570e-04
6.455984570e-04 6.455984570e-04 2.041561578e-16 9.356390924e-01 0.000000000e+00 1.148054443e-02
2.041561578e-16 2.041561578e-16 1.535500557e-03 0.000000000e+00 1.535500557e-03 6.455984570e-04
2.041561578e-16 2.041561578e-16 6.455984570e-04 6.455984570e-04 6.455984570e-04 2.041561578e-16
2.041561578e-16 6.455984570e-04 6.455984570e-04 6.455984570e-04 2.041561578e-16 6.455984570e-04

2.396427042e-16 2.396427042e-16 1.984665297e-01 2.992028873e-03 5.666001917e-03 2.396427042e-16
2.396427042e-16 2.396427042e-16 5.451435123e-01 2.396427042e-16 2.336666899e-01 2.396427042e-16
2.396427042e-16 2.396427042e-16 0.000000000e+00 0.000000000e+00 0.000000000e+00 2.992028873e-03
2.396427042e-16 2.396427042e-16 1.802402190e-03 0.000000000e+00 5.666001917e-03 1.802402190e-03
2.396427042e-16 2.396427042e-16 2.396427042e-16 1.802402190e-03 2.396427042e-16 2.396427042e-16
2.396427042e-16 2.396427042e-16 2.396427042e-16 2.396427042e-16 2.396427042e-16 2.396427042e-16

2.659813238e-16 2.659813238e-16 1.672678623e-01 2.659813238e-16 6.288740130e-03 2.659813238e-16
2.659813238e-16 8.411067985e-04 4.748949471e-01 0.000000000e+00 1.887418179e-01 2.659813238e-16
3.336515482e-02 2.659813238e-16 0.000000000e+00 0.000000000e+00 0.000000000e+00 4.758018567e-03
9.261614767e-02 2.659813238e-16 2.659813238e-16 0.000000000e+00 3.320876399e-03 2.659813238e-16
2.659813238e-16 2.659813238e-16 8.411067985e-04 1.311155739e-02 2.659813238e-16 2.659813238e-16
1.311155739e-02 2.659813238e-16 8.411067985e-04 0.000000000e+00 2.659813238e-16 2.659813238e-16

