2.506265664e-13 2.506265664e-13 2.506265664e-13 2.506265664e-13 2.506265664e-13 2.506265664e-13
2.506265664e-13 2.506265664e-13 1.253132832e-02 2.506265664e-13 0.000000000e+00 2.506265664e-13
2.506265664e-13 2.506265664e-13 1.228070175e-01 7.393483709e-01 7.518796993e-03 2.506265664e-13
2.506265664e-13 1.002506266e-02 5.012531328e-02 5.764411028e-02 2.506265664e-13 2.506265664e-13
2.506265664e-13 2.506265664e-13 2.506265664e-13 2.506265664e-13 2.506265664e-13 2.506265664e-13
2.506265664e-13 2.506265664e-13 2.506265664e-13 2.506265664e-13 2.506265664e-13 2.506265664e-13

2.506265664e-13 2.506265664e-13 2.506265664e-13 1.503759399e-02 2.506265664e-03 2.506265664e-13
2.506265664e-13 2.506265664e-03 3.984962406e-01 0.000000000e+00 0.000000000e+00 2.506265664e-13
2.506265664e-13 5.012531329e-03 8.521303258e-02 2.506265664e-13 1.503759399e-02 2.506265664e-13
2.506265664e-13 5.012531329e-03 4.010025063e-02 0.000000000e+00 4.210526316e-01 2.506265664e-13
2.506265664e-03 2.506265664e-13 5.012531329e-03 2.506265664e-03 2.506265664e-13 2.506265664e-13
2.506265664e-13 2.506265664e-13 2.506265664e-13 2.506265664e-13 2.506265664e-13 2.506265664e-13

2.506265664e-03 2.506265664e-03 2.506265664e-03 2.506265664e-03 2.506265664e-03 2.506265664e-03
2.506265664e-03 5.012531329e-03 1.754385965e-02 0.000000000e+00 0.000000000e+00 2.506265664e-03
2.506265664e-03 2.506265664e-03 2.506265664e-03 0.000000000e+00 1.503759398e-01 2.506265664e-03
2.506265664e-03 0.000000000e+00 5.538847118e-01 0.000000000e+00 2.080200501e-01 2.506265664e-03
2.506265664e-03 2.506265664e-03 2.506265664e-03 2.506265664e-03 2.506265664e-03 2.506265664e-03
2.506265664e-03 2.506265664e-03 2.506265664e-03 2.506265664e-03 2.506265664e-03 2.506265664e-03

2.506265664e-03 2.506265664e-03 0.000000000e+00 7.518796993e-03 5.012531329e-03 5.012531329e-03
5.012531329e-03 7.142857143e-01 7.518796993e-03 0.000000000e+00 0.000000000e+00 2.506265664e-03
2.506265664e-03 5.012531329e-03 0.000000000e+00 0.000000000e+00 7.518796993e-03 5.012531329e-03
5.012531329e-03 0.000000000e+00 2.506265664e-03 0.000000000e+00 1.503759399e-02 2.506265664e-03
2.506265664e-03 1.428571429e-01 7.518796993e-03 1.253132832e-02 5.012531329e-03 5.012531329e-03
7.518796993e-03 2.506265664e-03 5.012531329e-03 2.506265664e-03 5.012531329e-03 5.012531329e-03

5.012531329e-03 2.506265664e-13 0.000000000e+00 1.253132832e-02 5.012531329e-03 2.506265664e-13
2.506265664e-13 1.754385965e-02 2.005012531e-02 0.000000000e+00 0.000000000e+00 2.506265664e-13
2.506265664e-13 2.506265664e-13 0.000000000e+00 0.000000000e+00 1.503759399e-02 5.012531329e-03
2.506265664e-13 0.000000000e+00 0.000000000e+00 0.000000000e+00 2.005012531e-02 7.518796993e-03
2.005012531e-02 5.363408521e-01 2.506265664e-13 0.000000000e+00 7.518796993e-03 2.506265664e-13
5.012531329e-03 2.506265664e-13 3.233082707e-01 2.506265664e-13 2.506265664e-13 2.506265664e-13

2.506265664e-03 5.012531329e-03 0.000000000e+00 7.518796993e-03 2.506265664e-03 2.506265664e-03
2.506265664e-03 6.015037594e-01 1.002506266e-02 0.000000000e+00 0.000000000e+00 2.506265664e-03
2.506265664e-03 0.000000000e+00 0.000000000e+00 0.000000000e+00 1.253132832e-02 2.506265664e-03
7.518796993e-03 0.000000000e+00 0.000000000e+00 0.000000000e+00 5.012531329e-03 2.506265664e-03
2.506265664e-03 2.380952381e-01 0.000000000e+00 0.000000000e+00 7.518796993e-03 2.506265664e-03
5.012531329e-03 7.518796993e-03 6.015037594e-02 2.506265664e-03 2.506265664e-03 2.506265664e-03

8.370927318e-01 2.506265664e-13 0.000000000e+00 2.506265664e-03 2.506265664e-03 2.506265664e-13
2.506265664e-13 4.260651629e-02 2.506265664e-03 0.000000000e+00 0.000000000e+00 2.506265664e-13
0.000000000e+00 0.000000000e+00 0.000000000e+00 0.000000000e+00 0.000000000e+00 2.506265664e-13
2.506265664e-03 0.000000000e+00 0.000000000e+00 0.000000000e+00 7.518796993e-03 2.506265664e-13
2.506265664e-03 6.265664160e-02 0.000000000e+00 0.000000000e+00 5.012531329e-03 2.506265664e-13
2.506265664e-03 2.506265664e-13 3.007518797e-02 2.506265664e-13 2.506265664e-13 2.506265664e-13

