2.269698984e-16 4.060160973e-03 2.269698984e-16 1.707087404e-03 2.269698984e-16 2.269698984e-16
2.269698984e-16 2.269698984e-16 2.269698984e-16 7.177418392e-04 2.269698984e-16 1.707087404e-03
1.707087404e-03 2.269698984e-16 2.847149450e-02 8.404741066e-01 1.603041703e-02 1.707087404e-03
7.177418392e-04 2.269698984e-16 5.676892732e-02 2.269698984e-16 0.000000000e+00 2.269698984e-16
7.177418392e-04 2.269698984e-16 1.707087404e-03 2.661085905e-02 1.276345534e-02 1.707087404e-03
2.269698984e-16 2.269698984e-16 2.269698984e-16 7.177418392e-04 1.707087404e-03 2.269698984e-16

2.462149794e-16 2.462149794e-16 2.462149794e-16 2.462149794e-16 2.462149794e-16 2.462149794e-16
2.462149794e-16 2.462149794e-16 2.462149794e-16 2.462149794e-16 2.462149794e-16 2.462149794e-16
2.462149794e-16 2.462149794e-16 7.311450335e-03 2.309239502e-01 1.047555292e-02 2.462149794e-16
2.462149794e-16 2.462149794e-16 5.564690406e-01 0.000000000e+00 0.000000000e+00 2.462149794e-16
2.462149794e-16 2.462149794e-16 3.088563057e-02 2.462149794e-16 0.000000000e+00 5.821393770e-03
2.462149794e-16 2.462149794e-16 2.462149794e-16 1.492478126e-01 8.865169045e-03 2.462149794e-16

7.821855461e-04 7.821855461e-04 7.821855461e-04 7.821855461e-04 7.821855461e-04 7.821855461e-04
7.821855461e-04 7.821855461e-04 7.821855461e-04 7.821855461e-04 7.821855461e-04 7.821855461e-04
7.821855461e-04 7.821855461e-04 7.821855461e-04 4.312365216e-01 0.000000000e+00 7.821855461e-04
7.821855461e-04 7.821855461e-04 6.897439699e-02 0.000000000e+00 0.000000000e+00 7.821855461e-04
7.821855461e-04 7.821855461e-04 8.905992732e-03 0.000000000e+00 0.000000000e+00 1.390944451e-02
7.821855461e-04 7.821855461e-04 7.821855461e-04 4.555586443e-01 1.860361233e-03 7.821855461e-04

7.153952292e-04 7.153952292e-04 7.153952292e-04 7.153952292e-04 7.153952292e-04 7.153952292e-04
7.153952292e-04 7.153952292e-04 7.153952292e-04 7.153952292e-04 3.849553219e-01 7.153952292e-04
7.153952292e-04 7.153952292e-04 4.046886542e-03 7.153952292e-04 0.000000000e+00 0.000000000e+00
7.153952292e-04 7.153952292e-04 5.923975156e-01 0.000000000e+00 0.000000000e+00 0.000000000e+00
7.153952292e-04 7.153952292e-04 7.153952292e-04 0.000000000e+00 0.000000000e+00 7.153952292e-04
7.153952292e-04 7.153952292e-04 7.153952292e-04 7.153952292e-04 7.153952292e-04 7.153952292e-04

