2.506265664e-13 2.506265664e-13 2.506265664e-13 2.506265664e-13 2.506265664e-13 2.506265664e-13
2.506265664e-13 2.506265664e-13 1.453634085e-01 2.506265664e-13 2.506265664e-13 2.506265664e-13
2.506265664e-13 5.012531329e-03 5.012531329e-03 2.506265664e-13 2.506265664e-03 2.506265664e-13
2.506265664e-13 2.506265664e-13 4.160401002e-01 0.000000000e+00 4.260651629e-01 2.506265664e-13
2.506265664e-13 2.506265664e-13 2.506265664e-13 2.506265664e-13 2.506265664e-13 2.506265664e-13
2.506265664e-13 2.506265664e-13 2.506265664e-13 2.506265664e-13 2.506265664e-13 2.506265664e-13

2.506265664e-03 2.506265664e-03 2.506265664e-03 2.506265664e-03 2.506265664e-03 2.506265664e-03
2.506265664e-03 1.253132832e-02 1.503759399e-02 5.012531329e-03 2.255639098e-02 2.506265664e-13
2.506265664e-03 2.506265664e-03 0.000000000e+00 0.000000000e+00 2.506265664e-13 1.253132832e-02
2.506265664e-03 5.012531329e-03 1.002506266e-02 0.000000000e+00 6.165413534e-01 2.506265664e-03
2.506265664e-03 2.506265664e-03 2.506265664e-03 2.506265664e-03 2.456140351e-01 2.506265664e-03
2.506265664e-03 2.506265664e-03 2.506265664e-03 2.506265664e-03 2.506265664e-03 2.506265664e-03

2.506265664e-13 2.506265664e-13 2.506265664e-03 2.506265664e-13 2.506265664e-03 2.506265664e-13
2.506265664e-13 2.506265664e-02 5.012531329e-03 2.506265664e-03 5.012531329e-03 2.506265664e-13
2.506265664e-03 2.506265664e-13 0.000000000e+00 0.000000000e+00 0.000000000e+00 8.671679198e-01
2.506265664e-03 1.253132832e-02 2.506265664e-03 0.000000000e+00 1.253132832e-02 2.506265664e-03
7.518796993e-03 2.506265664e-02 2.506265664e-13 1.002506266e-02 0.000000000e+00 2.506265664e-13
2.506265664e-03 2.506265664e-03 2.506265664e-03 2.506265664e-13 2.506265664e-13 5.012531329e-03

