2.691730821e-16 2.691730821e-16 2.691730821e-16 2.691730821e-16 2.691730821e-16 2.691730821e-16
2.691730821e-16 2.691730821e-16 2.691730821e-16 9.372753529e-02 2.691730821e-16 2.691730821e-16
2.691730821e-16 2.691730821e-16 1.570989647e-01 3.066799267e-01 1.513671477e-02 2.691730821e-16
2.691730821e-16 5.976311084e-02 3.415964433e-01 2.691730821e-16 6.364204594e-03 2.691730821e-16
2.691730821e-16 2.691730821e-16 6.364204594e-03 1.326889520e-02 2.691730821e-16 2.691730821e-16
2.691730821e-16 2.691730821e-16 2.691730821e-16 2.691730821e-16 2.691730821e-16 2.691730821e-16

2.325389101e-16 2.325389101e-16 2.325389101e-16 2.325389101e-16 2.325389101e-16 2.325389101e-16
2.325389101e-16 2.325389101e-16 2.325389101e-16 3.415224584e-01 2.325389101e-16 2.325389101e-16
2.325389101e-16 2.325389101e-16 0.000000000e+00 2.325389101e-16 2.325389101e-16 2.325389101e-16
2.325389101e-16 2.325389101e-16 4.054164631e-01 0.000000000e+00 2.325389101e-16 2.325389101e-16
2.325389101e-16 2.325389101e-16 2.325389101e-16 2.530610785e-01 2.325389101e-16 2.325389101e-16
2.325389101e-16 2.325389101e-16 2.325389101e-16 2.325389101e-16 2.325389101e-16 2.325389101e-16

2.029277095e-16 2.029277095e-16 2.029277095e-16 2.054674688e-01 2.029277095e-16 2.029277095e-16
2.029277095e-16 2.029277095e-16 2.029277095e-16 2.029277095e-16 2.029277095e-16 2.029277095e-16
2.029277095e-16 2.029277095e-16 0.000000000e+00 0.000000000e+00 2.029277095e-16 2.029277095e-16
0.000000000e+00 2.029277095e-16 2.029277095e-16 0.000000000e+00 2.029277095e-16 2.029277095e-16
2.029277095e-16 2.029277095e-16 2.029277095e-16 7.945325312e-01 2.029277095e-16 2.029277095e-16
2.029277095e-16 2.029277095e-16 2.029277095e-16 2.029277095e-16 2.029277095e-16 2.029277095e-16

2.030811293e-16 2.030811293e-16 2.030811293e-16 1.464815667e-01 2.030811293e-16 2.030811293e-16
2.030811293e-16 2.030811293e-16 2.030811293e-16 0.000000000e+00 2.030811293e-16 2.030811293e-16
2.030811293e-16 2.030811293e-16 0.000000000e+00 0.000000000e+00 2.030811293e-16 2.030811293e-16
0.000000000e+00 2.030811293e-16 2.030811293e-16 0.000000000e+00 0.000000000e+00 2.030811293e-16
2.030811293e-16 2.030811293e-16 1.142009114e-02 8.420983422e-01 2.030811293e-16 2.030811293e-16
2.030811293e-16 2.030811293e-16 2.030811293e-16 2.030811293e-16 2.030811293e-16 2.030811293e-16

