2.454900024e-16 2.454900024e-16 2.454900024e-16 2.454900024e-16 2.454900024e-16 2.454900024e-16
2.454900024e-16 2.454900024e-16 2.878223015e-02 7.763075505e-04 2.454900024e-16 2.454900024e-16
2.454900024e-16 1.733845389e-02 9.808110655e-02 2.454900024e-16 1.846380925e-03 2.454900024e-16
2.454900024e-16 2.454900024e-16 9.808110655e-02 6.802512666e-01 5.000130616e-02 2.454900024e-16
2.454900024e-16 2.454900024e-16 2.454900024e-16 2.484184161e-02 2.454900024e-16 2.454900024e-16
2.454900024e-16 2.454900024e-16 2.454900024e-16 2.454900024e-16 2.454900024e-16 2.454900024e-16

2.151168710e-16 2.151168710e-16 2.151168710e-16 2.151168710e-16 2.151168710e-16 2.151168710e-16
2.151168710e-16 2.151168710e-16 2.151168710e-16 2.151168710e-16 2.151168710e-16 2.151168710e-16
2.151168710e-16 4.360791344e-01 2.151168710e-16 0.000000000e+00 1.362747295e-02 2.151168710e-16
2.151168710e-16 2.151168710e-16 0.000000000e+00 5.502933927e-01 2.151168710e-16 2.151168710e-16
2.151168710e-16 2.151168710e-16 2.151168710e-16 2.151168710e-16 2.151168710e-16 2.151168710e-16
2.151168710e-16 2.151168710e-16 2.151168710e-16 2.151168710e-16 2.151168710e-16 2.151168710e-16

2.046446673e-16 2.046446673e-16 2.046446673e-16 6.471432599e-04 2.046446673e-16 2.046446673e-16
2.046446673e-16 2.046446673e-16 1.597458640e-02 6.471432599e-04 2.046446673e-16 2.046446673e-16
2.046446673e-16 0.000000000e+00 0.000000000e+00 0.000000000e+00 9.033223109e-01 2.555065281e-03
6.471432599e-04 1.539174738e-03 0.000000000e+00 1.296406765e-02 6.471432599e-04 2.046446673e-16
2.046446673e-16 2.046446673e-16 2.046446673e-16 6.105622203e-02 2.046446673e-16 2.046446673e-16
2.046446673e-16 2.046446673e-16 2.046446673e-16 2.046446673e-16 2.046446673e-16 2.046446673e-16

8.098102848e-04 8.098102848e-04 8.098102848e-04 7.604529536e-03 8.098102848e-04 8.098102848e-04
0.000000000e+00 8.098102848e-04 5.685711987e-02 8.098102848e-04 8.098102848e-04 8.098102848e-04
8.098102848e-04 0.000000000e+00 0.000000000e+00 0.000000000e+00 4.039581766e-01 2.591392911e-02
4.572247103e-01 4.580978750e-03 0.000000000e+00 8.098102848e-04 1.998998547e-02 8.098102848e-04
8.098102848e-04 8.098102848e-04 8.098102848e-04 0.000000000e+00 6.054744111e-03 8.098102848e-04
8.098102848e-04 8.098102848e-04 8.098102848e-04 8.098102848e-04 8.098102848e-04 8.098102848e-04

1.782469044e-16 1.782469044e-16 1.782469044e-16 0.000000000e+00 1.782469044e-16 1.782469044e-16
0.000000000e+00 1.782469044e-16 5.636662037e-04 1.782469044e-16 1.782469044e-16 1.782469044e-16
1.782469044e-16 0.000000000e+00 0.000000000e+00 0.000000000e+00 9.988726676e-01 1.782469044e-16
5.636662037e-04 1.782469044e-16 0.000000000e+00 1.782469044e-16 1.782469044e-16 1.782469044e-16
1.782469044e-16 1.782469044e-16 1.782469044e-16 0.000000000e+00 1.782469044e-16 1.782469044e-16
1.782469044e-16 1.782469044e-16 1.782469044e-16 1.782469044e-16 0.000000000e+00 1.782469044e-16

2.230666539e-16 2.230666539e-16 7.053986966e-04 0.000000000e+00 7.053986966e-04 4.341495528e-02
0.000000000e+00 7.053986966e-04 8.151659642e-01 2.785070680e-03 2.230666539e-16 7.053986966e-04
7.053986966e-04 0.000000000e+00 0.000000000e+00 0.000000000e+00 0.000000000e+00 0.000000000e+00
4.952633845e-02 7.053986966e-04 0.000000000e+00 7.053986966e-04 7.993748833e-02 2.230666539e-16
2.230666539e-16 7.053986966e-04 2.230666539e-16 0.000000000e+00 7.053986966e-04 7.053986966e-04
7.053986966e-04 7.053986966e-04 2.230666539e-16 7.053986966e-04 0.000000000e+00 2.230666539e-16

1.850995633e-16 1.850995633e-16 1.850995633e-16 0.000000000e+00 1.850995633e-16 5.853362140e-04
0.000000000e+00 2.311037340e-03 9.820529169e-01 1.850995633e-16 0.000000000e+00 1.392171981e-03
1.850995633e-16 0.000000000e+00 0.000000000e+00 0.000000000e+00 0.000000000e+00 0.000000000e+00
1.850995633e-16 1.307320140e-02 0.000000000e+00 5.853362140e-04 1.850995633e-16 1.850995633e-16
1.850995633e-16 0.000000000e+00 1.850995633e-16 0.000000000e+00 1.850995633e-16 1.850995633e-16
1.850995633e-16 1.850995633e-16 1.850995633e-16 1.850995633e-16 0.000000000e+00 1.850995633e-16

0.000000000e+00 0.000000000e+00 0.000000000e+00 0.000000000e+00 0.000000000e+00 0.000000000e+00
0.000000000e+00 0.000000000e+00 0.000000000e+00 0.000000000e+00 0.000000000e+00 0.000000000e+00
0.000000000e+00 0.000000000e+00 0.000000000e+00 0.000000000e+00 0.000000000e+00 0.000000000e+00
0.000000000e+00 0.000000000e+00 0.000000000e+00 0.000000000e+00 0.000000000e+00 0.000000000e+00
0.000000000e+00 0.000000000e+00 0.000000000e+00 0.000000000e+00 0.000000000e+00 0.000000000e+00
0.000000000e+00 0.000000000e+00 0.000000000e+00 0.000000000e+00 0.000000000e+00 0.000000000e+00

