2.506265664e-13 2.506265664e-13 2.506265664e-13 2.506265664e-13 2.506265664e-13 2.506265664e-13
2.506265664e-13 2.506265664e-13 1.253132832e-01 2.506265664e-13 2.506265664e-13 2.506265664e-13
2.506265664e-13 6.265664160e-02 2.330827068e-01 1.203007519e-01 2.506265664e-13 2.506265664e-13
2.506265664e-13 5.012531329e-03 2.506265664e-13 3.508771930e-01 3.508771930e-02 2.506265664e-13
2.506265664e-13 2.506265664e-03 5.012531329e-03 6.015037594e-02 2.506265664e-13 2.506265664e-13
2.506265664e-13 2.506265664e-13 2.506265664e-13 2.506265664e-13 2.506265664e-13 2.506265664e-13

2.506265664e-13 2.506265664e-13 2.506265664e-13 2.506265664e-13 2.506265664e-13 0.000000000e+00
2.506265664e-13 2.506265664e-13 1.679197995e-01 2.506265664e-13 2.030075188e-01 2.506265664e-13
2.506265664e-13 5.012531328e-02 6.015037594e-02 2.506265664e-13 2.506265664e-13 2.506265664e-13
2.506265664e-13 2.506265664e-13 0.000000000e+00 1.679197995e-01 8.020050125e-02 2.506265664e-13
2.506265664e-13 1.904761905e-01 2.506265664e-13 8.020050125e-02 2.506265664e-13 2.506265664e-13
2.506265664e-13 2.506265664e-13 2.506265664e-13 2.506265664e-13 2.506265664e-13 2.506265664e-13

2.506265664e-13 2.506265664e-13 2.506265664e-13 2.506265664e-13 2.506265664e-13 0.000000000e+00
2.506265664e-13 2.506265664e-13 6.541353383e-01 2.506265664e-13 2.506265664e-13 2.506265664e-13
2.506265664e-13 2.205513784e-01 2.506265664e-13 0.000000000e+00 2.005012531e-02 2.506265664e-13
2.506265664e-13 2.506265664e-13 0.000000000e+00 2.506265664e-13 2.506265664e-13 2.506265664e-13
2.506265664e-13 0.000000000e+00 8.020050125e-02 1.253132832e-02 2.506265664e-13 2.506265664e-13
2.506265664e-13 2.506265664e-13 1.253132832e-02 2.506265664e-13 2.506265664e-13 2.506265664e-13

2.506265664e-13 2.506265664e-13 2.506265664e-13 2.506265664e-13 2.506265664e-13 0.000000000e+00
2.506265664e-13 2.506265664e-13 3.283208020e-01 2.506265664e-13 2.506265664e-13 2.506265664e-13
5.137844611e-01 2.506265664e-13 0.000000000e+00 0.000000000e+00 8.020050125e-02 2.506265664e-13
2.506265664e-13 0.000000000e+00 0.000000000e+00 2.506265664e-13 2.506265664e-13 2.506265664e-13
2.506265664e-13 0.000000000e+00 2.506265664e-13 7.769423559e-02 2.506265664e-13 2.506265664e-13
2.506265664e-13 2.506265664e-13 2.506265664e-13 2.506265664e-13 2.506265664e-13 2.506265664e-13

3.750000000e-02 3.750000000e-02 3.750000000e-02 3.750000000e-02 3.750000000e-02 0.000000000e+00
3.750000000e-02 3.750000000e-02 3.750000000e-02 3.500000000e-02 3.500000000e-02 0.000000000e+00
3.500000000e-02 0.000000000e+00 0.000000000e+00 0.000000000e+00 3.500000000e-02 3.500000000e-02
3.500000000e-02 0.000000000e+00 0.000000000e+00 3.500000000e-02 3.500000000e-02 3.500000000e-02
3.500000000e-02 0.000000000e+00 3.500000000e-02 3.500000000e-02 3.500000000e-02 3.500000000e-02
3.500000000e-02 3.500000000e-02 3.500000000e-02 3.500000000e-02 3.500000000e-02 3.500000000e-02

