2.304027000e-16 2.304027000e-16 2.304027000e-16 2.304027000e-16 2.304027000e-16 2.304027000e-16
7.285973113e-04 2.304027000e-16 1.459581737e-02 9.802797874e-03 2.304027000e-16 2.304027000e-16
2.304027000e-16 7.285973113e-04 0.000000000e+00 7.134421368e-01 4.692833041e-02 2.304027000e-16
2.304027000e-16 7.285973113e-04 8.295835165e-03 4.121568796e-03 1.991705270e-01 2.304027000e-16
2.304027000e-16 2.304027000e-16 7.285973113e-04 2.304027000e-16 7.285973113e-04 2.304027000e-16
2.304027000e-16 2.304027000e-16 2.304027000e-16 2.304027000e-16 2.304027000e-16 2.304027000e-16

6.750369927e-04 6.750369927e-04 6.750369927e-04 6.750369927e-04 6.750369927e-04 6.750369927e-04
6.750369927e-04 6.750369927e-04 6.750369927e-04 6.750369927e-04 0.000000000e+00 6.750369927e-04
6.750369927e-04 8.568791051e-01 0.000000000e+00 0.000000000e+00 1.221947482e-01 6.750369927e-04
6.750369927e-04 6.750369927e-04 6.750369927e-04 6.750369927e-04 6.750369927e-04 6.750369927e-04
6.750369927e-04 6.750369927e-04 6.750369927e-04 6.750369927e-04 6.750369927e-04 6.750369927e-04
6.750369927e-04 6.750369927e-04 6.750369927e-04 6.750369927e-04 6.750369927e-04 6.750369927e-04

7.246447187e-04 7.246447187e-04 7.246447187e-04 7.246447187e-04 7.246447187e-04 7.246447187e-04
7.246447187e-04 7.246447187e-04 7.246447187e-04 7.246447187e-04 0.000000000e+00 7.246447187e-04
7.246447187e-04 0.000000000e+00 0.000000000e+00 0.000000000e+00 4.252848787e-01 2.861058248e-03
5.484287368e-01 7.246447187e-04 0.000000000e+00 7.246447187e-04 2.861058248e-03 7.246447187e-04
7.246447187e-04 7.246447187e-04 7.246447187e-04 7.246447187e-04 7.246447187e-04 7.246447187e-04
7.246447187e-04 7.246447187e-04 1.723505310e-03 7.246447187e-04 7.246447187e-04 7.246447187e-04

