2.274770900e-16 7.193457200e-04 6.755021364e-03 2.840136625e-03 7.193457200e-04 7.193457200e-04
2.274770900e-16 2.274770900e-16 7.193457200e-04 2.274770900e-16 1.710902097e-03 7.193457200e-04
7.193457200e-04 2.274770900e-16 2.274770900e-16 2.840136625e-03 2.483126334e-02 1.279197682e-02
7.193457200e-04 2.274770900e-16 7.193457200e-04 8.423522475e-01 2.274770900e-16 6.564321133e-02
2.274770900e-16 2.274770900e-16 2.274770900e-16 7.193457200e-04 2.483126334e-02 7.193457200e-04
2.274770900e-16 1.710902097e-03 7.193457200e-04 4.069233893e-03 1.710902097e-03 2.274770900e-16

2.225746638e-16 7.038428872e-04 3.981536627e-03 7.038428872e-04 1.674029938e-03 2.225746638e-16
2.225746638e-16 2.225746638e-16 2.225746638e-16 2.225746638e-16 3.545157392e-02 1.674029938e-03
2.225746638e-16 2.225746638e-16 2.225746638e-16 3.353544527e-02 2.225746638e-16 1.906056503e-02
2.225746638e-16 2.225746638e-16 0.000000000e+00 8.278149541e-01 0.000000000e+00 7.302230657e-02
2.225746638e-16 2.225746638e-16 2.225746638e-16 2.225746638e-16 1.674029938e-03 2.225746638e-16
2.225746638e-16 2.225746638e-16 7.038428872e-04 2.225746638e-16 2.225746638e-16 2.225746638e-16

2.025690941e-16 2.025690941e-16 2.025690941e-16 2.025690941e-16 2.025690941e-16 2.025690941e-16
2.025690941e-16 2.025690941e-16 2.025690941e-16 2.025690941e-16 2.025690941e-16 2.025690941e-16
2.025690941e-16 2.025690941e-16 0.000000000e+00 4.685708885e-02 0.000000000e+00 2.025690941e-16
2.025690941e-16 2.025690941e-16 0.000000000e+00 2.025690941e-16 0.000000000e+00 8.805508661e-01
2.025690941e-16 2.025690941e-16 2.025690941e-16 2.025690941e-16 7.259204505e-02 2.025690941e-16
2.025690941e-16 2.025690941e-16 2.025690941e-16 2.025690941e-16 2.025690941e-16 2.025690941e-16

1.773306804e-16 1.773306804e-16 1.773306804e-16 1.773306804e-16 1.773306804e-16 1.773306804e-16
1.773306804e-16 1.773306804e-16 1.773306804e-16 1.773306804e-16 1.773306804e-16 1.773306804e-16
1.773306804e-16 1.773306804e-16 0.000000000e+00 0.000000000e+00 0.000000000e+00 1.773306804e-16
1.773306804e-16 1.773306804e-16 0.000000000e+00 0.000000000e+00 0.000000000e+00 1.000000000e+00
1.773306804e-16 1.773306804e-16 1.773306804e-16 1.773306804e-16 1.773306804e-16 1.773306804e-16
1.773306804e-16 1.773306804e-16 1.773306804e-16 1.773306804e-16 1.773306804e-16 1.773306804e-16

