2.433033205e-16 7.693926550e-04 7.693926550e-04 7.693926550e-04 7.693926550e-04 7.693926550e-04
7.693926550e-04 2.433033205e-16 1.829934439e-03 7.693926550e-04 2.433033205e-16 7.693926550e-04
2.433033205e-16 3.037733037e-03 2.655884520e-02 1.199364452e-02 2.433033205e-16 7.693926550e-04
5.752551844e-03 5.401938113e-02 2.433033205e-16 7.457712576e-01 7.693926550e-04 7.693926550e-04
7.693926550e-04 7.693926550e-04 1.074365900e-01 7.693926550e-04 2.433033205e-16 2.433033205e-16
2.433033205e-16 7.693926550e-04 3.052038707e-02 2.433033205e-16 7.693926550e-04 7.693926550e-04

2.572863774e-16 2.572863774e-16 2.572863774e-16 6.083160815e-03 8.136109638e-04 0.000000000e+00
2.572863774e-16 2.572863774e-16 8.136109638e-04 2.008380438e-02 8.136109638e-04 3.212316738e-03
2.572863774e-16 9.263803667e-03 5.364230407e-01 2.572863774e-16 2.799925748e-01 4.602478637e-03
8.136109638e-04 8.136109638e-04 0.000000000e+00 9.746845496e-02 1.094660068e-02 2.572863774e-16
8.136109638e-04 2.572863774e-16 1.446827624e-02 8.136109638e-04 2.572863774e-16 2.572863774e-16
2.572863774e-16 2.572863774e-16 1.094660068e-02 2.572863774e-16 2.572863774e-16 8.136109638e-04

2.210425506e-16 2.210425506e-16 2.210425506e-16 2.210425506e-16 2.210425506e-16 0.000000000e+00
2.210425506e-16 2.210425506e-16 4.480915127e-01 2.210425506e-16 2.210425506e-16 2.210425506e-16
2.210425506e-16 5.028315500e-01 2.210425506e-16 0.000000000e+00 2.210425506e-16 2.210425506e-16
2.210425506e-16 2.210425506e-16 0.000000000e+00 4.907693723e-02 2.210425506e-16 2.210425506e-16
2.210425506e-16 0.000000000e+00 2.210425506e-16 2.210425506e-16 2.210425506e-16 2.210425506e-16
2.210425506e-16 2.210425506e-16 2.210425506e-16 2.210425506e-16 2.210425506e-16 2.210425506e-16

1.773306804e-16 1.773306804e-16 1.773306804e-16 1.773306804e-16 1.773306804e-16 0.000000000e+00
1.773306804e-16 1.773306804e-16 1.000000000e+00 1.773306804e-16 1.773306804e-16 1.773306804e-16
1.773306804e-16 1.773306804e-16 0.000000000e+00 0.000000000e+00 1.773306804e-16 1.773306804e-16
1.773306804e-16 0.000000000e+00 0.000000000e+00 1.773306804e-16 1.773306804e-16 1.773306804e-16
1.773306804e-16 0.000000000e+00 1.773306804e-16 1.773306804e-16 1.773306804e-16 1.773306804e-16
1.773306804e-16 1.773306804e-16 1.773306804e-16 1.773306804e-16 1.773306804e-16 1.773306804e-16

0.000000000e+00 0.000000000e+00 0.000000000e+00 0.000000000e+00 0.000000000e+00 0.000000000e+00
0.000000000e+00 0.000000000e+00 0.000000000e+00 0.000000000e+00 0.000000000e+00 0.000000000e+00
0.000000000e+00 0.000000000e+00 0.000000000e+00 0.000000000e+00 0.000000000e+00 0.000000000e+00
0.000000000e+00 0.000000000e+00 0.000000000e+00 0.000000000e+00 0.000000000e+00 0.000000000e+00
0.000000000e+00 0.000000000e+00 0.000000000e+00 0.000000000e+00 0.000000000e+00 0.000000000e+00
0.000000000e+00 0.000000000e+00 0.000000000e+00 0.000000000e+00 0.000000000e+00 0.000000000e+00

