7.943555016e-04 7.943555016e-04 7.943555016e-04 7.943555016e-04 7.943555016e-04 7.943555016e-04
7.943555016e-04 2.511972657e-16 2.511972657e-16 1.889306429e-03 2.511972657e-16 7.943555016e-04
7.943555016e-04 2.511972657e-16 7.943555016e-04 2.344925134e-02 7.459401279e-03 7.943555016e-04
7.943555016e-04 7.943555016e-04 5.273672137e-01 2.511972657e-16 3.353343858e-01 1.591313562e-02
7.943555016e-04 2.511972657e-16 7.943555016e-04 6.762386098e-02 7.943555016e-04 7.943555016e-04
2.511972657e-16 2.511972657e-16 2.511972657e-16 7.459401279e-03 2.511972657e-16 2.511972657e-16

1.952358458e-03 2.595804994e-16 2.595804994e-16 4.643517139e-03 3.240959710e-03 2.595804994e-16
2.595804994e-16 2.595804994e-16 2.595804994e-16 3.707546570e-01 2.595804994e-16 2.595804994e-16
2.595804994e-16 0.000000000e+00 2.726237817e-01 2.595804994e-16 2.056457219e-01 2.595804994e-16
2.595804994e-16 2.595804994e-16 1.229491203e-01 0.000000000e+00 3.240959710e-03 2.595804994e-16
2.595804994e-16 2.595804994e-16 1.952358458e-03 1.104420724e-02 2.595804994e-16 2.595804994e-16
2.595804994e-16 2.595804994e-16 2.595804994e-16 1.952358458e-03 2.595804994e-16 2.595804994e-16

2.108098310e-16 2.108098310e-16 2.108098310e-16 8.969192475e-03 2.108098310e-16 2.108098310e-16
2.108098310e-16 2.108098310e-16 2.108098310e-16 2.108098310e-16 4.984290720e-03 2.108098310e-16
2.108098310e-16 0.000000000e+00 2.428920993e-01 0.000000000e+00 7.431544175e-01 2.108098310e-16
2.108098310e-16 2.108098310e-16 2.108098310e-16 0.000000000e+00 2.108098310e-16 2.108098310e-16
2.108098310e-16 2.108098310e-16 2.108098310e-16 0.000000000e+00 2.108098310e-16 2.108098310e-16
2.108098310e-16 2.108098310e-16 2.108098310e-16 2.108098310e-16 2.108098310e-16 2.108098310e-16

2.360544397e-16 2.360544397e-16 2.360544397e-16 2.360544397e-16 5.581162640e-03 2.360544397e-16
2.360544397e-16 2.360544397e-16 5.460272162e-02 0.000000000e+00 4.514906648e-01 2.360544397e-16
2.360544397e-16 0.000000000e+00 6.354731836e-02 0.000000000e+00 4.247781325e-01 2.360544397e-16
2.360544397e-16 2.360544397e-16 2.360544397e-16 0.000000000e+00 2.360544397e-16 2.360544397e-16
2.360544397e-16 0.000000000e+00 2.360544397e-16 0.000000000e+00 2.360544397e-16 2.360544397e-16
2.360544397e-16 2.360544397e-16 2.360544397e-16 2.360544397e-16 2.360544397e-16 2.360544397e-16

