2.691730821e-16 2.691730821e-16 2.691730821e-16 2.691730821e-16 2.691730821e-16 2.691730821e-16
2.691730821e-16 2.691730821e-16 2.691730821e-16 9.372753529e-02 2.691730821e-16 2.691730821e-16
2.691730821e-16 2.691730821e-16 1.570989647e-01 3.066799267e-01 1.513671477e-02 2.691730821e-16
2.691730821e-16 5.976311084e-02 3.415964433e-01 2.691730821e-16 6.364204594e-03 2.691730821e-16
2.691730821e-16 2.691730821e-16 6.364204594e-03 1.326889520e-02 2.691730821e-16 2.691730821e-16
2.691730821e-16 2.691730821e-16 2.691730821e-16 2.691730821e-16 2.691730821e-16 2.691730821e-16

2.321557530e-16 2.321557530e-16 2.321557530e-16 2.321557530e-16 2.321557530e-16 2.321557530e-16
2.321557530e-16 2.321557530e-16 2.321557530e-16 2.321557530e-16 2.321557530e-16 2.321557530e-16
2.321557530e-16 2.321557530e-16 0.000000000e+00 2.824956583e-01 2.321557530e-16 2.321557530e-16
2.321557530e-16 4.440338229e-01 2.321557530e-16 0.000000000e+00 2.734705188e-01 2.321557530e-16
2.321557530e-16 2.321557530e-16 2.321557530e-16 2.321557530e-16 2.321557530e-16 2.321557530e-16
2.321557530e-16 2.321557530e-16 2.321557530e-16 2.321557530e-16 2.321557530e-16 2.321557530e-16

2.392747221e-16 2.392747221e-16 2.392747221e-16 2.233628252e-02 2.392747221e-16 2.392747221e-16
2.392747221e-16 2.392747221e-16 2.392747221e-16 4.019396709e-02 4.280276351e-03 2.392747221e-16
2.392747221e-16 0.000000000e+00 0.000000000e+00 2.392747221e-16 2.392747221e-16 2.392747221e-16
8.615279478e-03 1.185060138e-01 0.000000000e+00 0.000000000e+00 7.334228322e-01 3.401503631e-02
2.392747221e-16 2.392747221e-16 2.392747221e-16 3.001503275e-02 2.392747221e-16 2.392747221e-16
8.615279478e-03 2.392747221e-16 2.392747221e-16 2.392747221e-16 2.392747221e-16 2.392747221e-16

2.397841623e-16 2.397841623e-16 2.397841623e-16 4.451815729e-02 2.397841623e-16 2.397841623e-16
2.397841623e-16 2.397841623e-16 0.000000000e+00 2.248925150e-01 2.397841623e-16 2.397841623e-16
2.397841623e-16 0.000000000e+00 0.000000000e+00 0.000000000e+00 2.397841623e-16 2.397841623e-16
1.729553104e-01 2.397841623e-16 0.000000000e+00 0.000000000e+00 2.397841623e-16 2.397841623e-16
2.397841623e-16 8.633622284e-03 2.397841623e-16 2.397841623e-16 2.397841623e-16 2.397841623e-16
2.397841623e-16 2.397841623e-16 2.397841623e-16 5.490003951e-01 2.397841623e-16 2.397841623e-16

