2.162882454e-16 2.162882454e-16 2.162882454e-16 2.162882454e-16 2.162882454e-16 2.162882454e-16
2.162882454e-16 0.000000000e+00 2.162882454e-16 1.626748490e-03 2.162882454e-16 2.162882454e-16
2.162882454e-16 2.188683157e-02 8.044340757e-01 1.409632336e-01 2.162882454e-16 2.162882454e-16
2.162882454e-16 2.162882454e-16 9.202279106e-03 2.188683157e-02 2.162882454e-16 2.162882454e-16
2.162882454e-16 2.162882454e-16 2.162882454e-16 2.162882454e-16 2.162882454e-16 2.162882454e-16
2.162882454e-16 2.162882454e-16 2.162882454e-16 2.162882454e-16 2.162882454e-16 2.162882454e-16

2.081233991e-16 2.081233991e-16 2.081233991e-16 2.081233991e-16 2.081233991e-16 2.081233991e-16
2.081233991e-16 0.000000000e+00 0.000000000e+00 2.081233991e-16 2.081233991e-16 2.081233991e-16
2.081233991e-16 2.613951154e-01 2.081233991e-16 2.081233991e-16 2.081233991e-16 2.081233991e-16
2.081233991e-16 0.000000000e+00 7.336841107e-01 2.081233991e-16 2.081233991e-16 2.081233991e-16
2.081233991e-16 2.081233991e-16 4.920773958e-03 2.081233991e-16 2.081233991e-16 2.081233991e-16
2.081233991e-16 2.081233991e-16 2.081233991e-16 2.081233991e-16 2.081233991e-16 2.081233991e-16

2.179671630e-16 2.179671630e-16 6.892726903e-04 2.179671630e-16 2.179671630e-16 2.179671630e-16
2.179671630e-16 0.000000000e+00 0.000000000e+00 3.558100542e-01 2.179671630e-16 2.179671630e-16
2.179671630e-16 0.000000000e+00 0.000000000e+00 6.892726903e-04 2.179671630e-16 2.179671630e-16
2.179671630e-16 0.000000000e+00 6.207347324e-01 6.892726903e-04 2.179671630e-16 2.179671630e-16
2.179671630e-16 2.721401626e-03 1.866599375e-02 2.179671630e-16 2.179671630e-16 2.179671630e-16
2.179671630e-16 2.179671630e-16 2.179671630e-16 2.179671630e-16 2.179671630e-16 2.179671630e-16

2.076798972e-16 6.567414995e-04 6.567414995e-04 2.076798972e-16 2.076798972e-16 2.076798972e-16
8.819183117e-01 0.000000000e+00 0.000000000e+00 4.230015896e-02 2.076798972e-16 2.076798972e-16
0.000000000e+00 0.000000000e+00 0.000000000e+00 3.715090942e-03 2.076798972e-16 2.076798972e-16
2.076798972e-16 0.000000000e+00 0.000000000e+00 7.477682311e-03 2.076798972e-16 2.076798972e-16
6.196179007e-02 2.076798972e-16 6.567414995e-04 6.567414995e-04 2.076798972e-16 2.076798972e-16
2.076798972e-16 2.076798972e-16 2.076798972e-16 2.076798972e-16 2.076798972e-16 2.076798972e-16

