7.943555016e-04 7.943555016e-04 7.943555016e-04 7.943555016e-04 7.943555016e-04 7.943555016e-04
7.943555016e-04 2.511972657e-16 2.511972657e-16 1.889306429e-03 2.511972657e-16 7.943555016e-04
7.943555016e-04 2.511972657e-16 7.943555016e-04 2.344925134e-02 7.459401279e-03 7.943555016e-04
7.943555016e-04 7.943555016e-04 5.273672137e-01 2.511972657e-16 3.353343858e-01 1.591313562e-02
7.943555016e-04 2.511972657e-16 7.943555016e-04 6.762386098e-02 7.943555016e-04 7.943555016e-04
2.511972657e-16 2.511972657e-16 2.511972657e-16 7.459401279e-03 2.511972657e-16 2.511972657e-16

2.258920525e-16 7.143333914e-04 7.143333914e-04 2.258920525e-16 7.143333914e-04 2.258920525e-16
2.258920525e-16 2.258920525e-16 2.258920525e-16 2.258920525e-16 2.258920525e-16 2.258920525e-16
2.258920525e-16 2.258920525e-16 2.258920525e-16 9.610886209e-03 2.287192240e-01 2.258920525e-16
2.258920525e-16 2.258920525e-16 0.000000000e+00 0.000000000e+00 2.258920525e-16 6.888715270e-01
2.258920525e-16 7.143333914e-04 2.258920525e-16 4.040879880e-03 6.518581603e-02 2.258920525e-16
2.258920525e-16 2.258920525e-16 2.258920525e-16 7.143333914e-04 2.258920525e-16 2.258920525e-16

2.064364605e-16 2.064364605e-16 2.064364605e-16 2.064364605e-16 2.064364605e-16 2.064364605e-16
2.064364605e-16 2.064364605e-16 2.064364605e-16 2.064364605e-16 2.064364605e-16 2.064364605e-16
2.064364605e-16 2.064364605e-16 0.000000000e+00 2.064364605e-16 7.244188008e-01 2.064364605e-16
2.064364605e-16 2.064364605e-16 0.000000000e+00 0.000000000e+00 0.000000000e+00 2.064364605e-16
2.064364605e-16 2.064364605e-16 2.064364605e-16 2.064364605e-16 2.755811992e-01 2.064364605e-16
2.064364605e-16 2.064364605e-16 2.064364605e-16 2.064364605e-16 2.064364605e-16 2.064364605e-16

1.773306804e-16 1.773306804e-16 1.773306804e-16 1.773306804e-16 1.773306804e-16 1.773306804e-16
1.773306804e-16 1.773306804e-16 1.773306804e-16 1.773306804e-16 1.773306804e-16 1.773306804e-16
1.773306804e-16 1.773306804e-16 0.000000000e+00 1.773306804e-16 1.000000000e+00 1.773306804e-16
1.773306804e-16 1.773306804e-16 0.000000000e+00 0.000000000e+00 0.000000000e+00 0.000000000e+00
1.773306804e-16 1.773306804e-16 0.000000000e+00 1.773306804e-16 1.773306804e-16 1.773306804e-16
1.773306804e-16 1.773306804e-16 1.773306804e-16 1.773306804e-16 1.773306804e-16 1.773306804e-16

