1.954249276e-03 1.105490332e-02 1.954249276e-03 1.065215716e-01 2.598318976e-16 2.598318976e-16
2.598318976e-16 0.000000000e+00 2.598318976e-16 5.529552203e-02 2.598318976e-16 2.598318976e-16
1.835139244e-02 1.835139244e-02 4.932738060e-01 2.761716464e-01 2.598318976e-16 2.598318976e-16
2.598318976e-16 2.598318976e-16 7.715810060e-03 2.598318976e-16 2.598318976e-16 2.598318976e-16
9.355457176e-03 2.598318976e-16 2.598318976e-16 2.598318976e-16 2.598318976e-16 2.598318976e-16
2.598318976e-16 2.598318976e-16 2.598318976e-16 2.598318976e-16 2.598318976e-16 2.598318976e-16

2.541837430e-16 2.541837430e-16 4.149300754e-01 2.541837430e-16 2.541837430e-16 2.541837430e-16
2.541837430e-16 0.000000000e+00 0.000000000e+00 1.342260573e-01 2.541837430e-16 2.541837430e-16
4.546977026e-03 3.192451648e-01 2.541837430e-16 8.850816569e-02 2.541837430e-16 2.541837430e-16
2.541837430e-16 0.000000000e+00 3.399658277e-02 4.546977026e-03 2.541837430e-16 2.541837430e-16
2.541837430e-16 2.541837430e-16 2.541837430e-16 2.541837430e-16 2.541837430e-16 2.541837430e-16
2.541837430e-16 2.541837430e-16 2.541837430e-16 2.541837430e-16 2.541837430e-16 2.541837430e-16

2.246013095e-16 7.102517036e-04 4.200173343e-01 2.246013095e-16 1.689272759e-03 2.246013095e-16
1.689272759e-03 0.000000000e+00 0.000000000e+00 6.669623935e-03 2.246013095e-16 2.246013095e-16
2.246013095e-16 0.000000000e+00 0.000000000e+00 1.586312848e-02 2.246013095e-16 2.246013095e-16
2.246013095e-16 0.000000000e+00 5.475830461e-01 1.689272759e-03 2.246013095e-16 2.246013095e-16
2.246013095e-16 7.102517036e-04 2.246013095e-16 2.246013095e-16 2.246013095e-16 2.246013095e-16
2.246013095e-16 2.246013095e-16 2.246013095e-16 1.689272759e-03 1.689272759e-03 2.246013095e-16

1.945965412e-16 1.463600710e-03 7.006605518e-03 1.463600710e-03 1.463600710e-03 1.945965412e-16
1.945965412e-16 0.000000000e+00 0.000000000e+00 5.778620577e-03 1.945965412e-16 1.945965412e-16
0.000000000e+00 0.000000000e+00 0.000000000e+00 2.124204226e-02 1.945965412e-16 1.945965412e-16
1.945965412e-16 0.000000000e+00 0.000000000e+00 6.153682950e-04 1.945965412e-16 1.945965412e-16
9.582722239e-01 1.463600710e-03 1.945965412e-16 1.945965412e-16 1.945965412e-16 1.945965412e-16
1.945965412e-16 1.945965412e-16 1.945965412e-16 6.153682950e-04 6.153682950e-04 1.945965412e-16

