7.943555016e-04 7.943555016e-04 7.943555016e-04 7.943555016e-04 7.943555016e-04 7.943555016e-04
7.943555016e-04 2.511972657e-16 2.511972657e-16 1.889306429e-03 2.511972657e-16 7.943555016e-04
7.943555016e-04 2.511972657e-16 7.943555016e-04 2.344925134e-02 7.459401279e-03 7.943555016e-04
7.943555016e-04 7.943555016e-04 5.273672137e-01 2.511972657e-16 3.353343858e-01 1.591313562e-02
7.943555016e-04 2.511972657e-16 7.943555016e-04 6.762386098e-02 7.943555016e-04 7.943555016e-04
2.511972657e-16 2.511972657e-16 2.511972657e-16 7.459401279e-03 2.511972657e-16 2.511972657e-16

2.578303186e-16 2.578303186e-16 2.578303186e-16 1.939194988e-03 2.578303186e-16 2.578303186e-16
2.578303186e-16 2.578303186e-16 2.578303186e-16 1.889958373e-01 2.578303186e-16 2.578303186e-16
2.578303186e-16 2.578303186e-16 0.000000000e+00 2.578303186e-16 1.633333395e-02 2.578303186e-16
2.578303186e-16 8.153310568e-04 3.786671411e-01 0.000000000e+00 1.981254468e-01 2.578303186e-16
1.939194988e-03 2.578303186e-16 8.153310568e-04 2.104299938e-01 2.578303186e-16 2.578303186e-16
2.578303186e-16 2.578303186e-16 2.578303186e-16 1.939194988e-03 2.578303186e-16 2.578303186e-16

2.646762787e-16 2.646762787e-16 2.646762787e-16 3.603524524e-01 2.646762787e-16 2.646762787e-16
2.646762787e-16 2.646762787e-16 1.724995458e-01 2.646762787e-16 8.157287681e-02 2.646762787e-16
2.646762787e-16 2.646762787e-16 0.000000000e+00 0.000000000e+00 3.539993907e-02 2.646762787e-16
0.000000000e+00 2.646762787e-16 3.015565343e-01 0.000000000e+00 4.734673210e-03 2.646762787e-16
6.257884243e-03 2.646762787e-16 2.646762787e-16 3.762609419e-02 2.646762787e-16 2.646762787e-16
2.646762787e-16 2.646762787e-16 2.646762787e-16 2.646762787e-16 2.646762787e-16 2.646762787e-16

1.895952417e-16 1.895952417e-16 1.895952417e-16 5.656619019e-02 1.895952417e-16 1.895952417e-16
1.895952417e-16 1.895952417e-16 1.895952417e-16 0.000000000e+00 9.434338098e-01 1.895952417e-16
1.895952417e-16 1.895952417e-16 0.000000000e+00 0.000000000e+00 1.895952417e-16 1.895952417e-16
0.000000000e+00 1.895952417e-16 1.895952417e-16 0.000000000e+00 0.000000000e+00 1.895952417e-16
1.895952417e-16 1.895952417e-16 1.895952417e-16 1.895952417e-16 1.895952417e-16 1.895952417e-16
1.895952417e-16 1.895952417e-16 1.895952417e-16 1.895952417e-16 1.895952417e-16 1.895952417e-16

