2.506265664e-13 2.506265664e-13 2.506265664e-13 2.506265664e-13 2.506265664e-13 2.506265664e-13
2.506265664e-13 0.000000000e+00 3.208020050e-01 2.506265664e-03 2.506265664e-13 2.506265664e-13
2.506265664e-13 2.506265664e-13 3.784461153e-01 1.228070175e-01 2.506265664e-13 2.506265664e-13
2.506265664e-13 2.506265664e-03 1.378446115e-01 3.258145363e-02 2.506265664e-13 2.506265664e-13
2.506265664e-13 2.506265664e-13 2.506265664e-13 2.506265664e-03 2.506265664e-13 2.506265664e-13
2.506265664e-13 2.506265664e-13 2.506265664e-13 2.506265664e-13 2.506265664e-13 2.506265664e-13

2.506265664e-13 2.506265664e-13 2.506265664e-13 4.010025063e-02 2.506265664e-13 2.506265664e-13
2.506265664e-13 0.000000000e+00 2.506265664e-13 2.005012531e-02 2.506265664e-13 2.506265664e-13
2.506265664e-13 0.000000000e+00 0.000000000e+00 5.764411028e-02 2.506265664e-13 2.506265664e-13
3.258145363e-02 2.506265664e-03 2.005012531e-02 8.195488722e-01 2.506265664e-03 2.506265664e-13
2.506265664e-13 2.506265664e-13 2.506265664e-13 2.506265664e-03 2.506265664e-13 2.506265664e-13
2.506265664e-13 2.506265664e-03 2.506265664e-13 2.506265664e-13 2.506265664e-13 2.506265664e-13

2.506265664e-13 1.754385965e-02 2.506265664e-13 7.518796993e-03 2.506265664e-13 2.506265664e-13
2.506265664e-13 0.000000000e+00 0.000000000e+00 0.000000000e+00 2.506265664e-13 2.506265664e-13
2.506265664e-13 0.000000000e+00 0.000000000e+00 2.506265664e-13 2.506265664e-13 2.506265664e-13
1.503759399e-02 1.503759399e-02 5.012531329e-03 3.258145363e-02 8.972431078e-01 2.506265664e-13
2.506265664e-13 5.012531329e-03 2.506265664e-13 5.012531329e-03 2.506265664e-13 2.506265664e-13
2.506265664e-13 2.506265664e-13 2.506265664e-13 2.506265664e-13 2.506265664e-13 2.506265664e-13

2.506265664e-13 1.503759399e-02 2.506265664e-13 2.756892231e-02 5.012531329e-03 7.769423559e-02
1.503759399e-02 0.000000000e+00 0.000000000e+00 0.000000000e+00 2.506265664e-13 2.506265664e-13
2.506265664e-13 0.000000000e+00 0.000000000e+00 0.000000000e+00 0.000000000e+00 2.506265664e-13
7.518796993e-03 1.002506266e-02 5.864661654e-01 1.002506266e-02 2.130325815e-01 2.506265664e-13
5.012531329e-03 1.253132832e-02 2.506265664e-13 5.012531329e-03 2.506265664e-13 5.012531329e-03
2.506265664e-13 2.506265664e-13 2.506265664e-13 5.012531329e-03 2.506265664e-13 2.506265664e-13

2.506265664e-13 1.152882206e-01 2.506265664e-13 2.506265664e-13 2.506265664e-13 2.882205514e-01
2.406015038e-01 0.000000000e+00 0.000000000e+00 0.000000000e+00 0.000000000e+00 2.506265664e-13
2.506265664e-13 0.000000000e+00 0.000000000e+00 0.000000000e+00 0.000000000e+00 2.506265664e-13
2.506265664e-13 0.000000000e+00 2.506265664e-13 2.506265664e-13 1.002506266e-02 2.506265664e-13
2.506265664e-13 3.057644110e-01 2.506265664e-13 3.508771930e-02 2.506265664e-13 2.506265664e-13
2.506265664e-13 2.506265664e-13 2.506265664e-13 5.012531329e-03 2.506265664e-13 2.506265664e-13

2.506265664e-13 5.463659148e-01 2.506265664e-13 5.012531329e-03 5.012531329e-03 3.157894737e-01
7.518796993e-03 0.000000000e+00 0.000000000e+00 0.000000000e+00 0.000000000e+00 2.506265664e-13
2.506265664e-13 0.000000000e+00 0.000000000e+00 0.000000000e+00 0.000000000e+00 2.506265664e-13
7.518796993e-03 0.000000000e+00 0.000000000e+00 0.000000000e+00 2.506265664e-13 2.506265664e-13
2.506265664e-13 5.764411028e-02 2.506265664e-13 1.503759399e-02 2.506265664e-13 2.005012531e-02
5.012531329e-03 2.506265664e-13 5.012531329e-03 5.012531329e-03 5.012531329e-03 2.506265664e-13

1.253132832e-02 5.112781955e-01 2.506265664e-13 5.012531329e-03 7.518796993e-03 1.127819549e-01
3.759398496e-02 0.000000000e+00 0.000000000e+00 0.000000000e+00 0.000000000e+00 2.506265664e-13
2.506265664e-13 0.000000000e+00 0.000000000e+00 0.000000000e+00 0.000000000e+00 2.506265664e-13
3.508771930e-02 0.000000000e+00 0.000000000e+00 0.000000000e+00 0.000000000e+00 7.518796993e-03
2.506265664e-13 1.102756892e-01 2.506265664e-13 1.278195489e-01 7.518796993e-03 0.000000000e+00
2.506265664e-13 2.506265664e-13 7.518796993e-03 7.518796993e-03 1.002506266e-02 2.506265664e-13

2.506265664e-13 2.005012531e-02 2.506265664e-13 7.518796993e-03 2.506265664e-03 8.621553885e-01
2.506265664e-03 0.000000000e+00 0.000000000e+00 0.000000000e+00 0.000000000e+00 0.000000000e+00
2.506265664e-13 0.000000000e+00 0.000000000e+00 0.000000000e+00 0.000000000e+00 2.506265664e-13
2.506265664e-03 0.000000000e+00 0.000000000e+00 0.000000000e+00 0.000000000e+00 0.000000000e+00
2.506265664e-13 5.012531329e-03 2.506265664e-13 8.521303258e-02 2.506265664e-13 0.000000000e+00
2.506265664e-13 2.506265664e-13 7.518796993e-03 2.506265664e-03 2.506265664e-03 2.506265664e-13

5.012531329e-03 1.503759399e-02 2.506265664e-03 1.253132832e-02 1.002506266e-02 0.000000000e+00
2.506265664e-03 0.000000000e+00 0.000000000e+00 0.000000000e+00 0.000000000e+00 0.000000000e+00
2.506265664e-03 0.000000000e+00 0.000000000e+00 0.000000000e+00 0.000000000e+00 0.000000000e+00
1.002506266e-02 0.000000000e+00 0.000000000e+00 0.000000000e+00 0.000000000e+00 0.000000000e+00
2.506265664e-03 7.518796993e-03 2.506265664e-03 6.215538847e-01 2.506265664e-03 0.000000000e+00
2.506265664e-03 2.506265664e-03 1.002506266e-02 2.506265664e-03 2.832080200e-01 2.506265664e-03

2.506265664e-13 2.506265664e-03 2.506265664e-13 2.506265664e-03 2.506265664e-03 0.000000000e+00
2.506265664e-13 0.000000000e+00 0.000000000e+00 0.000000000e+00 0.000000000e+00 0.000000000e+00
2.506265664e-13 0.000000000e+00 0.000000000e+00 0.000000000e+00 0.000000000e+00 0.000000000e+00
0.000000000e+00 0.000000000e+00 0.000000000e+00 0.000000000e+00 0.000000000e+00 0.000000000e+00
2.506265664e-13 2.506265664e-13 2.506265664e-13 9.749373434e-01 0.000000000e+00 0.000000000e+00
2.506265664e-13 2.506265664e-13 1.503759399e-02 2.506265664e-13 2.506265664e-03 2.506265664e-13

