2.554020676e-16 8.076522528e-04 2.554020676e-16 7.584264521e-03 8.076522528e-04 2.554020676e-16
2.554020676e-16 2.554020676e-16 8.076522528e-04 1.902209178e-01 8.076522528e-04 8.076522528e-04
8.076522528e-04 2.554020676e-16 2.618030028e-01 2.554020676e-16 4.812375630e-01 1.993671493e-02
8.076522528e-04 2.554020676e-16 6.038609059e-03 2.187179634e-02 8.076522528e-04 2.554020676e-16
8.076522528e-04 2.554020676e-16 2.554020676e-16 8.076522528e-04 2.554020676e-16 2.554020676e-16
8.076522528e-04 8.076522528e-04 8.076522528e-04 8.076522528e-04 2.554020676e-16 2.554020676e-16

2.536032237e-16 2.536032237e-16 2.536032237e-16 1.907402135e-03 0.000000000e+00 2.536032237e-16
2.536032237e-16 2.536032237e-16 2.536032237e-16 2.504371559e-01 2.536032237e-16 2.536032237e-16
2.536032237e-16 2.536032237e-16 3.391893944e-02 0.000000000e+00 4.814490774e-01 2.536032237e-16
2.536032237e-16 2.536032237e-16 2.171774925e-02 2.536032237e-16 5.396998126e-02 2.536032237e-16
2.536032237e-16 2.536032237e-16 2.536032237e-16 1.565996946e-01 2.536032237e-16 2.536032237e-16
2.536032237e-16 2.536032237e-16 2.536032237e-16 2.536032237e-16 2.536032237e-16 2.536032237e-16

1.876786326e-16 1.876786326e-16 1.876786326e-16 1.876786326e-16 0.000000000e+00 1.876786326e-16
1.876786326e-16 1.876786326e-16 1.876786326e-16 0.000000000e+00 1.876786326e-16 1.876786326e-16
1.876786326e-16 1.876786326e-16 1.876786326e-16 0.000000000e+00 1.876786326e-16 1.876786326e-16
1.876786326e-16 1.876786326e-16 9.565872849e-01 0.000000000e+00 4.341271507e-02 1.876786326e-16
1.876786326e-16 1.876786326e-16 1.876786326e-16 1.876786326e-16 1.876786326e-16 1.876786326e-16
1.876786326e-16 1.876786326e-16 1.876786326e-16 1.876786326e-16 1.876786326e-16 1.876786326e-16

1.773306804e-16 1.773306804e-16 1.773306804e-16 1.773306804e-16 0.000000000e+00 1.773306804e-16
1.773306804e-16 1.773306804e-16 1.773306804e-16 0.000000000e+00 1.773306804e-16 1.773306804e-16
1.773306804e-16 1.773306804e-16 1.773306804e-16 0.000000000e+00 1.773306804e-16 1.773306804e-16
1.773306804e-16 1.773306804e-16 1.773306804e-16 0.000000000e+00 1.000000000e+00 1.773306804e-16
1.773306804e-16 1.773306804e-16 1.773306804e-16 0.000000000e+00 1.773306804e-16 1.773306804e-16
1.773306804e-16 1.773306804e-16 1.773306804e-16 0.000000000e+00 1.773306804e-16 1.773306804e-16

0.000000000e+00 0.000000000e+00 0.000000000e+00 0.000000000e+00 0.000000000e+00 0.000000000e+00
0.000000000e+00 0.000000000e+00 0.000000000e+00 0.000000000e+00 0.000000000e+00 0.000000000e+00
0.000000000e+00 0.000000000e+00 0.000000000e+00 0.000000000e+00 0.000000000e+00 0.000000000e+00
0.000000000e+00 0.000000000e+00 0.000000000e+00 0.000000000e+00 0.000000000e+00 0.000000000e+00
0.000000000e+00 0.000000000e+00 0.000000000e+00 0.000000000e+00 0.000000000e+00 0.000000000e+00
0.000000000e+00 0.000000000e+00 0.000000000e+00 0.000000000e+00 0.000000000e+00 0.000000000e+00

0.000000000e+00 0.000000000e+00 0.000000000e+00 0.000000000e+00 0.000000000e+00 0.000000000e+00
0.000000000e+00 0.000000000e+00 0.000000000e+00 0.000000000e+00 0.000000000e+00 0.000000000e+00
0.000000000e+00 0.000000000e+00 0.000000000e+00 0.000000000e+00 0.000000000e+00 0.000000000e+00
0.000000000e+00 0.000000000e+00 0.000000000e+00 0.000000000e+00 0.000000000e+00 0.000000000e+00
0.000000000e+00 0.000000000e+00 0.000000000e+00 0.000000000e+00 0.000000000e+00 0.000000000e+00
0.000000000e+00 0.000000000e+00 0.000000000e+00 0.000000000e+00 0.000000000e+00 0.000000000e+00

0.000000000e+00 0.000000000e+00 0.000000000e+00 0.000000000e+00 0.000000000e+00 0.000000000e+00
0.000000000e+00 0.000000000e+00 0.000000000e+00 0.000000000e+00 0.000000000e+00 0.000000000e+00
0.000000000e+00 0.000000000e+00 0.000000000e+00 0.000000000e+00 0.000000000e+00 0.000000000e+00
0.000000000e+00 0.000000000e+00 0.000000000e+00 0.000000000e+00 0.000000000e+00 0.000000000e+00
0.000000000e+00 0.000000000e+00 0.000000000e+00 0.000000000e+00 0.000000000e+00 0.000000000e+00
0.000000000e+00 0.000000000e+00 0.000000000e+00 0.000000000e+00 0.000000000e+00 0.000000000e+00

