2.699258974e-16 2.699258974e-16 2.699258974e-16 2.699258974e-16 2.699258974e-16 2.699258974e-16
2.699258974e-16 2.699258974e-16 1.134898598e-01 2.699258974e-16 2.699258974e-16 2.699258974e-16
2.699258974e-16 4.771660812e-02 2.465177752e-01 1.078440280e-01 2.699258974e-16 2.699258974e-16
2.699258974e-16 2.030168330e-03 2.699258974e-16 4.110594138e-01 2.311556955e-02 2.699258974e-16
2.699258974e-16 8.535806354e-04 2.030168330e-03 4.534282829e-02 2.699258974e-16 2.699258974e-16
2.699258974e-16 2.699258974e-16 2.699258974e-16 2.699258974e-16 2.699258974e-16 2.699258974e-16

2.878970264e-16 2.878970264e-16 2.878970264e-16 2.878970264e-16 2.878970264e-16 0.000000000e+00
2.878970264e-16 2.878970264e-16 1.745141646e-01 2.878970264e-16 2.212297114e-01 2.878970264e-16
2.878970264e-16 3.850566905e-02 4.836166355e-02 2.878970264e-16 2.878970264e-16 2.878970264e-16
2.878970264e-16 2.878970264e-16 0.000000000e+00 1.745141646e-01 6.929065267e-02 2.878970264e-16
2.878970264e-16 2.042933215e-01 2.878970264e-16 6.929065267e-02 2.878970264e-16 2.878970264e-16
2.878970264e-16 2.878970264e-16 2.878970264e-16 2.878970264e-16 2.878970264e-16 2.878970264e-16

2.316423102e-16 2.316423102e-16 2.316423102e-16 2.316423102e-16 2.316423102e-16 0.000000000e+00
2.316423102e-16 2.316423102e-16 6.136044556e-01 2.316423102e-16 3.490167246e-02 2.316423102e-16
2.316423102e-16 1.302620437e-02 2.316423102e-16 0.000000000e+00 2.316423102e-16 2.316423102e-16
2.316423102e-16 2.316423102e-16 0.000000000e+00 2.848855337e-01 2.316423102e-16 2.316423102e-16
2.316423102e-16 0.000000000e+00 2.316423102e-16 5.358213384e-02 2.316423102e-16 2.316423102e-16
2.316423102e-16 2.316423102e-16 2.316423102e-16 2.316423102e-16 2.316423102e-16 2.316423102e-16

2.081356827e-16 2.081356827e-16 2.081356827e-16 2.081356827e-16 2.081356827e-16 0.000000000e+00
2.081356827e-16 2.081356827e-16 5.803963437e-02 2.081356827e-16 2.081356827e-16 2.081356827e-16
2.081356827e-16 1.099095943e-01 2.081356827e-16 0.000000000e+00 2.081356827e-16 2.081356827e-16
2.081356827e-16 2.081356827e-16 0.000000000e+00 8.320507713e-01 0.000000000e+00 2.081356827e-16
2.081356827e-16 0.000000000e+00 0.000000000e+00 2.081356827e-16 2.081356827e-16 2.081356827e-16
2.081356827e-16 2.081356827e-16 2.081356827e-16 2.081356827e-16 2.081356827e-16 2.081356827e-16

2.555885205e-16 9.159192562e-02 0.000000000e+00 2.555885205e-16 2.555885205e-16 0.000000000e+00
2.555885205e-16 2.555885205e-16 2.555885205e-16 2.555885205e-16 2.555885205e-16 2.555885205e-16
2.555885205e-16 2.523976676e-01 2.555885205e-16 0.000000000e+00 2.555885205e-16 1.805169145e-02
2.555885205e-16 2.555885205e-16 0.000000000e+00 3.176691535e-01 0.000000000e+00 2.555885205e-16
2.555885205e-16 0.000000000e+00 0.000000000e+00 0.000000000e+00 2.555885205e-16 3.076903180e-01
2.555885205e-16 2.555885205e-16 1.259924383e-02 2.555885205e-16 2.555885205e-16 2.555885205e-16

2.236352127e-16 1.745699057e-02 0.000000000e+00 2.236352127e-16 2.236352127e-16 0.000000000e+00
2.236352127e-16 2.236352127e-16 0.000000000e+00 0.000000000e+00 2.236352127e-16 2.236352127e-16
2.236352127e-16 2.236352127e-16 2.236352127e-16 0.000000000e+00 1.102410456e-02 2.236352127e-16
2.236352127e-16 2.236352127e-16 0.000000000e+00 3.497117574e-01 0.000000000e+00 2.236352127e-16
2.236352127e-16 0.000000000e+00 0.000000000e+00 0.000000000e+00 2.236352127e-16 6.060122524e-01
2.236352127e-16 2.236352127e-16 1.579489504e-02 2.236352127e-16 2.236352127e-16 2.236352127e-16

