2.506265664e-13 2.506265664e-13 2.506265664e-13 2.506265664e-13 2.506265664e-13 2.506265664e-13
2.506265664e-13 2.506265664e-13 1.253132832e-02 2.506265664e-13 2.506265664e-13 2.506265664e-13
2.506265664e-13 2.155388471e-01 5.513784461e-02 3.107769424e-01 2.506265664e-13 2.506265664e-13
2.506265664e-13 2.506265664e-13 2.506265664e-13 0.000000000e+00 2.506265664e-13 2.506265664e-13
2.506265664e-13 2.506265664e-13 1.002506266e-02 3.959899749e-01 2.506265664e-13 2.506265664e-13
2.506265664e-13 2.506265664e-13 2.506265664e-13 2.506265664e-13 2.506265664e-13 2.506265664e-13

2.506265664e-03 2.506265664e-03 2.506265664e-03 2.506265664e-03 2.506265664e-03 2.506265664e-03
2.506265664e-03 2.506265664e-03 2.506265664e-03 2.506265664e-03 2.506265664e-03 2.506265664e-03
2.506265664e-03 4.786967419e-01 2.506265664e-03 1.253132832e-02 3.684210526e-01 5.012531329e-03
2.506265664e-03 2.506265664e-03 0.000000000e+00 0.000000000e+00 1.002506266e-02 2.506265664e-03
2.506265664e-03 5.012531329e-03 0.000000000e+00 5.012531329e-03 2.506265664e-03 2.506265664e-03
2.506265664e-03 2.506265664e-03 7.518796993e-03 5.012531329e-03 4.511278195e-02 2.506265664e-03

2.506265664e-13 2.506265664e-13 2.506265664e-13 2.506265664e-13 2.506265664e-13 2.506265664e-03
2.506265664e-03 2.506265664e-13 2.506265664e-03 2.506265664e-13 6.115288221e-01 2.506265664e-13
2.506265664e-13 2.907268170e-01 2.506265664e-13 2.506265664e-13 0.000000000e+00 2.506265664e-13
2.506265664e-13 2.506265664e-13 0.000000000e+00 0.000000000e+00 2.506265664e-03 2.506265664e-13
2.506265664e-13 6.766917293e-02 0.000000000e+00 0.000000000e+00 2.506265664e-13 2.506265664e-13
2.506265664e-03 2.506265664e-03 2.506265664e-13 2.506265664e-13 1.503759399e-02 2.506265664e-13

