2.908635538e-16 2.908635538e-16 8.677983135e-02 2.908635538e-16 2.187644760e-03 2.908635538e-16
2.908635538e-16 2.187644760e-03 1.862352370e-01 2.187644760e-03 2.908635538e-16 2.187644760e-03
1.697582939e-01 1.600217140e-01 2.908635538e-16 1.665000137e-01 2.187644760e-03 2.908635538e-16
2.908635538e-16 2.908635538e-16 2.030092773e-01 0.000000000e+00 3.631540354e-03 2.187644760e-03
2.908635538e-16 2.908635538e-16 2.908635538e-16 2.187644760e-03 2.187644760e-03 2.187644760e-03
2.908635538e-16 2.908635538e-16 2.908635538e-16 2.187644760e-03 2.187644760e-03 2.908635538e-16

2.209273282e-03 2.937392257e-16 6.945035199e-03 9.288849915e-04 2.209273282e-03 1.454807446e-01
9.288849915e-04 2.209273282e-03 5.453541605e-02 1.057631789e-02 9.288849915e-04 2.937392257e-16
5.192624960e-02 1.022816005e-01 0.000000000e+00 3.443916214e-02 0.000000000e+00 4.754541190e-01
2.937392257e-16 2.209273282e-03 5.192624960e-02 0.000000000e+00 2.742054103e-02 1.651817054e-02
2.937392257e-16 2.937392257e-16 2.937392257e-16 9.288849915e-04 2.209273282e-03 3.667444195e-03
2.937392257e-16 9.288849915e-04 2.937392257e-16 2.209273282e-03 9.288849915e-04 2.937392257e-16

2.181823609e-16 2.181823609e-16 6.899532059e-04 2.181823609e-16 6.899532059e-04 5.158603427e-03
2.181823609e-16 2.181823609e-16 3.475197026e-02 2.381665626e-02 2.181823609e-16 0.000000000e+00
6.899532059e-04 1.226929580e-02 0.000000000e+00 6.899532059e-04 0.000000000e+00 8.758134621e-01
2.181823609e-16 5.158603427e-03 6.899532059e-04 0.000000000e+00 6.899532059e-04 6.899532059e-04
6.899532059e-04 6.899532059e-04 0.000000000e+00 6.899532059e-04 2.181823609e-16 2.181823609e-16
6.899532059e-04 2.181823609e-16 3.475197026e-02 6.899532059e-04 2.181823609e-16 2.181823609e-16

2.838018638e-16 2.838018638e-16 4.276058069e-02 8.974602940e-04 8.974602940e-04 2.591904102e-01
2.838018638e-16 2.838018638e-16 2.013873715e-01 8.974602940e-04 2.838018638e-16 0.000000000e+00
8.974602940e-04 1.752473196e-01 0.000000000e+00 1.980805451e-01 0.000000000e+00 8.974602940e-04
2.838018638e-16 0.000000000e+00 2.838018638e-16 0.000000000e+00 2.838018638e-16 8.974602940e-04
8.974602940e-04 7.640122091e-02 0.000000000e+00 8.974602940e-04 2.838018638e-16 2.838018638e-16
2.838018638e-16 0.000000000e+00 8.974602940e-04 3.795794899e-02 2.838018638e-16 8.974602940e-04

2.384743287e-16 2.384743287e-16 2.148703143e-01 2.384743287e-16 2.384743287e-16 2.384743287e-16
2.384743287e-16 2.384743287e-16 2.384743287e-16 2.603171535e-02 2.384743287e-16 0.000000000e+00
0.000000000e+00 3.991745268e-01 0.000000000e+00 3.599234436e-01 0.000000000e+00 2.384743287e-16
2.384743287e-16 0.000000000e+00 0.000000000e+00 0.000000000e+00 2.384743287e-16 2.384743287e-16
2.384743287e-16 2.384743287e-16 0.000000000e+00 2.384743287e-16 2.384743287e-16 2.384743287e-16
2.384743287e-16 0.000000000e+00 2.384743287e-16 2.384743287e-16 2.384743287e-16 2.384743287e-16

