3.229959317e-16 3.229959317e-16 2.046152076e-02 1.021402819e-03 3.229959317e-16 3.229959317e-16
3.229959317e-16 2.429319000e-03 3.229959317e-16 4.032725122e-03 3.229959317e-16 3.229959317e-16
6.873762930e-02 7.773820799e-02 0.000000000e+00 7.171312050e-02 5.777926878e-03 3.229959317e-16
1.021402819e-03 1.324165146e-01 3.229959317e-16 2.216852010e-01 1.021402819e-03 3.229959317e-16
3.229959317e-16 3.229959317e-16 1.426268307e-01 7.773820799e-02 3.229959317e-16 1.816339603e-02
3.229959317e-16 3.229959317e-16 5.996719531e-02 3.229959317e-16 6.578768305e-02 2.766031342e-02

2.042050521e-16 2.042050521e-16 2.042050521e-16 2.042050521e-16 2.042050521e-16 2.042050521e-16
2.042050521e-16 2.042050521e-16 2.042050521e-16 2.042050521e-16 2.042050521e-16 2.042050521e-16
2.042050521e-16 8.945167610e-01 0.000000000e+00 2.042050521e-16 2.042050521e-16 2.042050521e-16
2.042050521e-16 0.000000000e+00 0.000000000e+00 8.688183126e-03 2.042050521e-16 2.042050521e-16
2.042050521e-16 1.906253071e-02 2.042050521e-16 8.688183126e-03 2.042050521e-16 2.042050521e-16
2.042050521e-16 2.042050521e-16 6.904434206e-02 2.042050521e-16 2.042050521e-16 2.042050521e-16

2.271053401e-16 2.271053401e-16 2.271053401e-16 2.271053401e-16 2.271053401e-16 2.271053401e-16
2.271053401e-16 2.271053401e-16 2.271053401e-16 0.000000000e+00 2.271053401e-16 2.271053401e-16
1.603998301e-02 6.743982105e-03 0.000000000e+00 2.271053401e-16 2.271053401e-16 2.271053401e-16
3.421808472e-02 0.000000000e+00 0.000000000e+00 5.369574244e-03 2.271053401e-16 2.271053401e-16
2.271053401e-16 7.318171313e-01 0.000000000e+00 1.772786911e-02 2.271053401e-16 2.271053401e-16
2.271053401e-16 2.271053401e-16 1.880833755e-01 2.271053401e-16 2.271053401e-16 2.271053401e-16

