2.506265664e-13 2.506265664e-13 2.506265664e-13 2.506265664e-13 2.506265664e-13 2.506265664e-13
2.506265664e-13 0.000000000e+00 2.506265664e-13 2.506265664e-13 2.506265664e-13 2.506265664e-13
2.506265664e-13 2.506265664e-13 8.245614035e-01 1.503759399e-02 2.506265664e-13 2.506265664e-13
2.506265664e-13 2.506265664e-13 2.506265664e-13 1.604010025e-01 2.506265664e-13 2.506265664e-13
2.506265664e-13 2.506265664e-13 2.506265664e-13 2.506265664e-13 2.506265664e-13 2.506265664e-13
2.506265664e-13 2.506265664e-13 2.506265664e-13 2.506265664e-13 2.506265664e-13 2.506265664e-13

2.506265664e-13 2.506265664e-13 2.506265664e-13 2.506265664e-13 2.506265664e-13 2.506265664e-13
2.506265664e-13 0.000000000e+00 2.506265664e-13 0.000000000e+00 2.506265664e-13 2.506265664e-13
2.506265664e-13 0.000000000e+00 9.874686717e-01 2.506265664e-13 2.506265664e-13 2.506265664e-13
2.506265664e-13 2.506265664e-13 2.506265664e-13 1.253132832e-02 2.506265664e-13 2.506265664e-13
2.506265664e-13 2.506265664e-13 2.506265664e-13 2.506265664e-13 2.506265664e-13 2.506265664e-13
2.506265664e-13 2.506265664e-13 2.506265664e-13 2.506265664e-13 2.506265664e-13 2.506265664e-13

5.012531329e-03 2.506265664e-03 2.506265664e-03 2.506265664e-03 1.253132832e-02 2.506265664e-03
2.506265664e-03 0.000000000e+00 2.506265664e-03 0.000000000e+00 8.521303258e-02 5.513784461e-02
2.506265664e-03 0.000000000e+00 0.000000000e+00 7.518796992e-02 3.007518797e-02 2.506265664e-03
2.506265664e-03 0.000000000e+00 2.506265664e-03 3.433583960e-01 5.012531329e-03 3.007518797e-02
5.012531329e-03 2.506265664e-03 1.478696742e-01 7.518796993e-03 9.523809524e-02 2.506265664e-03
2.506265664e-03 2.506265664e-03 2.506265664e-03 6.015037594e-02 2.506265664e-03 2.506265664e-03

1.253132832e-02 1.002506266e-02 1.253132832e-02 2.380952381e-01 1.503759399e-02 1.002506266e-02
1.253132832e-02 0.000000000e+00 0.000000000e+00 0.000000000e+00 1.253132832e-02 1.253132832e-02
0.000000000e+00 0.000000000e+00 0.000000000e+00 1.553884712e-01 1.253132832e-02 1.253132832e-02
2.005012531e-02 0.000000000e+00 2.155388471e-01 1.253132832e-02 1.253132832e-02 1.253132832e-02
1.253132832e-02 1.002506266e-02 4.010025063e-02 1.253132832e-02 1.253132832e-02 1.002506266e-02
1.253132832e-02 1.253132832e-02 1.002506266e-02 5.263157895e-02 1.253132832e-02 1.253132832e-02

