3.615614073e-03 2.178050747e-03 9.157575329e-04 3.615614073e-03 9.157575329e-04 2.178050747e-03
1.042684817e-02 2.895879588e-16 9.157575329e-04 9.157575329e-04 2.895879588e-16 9.157575329e-04
1.232091563e-02 2.178050747e-03 1.690138114e-01 2.259684545e-01 2.178050747e-03 9.157575329e-04
3.615614073e-03 5.898316040e-02 2.895879588e-16 0.000000000e+00 2.895879588e-16 9.157575329e-04
9.157575329e-04 9.157575329e-04 2.751816948e-01 2.088785799e-01 9.157575329e-04 9.157575329e-04
9.157575329e-04 2.895879588e-16 6.846884553e-03 9.157575329e-04 9.157575329e-04 2.895879588e-16

2.570886876e-03 2.059118777e-16 2.059118777e-16 4.868485763e-03 2.059118777e-16 2.059118777e-16
2.059118777e-16 2.059118777e-16 2.570886876e-03 6.114633930e-03 2.059118777e-16 2.059118777e-16
2.059118777e-16 2.059118777e-16 9.227923881e-01 2.059118777e-16 7.414023340e-03 7.414023340e-03
2.059118777e-16 3.683463647e-03 0.000000000e+00 0.000000000e+00 4.868485763e-03 2.059118777e-16
2.059118777e-16 6.511505308e-04 0.000000000e+00 3.640042126e-02 2.059118777e-16 2.059118777e-16
6.511505308e-04 2.059118777e-16 2.059118777e-16 2.059118777e-16 2.059118777e-16 2.059118777e-16

6.693461661e-04 6.693461661e-04 2.116658428e-16 2.116658428e-16 1.591982446e-03 6.693461661e-04
2.116658428e-16 2.116658428e-16 6.285500179e-03 7.621199497e-03 2.116658428e-16 6.693461661e-04
2.116658428e-16 2.116658428e-16 9.165452964e-01 0.000000000e+00 0.000000000e+00 6.693461661e-04
6.693461661e-04 3.786393704e-03 0.000000000e+00 0.000000000e+00 9.005612665e-03 2.116658428e-16
6.693461661e-04 1.340885321e-02 0.000000000e+00 5.004529868e-03 6.693461661e-04 2.116658428e-16
7.621199497e-03 2.116658428e-16 2.310531703e-02 6.693461661e-04 2.116658428e-16 2.116658428e-16

