2.457262693e-16 2.457262693e-16 2.457262693e-16 2.457262693e-16 2.457262693e-16 2.457262693e-16
2.457262693e-16 2.457262693e-16 2.457262693e-16 1.848157937e-03 2.457262693e-16 2.457262693e-16
2.457262693e-16 2.457262693e-16 2.990087616e-01 2.214044632e-01 4.421825150e-01 2.457262693e-16
2.457262693e-16 7.770546921e-04 1.556655260e-02 2.457262693e-16 0.000000000e+00 2.457262693e-16
2.457262693e-16 2.457262693e-16 8.847572644e-03 3.067984460e-03 7.296937898e-03 2.457262693e-16
2.457262693e-16 2.457262693e-16 2.457262693e-16 2.457262693e-16 2.457262693e-16 2.457262693e-16

2.107734346e-16 2.107734346e-16 2.107734346e-16 2.107734346e-16 2.107734346e-16 2.107734346e-16
2.107734346e-16 2.107734346e-16 2.107734346e-16 2.107734346e-16 2.107734346e-16 2.107734346e-16
2.107734346e-16 2.107734346e-16 2.107734346e-16 4.639948756e-01 5.360051244e-01 2.107734346e-16
2.107734346e-16 2.107734346e-16 2.107734346e-16 0.000000000e+00 0.000000000e+00 2.107734346e-16
2.107734346e-16 2.107734346e-16 2.107734346e-16 2.107734346e-16 0.000000000e+00 2.107734346e-16
2.107734346e-16 2.107734346e-16 2.107734346e-16 2.107734346e-16 2.107734346e-16 2.107734346e-16

1.974060145e-16 1.974060145e-16 1.974060145e-16 1.974060145e-16 1.974060145e-16 1.974060145e-16
1.974060145e-16 1.974060145e-16 1.974060145e-16 9.731135442e-03 1.484731338e-03 1.974060145e-16
1.974060145e-16 1.974060145e-16 6.242526298e-04 9.248225992e-01 0.000000000e+00 1.974060145e-16
1.974060145e-16 1.974060145e-16 6.242526298e-04 0.000000000e+00 0.000000000e+00 1.974060145e-16
1.974060145e-16 6.242526298e-04 6.242526298e-04 0.000000000e+00 0.000000000e+00 1.974060145e-16
1.974060145e-16 1.974060145e-16 1.974060145e-16 6.084027092e-02 6.242526298e-04 1.974060145e-16

3.207537453e-03 1.932224846e-03 1.932224846e-03 1.814457187e-02 7.628852721e-03 1.932224846e-03
1.932224846e-03 8.124004733e-04 7.628852721e-03 7.237099117e-01 1.300334723e-01 8.124004733e-04
1.932224846e-03 8.124004733e-04 1.266407006e-02 7.628852721e-03 0.000000000e+00 0.000000000e+00
8.124004733e-04 9.250020980e-03 1.266407006e-02 0.000000000e+00 0.000000000e+00 0.000000000e+00
7.628852721e-03 8.124004733e-04 1.932224846e-03 0.000000000e+00 0.000000000e+00 8.124004733e-04
8.124004733e-04 8.124004733e-04 1.932224846e-03 2.804344215e-02 8.124004733e-04 1.093031433e-02

