3.709474205e-03 2.971055653e-16 2.971055653e-16 3.243186613e-02 7.024627384e-03 2.971055653e-16
9.395302920e-04 2.971055653e-16 3.709474205e-03 1.767423831e-01 9.395302920e-04 9.395302920e-04
9.395302920e-04 2.971055653e-16 2.073659120e-01 2.971055653e-16 1.634558238e-01 4.223620658e-02
2.098395492e-02 2.971055653e-16 1.634558238e-01 0.000000000e+00 1.700731496e-01 2.971055653e-16
2.971055653e-16 2.971055653e-16 2.971055653e-16 9.395302920e-04 9.395302920e-04 2.971055653e-16
9.395302920e-04 2.234592216e-03 2.971055653e-16 2.971055653e-16 2.971055653e-16 2.971055653e-16

2.365752461e-16 2.365752461e-16 2.365752461e-16 7.481166158e-04 2.365752461e-16 2.365752461e-16
2.365752461e-16 2.365752461e-16 2.365752461e-16 2.393973170e-02 3.189509880e-01 2.365752461e-16
2.365752461e-16 2.365752461e-16 0.000000000e+00 0.000000000e+00 2.365752461e-16 1.623711813e-01
2.365752461e-16 2.365752461e-16 7.481166158e-04 0.000000000e+00 4.932418658e-01 2.365752461e-16
2.365752461e-16 2.365752461e-16 2.365752461e-16 2.365752461e-16 2.365752461e-16 2.365752461e-16
2.365752461e-16 2.365752461e-16 2.365752461e-16 2.365752461e-16 2.365752461e-16 2.365752461e-16

2.043780380e-16 2.043780380e-16 2.043780380e-16 2.043780380e-16 2.043780380e-16 2.043780380e-16
2.043780380e-16 2.043780380e-16 2.043780380e-16 2.043780380e-16 8.695543049e-03 2.043780380e-16
2.043780380e-16 2.043780380e-16 0.000000000e+00 0.000000000e+00 0.000000000e+00 8.305335774e-01
2.043780380e-16 2.043780380e-16 6.463001040e-04 0.000000000e+00 1.594782793e-01 2.043780380e-16
2.043780380e-16 2.043780380e-16 2.043780380e-16 6.463001040e-04 0.000000000e+00 2.043780380e-16
2.043780380e-16 2.043780380e-16 2.043780380e-16 2.043780380e-16 2.043780380e-16 2.043780380e-16

