2.064300848e-16 2.064300848e-16 2.064300848e-16 2.064300848e-16 6.527892457e-04 2.064300848e-16
2.064300848e-16 6.527892457e-04 7.432681807e-03 2.064300848e-16 6.527892457e-04 2.064300848e-16
2.064300848e-16 2.064300848e-16 8.594159567e-01 0.000000000e+00 1.228012848e-01 2.064300848e-16
2.064300848e-16 6.527892457e-04 1.552603231e-03 6.527892457e-04 4.880738014e-03 2.064300848e-16
2.064300848e-16 2.064300848e-16 2.064300848e-16 6.527892457e-04 2.064300848e-16 2.064300848e-16
2.064300848e-16 2.064300848e-16 2.064300848e-16 2.064300848e-16 2.064300848e-16 2.064300848e-16

6.998111012e-04 6.998111012e-04 6.998111012e-04 2.212997011e-16 6.998111012e-04 6.998111012e-04
6.998111012e-04 6.998111012e-04 0.000000000e+00 0.000000000e+00 6.998111012e-04 2.212997011e-16
2.212997011e-16 6.998111012e-04 8.051257697e-01 0.000000000e+00 1.562994267e-02 2.212997011e-16
6.998111012e-04 3.958729401e-03 2.239395524e-02 2.212997011e-16 1.416946254e-01 6.998111012e-04
2.212997011e-16 2.212997011e-16 6.998111012e-04 2.212997011e-16 6.998111012e-04 6.998111012e-04
2.212997011e-16 2.212997011e-16 6.998111012e-04 6.998111012e-04 2.212997011e-16 2.212997011e-16

1.787080440e-16 1.787080440e-16 1.787080440e-16 1.787080440e-16 1.787080440e-16 1.787080440e-16
1.787080440e-16 5.651244554e-04 0.000000000e+00 0.000000000e+00 1.787080440e-16 1.787080440e-16
1.787080440e-16 1.787080440e-16 9.983046266e-01 0.000000000e+00 1.787080440e-16 1.787080440e-16
1.787080440e-16 1.787080440e-16 1.787080440e-16 0.000000000e+00 0.000000000e+00 1.787080440e-16
1.787080440e-16 1.787080440e-16 1.787080440e-16 1.787080440e-16 1.787080440e-16 5.651244554e-04
1.787080440e-16 1.787080440e-16 1.787080440e-16 1.787080440e-16 1.787080440e-16 5.651244554e-04

