2.554020676e-16 8.076522528e-04 2.554020676e-16 7.584264521e-03 8.076522528e-04 2.554020676e-16
2.554020676e-16 2.554020676e-16 8.076522528e-04 1.902209178e-01 8.076522528e-04 8.076522528e-04
8.076522528e-04 2.554020676e-16 2.618030028e-01 2.554020676e-16 4.812375630e-01 1.993671493e-02
8.076522528e-04 2.554020676e-16 6.038609059e-03 2.187179634e-02 8.076522528e-04 2.554020676e-16
8.076522528e-04 2.554020676e-16 2.554020676e-16 8.076522528e-04 2.554020676e-16 2.554020676e-16
8.076522528e-04 8.076522528e-04 8.076522528e-04 8.076522528e-04 2.554020676e-16 2.554020676e-16

2.162130343e-16 2.162130343e-16 2.162130343e-16 8.147121162e-01 2.162130343e-16 2.162130343e-16
2.162130343e-16 2.162130343e-16 1.626182811e-03 2.162130343e-16 6.663656939e-02 2.162130343e-16
2.162130343e-16 2.162130343e-16 6.837256483e-04 0.000000000e+00 9.547420509e-02 6.837256483e-04
2.162130343e-16 2.162130343e-16 0.000000000e+00 2.018347520e-02 2.162130343e-16 2.162130343e-16
2.162130343e-16 2.162130343e-16 2.162130343e-16 2.162130343e-16 2.162130343e-16 2.162130343e-16
2.162130343e-16 2.162130343e-16 2.162130343e-16 2.162130343e-16 2.162130343e-16 2.162130343e-16

2.131629954e-16 2.131629954e-16 2.131629954e-16 9.069311071e-03 2.131629954e-16 2.131629954e-16
2.131629954e-16 2.131629954e-16 2.131629954e-16 0.000000000e+00 2.131629954e-16 2.131629954e-16
2.131629954e-16 2.131629954e-16 3.805907421e-01 0.000000000e+00 6.103399468e-01 2.131629954e-16
2.131629954e-16 2.131629954e-16 0.000000000e+00 2.131629954e-16 2.131629954e-16 2.131629954e-16
2.131629954e-16 2.131629954e-16 0.000000000e+00 2.131629954e-16 2.131629954e-16 2.131629954e-16
2.131629954e-16 2.131629954e-16 2.131629954e-16 2.131629954e-16 2.131629954e-16 2.131629954e-16

1.773306804e-16 1.773306804e-16 1.773306804e-16 1.773306804e-16 1.773306804e-16 1.773306804e-16
1.773306804e-16 1.773306804e-16 1.773306804e-16 0.000000000e+00 1.773306804e-16 1.773306804e-16
1.773306804e-16 1.773306804e-16 1.773306804e-16 0.000000000e+00 1.000000000e+00 1.773306804e-16
1.773306804e-16 0.000000000e+00 0.000000000e+00 0.000000000e+00 1.773306804e-16 1.773306804e-16
1.773306804e-16 1.773306804e-16 0.000000000e+00 1.773306804e-16 1.773306804e-16 1.773306804e-16
1.773306804e-16 1.773306804e-16 1.773306804e-16 1.773306804e-16 1.773306804e-16 1.773306804e-16

