7.943555016e-04 7.943555016e-04 7.943555016e-04 7.943555016e-04 7.943555016e-04 7.943555016e-04
7.943555016e-04 2.511972657e-16 2.511972657e-16 1.889306429e-03 2.511972657e-16 7.943555016e-04
7.943555016e-04 2.511972657e-16 7.943555016e-04 2.344925134e-02 7.459401279e-03 7.943555016e-04
7.943555016e-04 7.943555016e-04 5.273672137e-01 2.511972657e-16 3.353343858e-01 1.591313562e-02
7.943555016e-04 2.511972657e-16 7.943555016e-04 6.762386098e-02 7.943555016e-04 7.943555016e-04
2.511972657e-16 2.511972657e-16 2.511972657e-16 7.459401279e-03 2.511972657e-16 2.511972657e-16

2.365506494e-16 2.365506494e-16 7.480388343e-04 2.365506494e-16 7.480388343e-04 2.365506494e-16
2.365506494e-16 7.480388343e-04 7.480388343e-04 1.779146208e-03 2.365506494e-16 7.480388343e-04
7.480388343e-04 7.480388343e-04 2.365506494e-16 7.659917663e-01 9.205480601e-02 2.365506494e-16
7.480388343e-04 3.973637055e-02 6.141476453e-02 0.000000000e+00 7.480388343e-04 7.480388343e-04
0.000000000e+00 2.365506494e-16 1.670708577e-02 7.480388343e-04 2.365506494e-16 1.779146208e-03
7.480388343e-04 7.480388343e-04 2.365506494e-16 1.006437079e-02 7.480388343e-04 2.365506494e-16

2.170162854e-16 2.170162854e-16 2.170162854e-16 2.170162854e-16 2.170162854e-16 2.170162854e-16
2.170162854e-16 2.170162854e-16 2.170162854e-16 5.913892208e-01 2.170162854e-16 2.170162854e-16
2.170162854e-16 2.170162854e-16 0.000000000e+00 2.170162854e-16 3.813878830e-01 2.170162854e-16
2.170162854e-16 2.170162854e-16 2.722289617e-02 0.000000000e+00 2.170162854e-16 2.170162854e-16
0.000000000e+00 2.170162854e-16 2.170162854e-16 2.170162854e-16 0.000000000e+00 2.170162854e-16
2.170162854e-16 2.170162854e-16 2.170162854e-16 2.170162854e-16 2.170162854e-16 2.170162854e-16

1.773306804e-16 1.773306804e-16 1.773306804e-16 1.773306804e-16 1.773306804e-16 0.000000000e+00
1.773306804e-16 1.773306804e-16 1.773306804e-16 1.000000000e+00 1.773306804e-16 1.773306804e-16
1.773306804e-16 1.773306804e-16 0.000000000e+00 0.000000000e+00 1.773306804e-16 1.773306804e-16
1.773306804e-16 1.773306804e-16 1.773306804e-16 0.000000000e+00 1.773306804e-16 1.773306804e-16
0.000000000e+00 1.773306804e-16 1.773306804e-16 1.773306804e-16 0.000000000e+00 1.773306804e-16
1.773306804e-16 1.773306804e-16 1.773306804e-16 1.773306804e-16 1.773306804e-16 1.773306804e-16

0.000000000e+00 0.000000000e+00 0.000000000e+00 0.000000000e+00 0.000000000e+00 0.000000000e+00
0.000000000e+00 0.000000000e+00 0.000000000e+00 0.000000000e+00 0.000000000e+00 0.000000000e+00
0.000000000e+00 0.000000000e+00 0.000000000e+00 0.000000000e+00 0.000000000e+00 0.000000000e+00
0.000000000e+00 0.000000000e+00 0.000000000e+00 0.000000000e+00 0.000000000e+00 0.000000000e+00
0.000000000e+00 0.000000000e+00 0.000000000e+00 0.000000000e+00 0.000000000e+00 0.000000000e+00
0.000000000e+00 0.000000000e+00 0.000000000e+00 0.000000000e+00 0.000000000e+00 0.000000000e+00

