3.061815931e-16 3.061815931e-16 9.682312118e-04 9.682312118e-04 3.061815931e-16 3.061815931e-16
3.061815931e-16 3.061815931e-16 3.061815931e-16 9.092182437e-03 3.061815931e-16 3.061815931e-16
9.682312118e-04 3.061815931e-16 0.000000000e+00 1.319598455e-01 1.097223054e-01 3.061815931e-16
3.061815931e-16 3.061815931e-16 1.684490982e-01 3.061815931e-16 2.030694997e-01 9.682312118e-04
1.509323087e-02 3.061815931e-16 9.682312118e-04 1.128482219e-01 1.066141007e-01 8.835502080e-02
3.061815931e-16 3.061815931e-16 3.061815931e-16 4.613254663e-02 3.822791809e-03 3.061815931e-16

9.611227205e-04 9.611227205e-04 2.285947955e-03 1.571606652e-01 3.794725907e-03 3.794725907e-03
9.611227205e-04 9.611227205e-04 5.642811319e-02 3.794725907e-03 3.075592705e-02 7.186068443e-03
1.709144744e-02 9.611227205e-04 0.000000000e+00 4.711283888e-01 1.709144744e-02 3.794725907e-03
3.794725907e-03 0.000000000e+00 7.186068443e-03 0.000000000e+00 5.105554259e-02 1.709144744e-02
5.436931145e-03 9.611227205e-04 9.611227205e-04 1.058313688e-01 3.794725907e-03 9.611227205e-04
9.611227205e-04 9.611227205e-04 9.611227205e-04 1.094337783e-02 9.025430096e-03 9.611227205e-04

2.169442550e-16 2.169442550e-16 2.169442550e-16 9.230189931e-03 1.631682473e-03 2.169442550e-16
2.169442550e-16 2.169442550e-16 7.811252991e-03 0.000000000e+00 7.857704511e-01 2.169442550e-16
2.169442550e-16 1.631682473e-03 0.000000000e+00 0.000000000e+00 2.169442550e-16 1.631682473e-03
2.169442550e-16 0.000000000e+00 2.708630237e-03 0.000000000e+00 1.796682005e-01 9.230189931e-03
2.169442550e-16 2.169442550e-16 2.169442550e-16 2.169442550e-16 2.169442550e-16 2.169442550e-16
2.169442550e-16 2.169442550e-16 2.169442550e-16 6.860379713e-04 2.169442550e-16 2.169442550e-16

3.500552129e-03 8.866148092e-04 8.866148092e-04 3.985741232e-02 1.382095706e-02 8.866148092e-04
1.062141238e-01 8.325762997e-03 2.873989623e-01 0.000000000e+00 4.422706261e-01 2.108737279e-03
8.866148092e-04 0.000000000e+00 0.000000000e+00 0.000000000e+00 0.000000000e+00 1.382095706e-02
2.108737279e-03 0.000000000e+00 3.985741232e-02 0.000000000e+00 1.009502807e-02 1.382095706e-02
8.866148092e-04 8.866148092e-04 8.866148092e-04 8.866148092e-04 8.866148092e-04 8.866148092e-04
8.866148092e-04 8.866148092e-04 8.866148092e-04 3.500552129e-03 8.866148092e-04 8.866148092e-04

0.000000000e+00 0.000000000e+00 0.000000000e+00 0.000000000e+00 0.000000000e+00 0.000000000e+00
0.000000000e+00 0.000000000e+00 0.000000000e+00 0.000000000e+00 0.000000000e+00 0.000000000e+00
0.000000000e+00 0.000000000e+00 0.000000000e+00 0.000000000e+00 0.000000000e+00 0.000000000e+00
0.000000000e+00 0.000000000e+00 0.000000000e+00 0.000000000e+00 0.000000000e+00 0.000000000e+00
0.000000000e+00 0.000000000e+00 0.000000000e+00 0.000000000e+00 0.000000000e+00 0.000000000e+00
0.000000000e+00 0.000000000e+00 0.000000000e+00 0.000000000e+00 0.000000000e+00 0.000000000e+00

