3.615614073e-03 2.178050747e-03 9.157575329e-04 3.615614073e-03 9.157575329e-04 2.178050747e-03
1.042684817e-02 2.895879588e-16 9.157575329e-04 9.157575329e-04 2.895879588e-16 9.157575329e-04
1.232091563e-02 2.178050747e-03 1.690138114e-01 2.259684545e-01 2.178050747e-03 9.157575329e-04
3.615614073e-03 5.898316040e-02 2.895879588e-16 0.000000000e+00 2.895879588e-16 9.157575329e-04
9.157575329e-04 9.157575329e-04 2.751816948e-01 2.088785799e-01 9.157575329e-04 9.157575329e-04
9.157575329e-04 2.895879588e-16 6.846884553e-03 9.157575329e-04 9.157575329e-04 2.895879588e-16

3.363800275e-03 2.694192565e-16 2.026357779e-03 3.363800275e-03 2.694192565e-16 2.026357779e-03
4.819518176e-03 2.694192565e-16 2.694192565e-16 2.694192565e-16 2.694192565e-16 2.307218248e-02
9.700657770e-03 2.026357779e-03 6.049511998e-01 3.603430315e-02 2.026357779e-03 3.363800275e-03
4.819518176e-03 1.305159735e-01 0.000000000e+00 0.000000000e+00 1.334357506e-01 3.363800275e-03
4.819518176e-03 9.700657770e-03 0.000000000e+00 2.694192565e-16 4.819518176e-03 4.819518176e-03
8.519784962e-04 2.694192565e-16 2.026357779e-03 2.026357779e-03 2.694192565e-16 2.026357779e-03

1.633537474e-03 2.171908912e-16 2.171908912e-16 2.711709582e-03 2.171908912e-16 1.633537474e-03
2.171908912e-16 2.171908912e-16 1.633537474e-03 2.171908912e-16 2.171908912e-16 2.711709582e-03
2.171908912e-16 1.633537474e-03 7.308807370e-01 2.171908912e-16 0.000000000e+00 5.135161572e-03
2.171908912e-16 3.885228774e-03 0.000000000e+00 0.000000000e+00 2.474544856e-01 2.171908912e-16
2.171908912e-16 2.171908912e-16 0.000000000e+00 0.000000000e+00 2.171908912e-16 2.171908912e-16
2.171908912e-16 2.171908912e-16 2.171908912e-16 6.868179032e-04 2.171908912e-16 2.171908912e-16

