2.316098138e-16 2.316098138e-16 2.316098138e-16 2.316098138e-16 2.316098138e-16 2.316098138e-16
2.316098138e-16 2.316098138e-16 7.324145403e-04 2.316098138e-16 2.316098138e-16 2.316098138e-16
2.316098138e-16 2.316098138e-16 5.681320422e-01 0.000000000e+00 3.339165583e-01 2.316098138e-16
2.316098138e-16 1.741985165e-03 2.162076375e-02 2.316098138e-16 1.741985165e-03 2.316098138e-16
2.316098138e-16 2.316098138e-16 7.138183635e-02 2.316098138e-16 7.324145403e-04 2.316098138e-16
2.316098138e-16 2.316098138e-16 2.316098138e-16 2.316098138e-16 2.316098138e-16 2.316098138e-16

7.039102152e-04 7.039102152e-04 7.039102152e-04 7.039102152e-04 7.039102152e-04 7.039102152e-04
7.039102152e-04 3.981917492e-03 1.410126662e-02 7.039102152e-04 4.132700689e-02 7.039102152e-04
7.039102152e-04 7.039102152e-04 8.642351115e-01 0.000000000e+00 5.567493165e-02 7.039102152e-04
7.039102152e-04 7.039102152e-04 0.000000000e+00 0.000000000e+00 7.039102152e-04 7.039102152e-04
7.039102152e-04 7.039102152e-04 1.674190072e-03 7.039102152e-04 7.039102152e-04 7.039102152e-04
7.039102152e-04 7.039102152e-04 7.039102152e-04 7.039102152e-04 7.039102152e-04 7.039102152e-04

9.058380122e-04 9.058380122e-04 9.058380122e-04 9.058380122e-04 9.058380122e-04 4.072158369e-02
9.058380122e-04 1.031390415e-02 6.096043236e-02 0.000000000e+00 0.000000000e+00 9.058380122e-04
9.058380122e-04 1.356762724e-01 6.626018720e-02 0.000000000e+00 3.831228333e-02 9.058380122e-04
9.058380122e-04 1.449891598e-01 0.000000000e+00 0.000000000e+00 9.058380122e-04 9.058380122e-04
9.058380122e-04 9.058380122e-04 4.755154312e-01 3.576449603e-03 2.154458018e-03 9.058380122e-04
9.058380122e-04 9.058380122e-04 2.154458018e-03 2.154458018e-03 9.058380122e-04 9.058380122e-04

