2.585779307e-16 1.944817932e-03 3.228442264e-03 3.228442264e-03 8.742850833e-02 2.585779307e-16
2.585779307e-16 8.176952139e-04 8.176952139e-04 4.982529015e-01 2.585779307e-16 1.685250216e-01
8.176952139e-04 2.585779307e-16 0.000000000e+00 1.944817932e-03 2.141482451e-01 8.176952139e-04
8.176952139e-04 2.585779307e-16 4.625582645e-03 7.678573022e-03 8.176952139e-04 8.176952139e-04
2.585779307e-16 2.585779307e-16 2.585779307e-16 2.585779307e-16 2.585779307e-16 8.176952139e-04
2.585779307e-16 2.585779307e-16 8.176952139e-04 8.176952139e-04 8.176952139e-04 2.585779307e-16

8.675302230e-04 2.063346227e-03 2.063346227e-03 2.141478922e-02 2.141478922e-02 8.675302230e-04
8.675302230e-04 8.675302230e-04 4.907492028e-03 4.289974004e-01 0.000000000e+00 9.877730291e-03
2.063346227e-03 1.352345781e-02 0.000000000e+00 0.000000000e+00 3.517502396e-01 3.425201946e-03
8.675302230e-04 3.425201946e-03 8.675302230e-04 1.039278405e-01 6.486301308e-03 8.675302230e-04
8.675302230e-04 8.675302230e-04 6.486301308e-03 8.675302230e-04 8.675302230e-04 8.675302230e-04
8.675302230e-04 8.675302230e-04 3.425201946e-03 8.675302230e-04 8.675302230e-04 8.675302230e-04

2.351940728e-03 1.980978375e-02 9.888692636e-04 9.285984216e-03 7.821342477e-02 9.888692636e-04
1.860239225e-01 1.125930097e-02 1.088866026e-01 3.643232878e-01 0.000000000e+00 2.677928164e-02
9.888692636e-04 0.000000000e+00 0.000000000e+00 0.000000000e+00 6.942892590e-02 2.351940728e-03
9.285984216e-03 4.711587156e-02 0.000000000e+00 2.677928164e-02 9.888692636e-04 9.888692636e-04
9.888692636e-04 2.351940728e-03 9.285984216e-03 9.888692636e-04 9.888692636e-04 2.351940728e-03
9.888692636e-04 9.888692636e-04 1.125930097e-02 9.888692636e-04 9.888692636e-04 9.888692636e-04

