3.229959317e-16 3.229959317e-16 2.046152076e-02 1.021402819e-03 3.229959317e-16 3.229959317e-16
3.229959317e-16 2.429319000e-03 3.229959317e-16 4.032725122e-03 3.229959317e-16 3.229959317e-16
6.873762930e-02 7.773820799e-02 0.000000000e+00 7.171312050e-02 5.777926878e-03 3.229959317e-16
1.021402819e-03 1.324165146e-01 3.229959317e-16 2.216852010e-01 1.021402819e-03 3.229959317e-16
3.229959317e-16 3.229959317e-16 1.426268307e-01 7.773820799e-02 3.229959317e-16 1.816339603e-02
3.229959317e-16 3.229959317e-16 5.996719531e-02 3.229959317e-16 6.578768305e-02 2.766031342e-02

7.751739795e-03 8.254867814e-04 3.259205103e-03 7.788245252e-02 1.286806542e-02 6.171953262e-03
8.254867814e-04 1.963349508e-03 4.669658407e-03 2.610418407e-16 1.467946147e-02 9.399022154e-03
1.286806542e-02 7.474292754e-01 0.000000000e+00 4.385046220e-02 8.254867814e-04 3.259205103e-03
8.254867814e-04 0.000000000e+00 0.000000000e+00 9.399022154e-03 6.171953262e-03 6.171953262e-03
3.259205103e-03 1.963349508e-03 8.254867814e-04 8.254867814e-04 4.669658407e-03 3.259205103e-03
2.610418407e-16 2.610418407e-16 6.171953262e-03 3.259205103e-03 4.669658407e-03 2.610418407e-16

7.257648312e-04 9.764688717e-03 3.655575134e-02 1.131355406e-02 7.257648312e-04 7.257648312e-04
7.257648312e-04 1.726169402e-03 6.847395534e-02 0.000000000e+00 7.257648312e-04 7.257648312e-04
1.290612656e-02 8.387012782e-01 0.000000000e+00 2.865480701e-03 7.257648312e-04 7.257648312e-04
7.257648312e-04 0.000000000e+00 0.000000000e+00 0.000000000e+00 7.257648312e-04 1.726169402e-03
7.257648312e-04 7.257648312e-04 7.257648312e-04 7.257648312e-04 7.257648312e-04 7.257648312e-04
7.257648312e-04 7.257648312e-04 7.257648312e-04 7.257648312e-04 7.257648312e-04 7.257648312e-04

6.293380156e-04 1.496826492e-03 2.484766223e-03 3.560073428e-03 6.293380156e-04 1.990141547e-16
6.293380156e-04 0.000000000e+00 9.527282036e-01 0.000000000e+00 6.293380156e-04 6.293380156e-04
1.496826492e-03 2.496467793e-02 0.000000000e+00 1.496826492e-03 6.293380156e-04 1.990141547e-16
1.990141547e-16 0.000000000e+00 0.000000000e+00 0.000000000e+00 6.293380156e-04 1.496826492e-03
1.990141547e-16 1.990141547e-16 1.990141547e-16 6.293380156e-04 0.000000000e+00 6.293380156e-04
1.990141547e-16 1.990141547e-16 6.293380156e-04 2.484766223e-03 1.496826492e-03 1.990141547e-16

2.128049105e-16 2.128049105e-16 5.031461461e-03 2.101481825e-01 2.128049105e-16 2.128049105e-16
2.128049105e-16 0.000000000e+00 7.707777764e-01 0.000000000e+00 6.729482145e-04 2.128049105e-16
6.319325242e-03 5.031461461e-03 0.000000000e+00 2.128049105e-16 6.729482145e-04 2.128049105e-16
2.128049105e-16 0.000000000e+00 0.000000000e+00 0.000000000e+00 2.128049105e-16 6.729482145e-04
0.000000000e+00 2.128049105e-16 2.128049105e-16 2.128049105e-16 0.000000000e+00 2.128049105e-16
2.128049105e-16 2.128049105e-16 2.128049105e-16 6.729482145e-04 2.128049105e-16 0.000000000e+00

2.111906864e-16 2.111906864e-16 2.111906864e-16 5.498229159e-01 2.111906864e-16 2.111906864e-16
2.111906864e-16 0.000000000e+00 4.495092406e-01 0.000000000e+00 2.111906864e-16 2.111906864e-16
2.111906864e-16 2.111906864e-16 0.000000000e+00 0.000000000e+00 6.678435898e-04 2.111906864e-16
2.111906864e-16 0.000000000e+00 0.000000000e+00 0.000000000e+00 2.111906864e-16 2.111906864e-16
0.000000000e+00 2.111906864e-16 2.111906864e-16 2.111906864e-16 0.000000000e+00 2.111906864e-16
2.111906864e-16 2.111906864e-16 0.000000000e+00 2.111906864e-16 2.111906864e-16 0.000000000e+00

7.217284309e-04 2.282305693e-16 7.217284309e-04 5.394362892e-01 2.282305693e-16 2.282305693e-16
2.282305693e-16 0.000000000e+00 0.000000000e+00 0.000000000e+00 0.000000000e+00 2.282305693e-16
4.441999638e-02 1.781570464e-02 0.000000000e+00 0.000000000e+00 3.947193676e-01 2.282305693e-16
2.282305693e-16 0.000000000e+00 0.000000000e+00 0.000000000e+00 2.282305693e-16 2.282305693e-16
0.000000000e+00 2.282305693e-16 2.282305693e-16 2.282305693e-16 0.000000000e+00 2.282305693e-16
7.217284309e-04 7.217284309e-04 0.000000000e+00 7.217284309e-04 2.282305693e-16 0.000000000e+00

