2.433033205e-16 7.693926550e-04 7.693926550e-04 7.693926550e-04 7.693926550e-04 7.693926550e-04
7.693926550e-04 2.433033205e-16 1.829934439e-03 7.693926550e-04 2.433033205e-16 7.693926550e-04
2.433033205e-16 3.037733037e-03 2.655884520e-02 1.199364452e-02 2.433033205e-16 7.693926550e-04
5.752551844e-03 5.401938113e-02 2.433033205e-16 7.457712576e-01 7.693926550e-04 7.693926550e-04
7.693926550e-04 7.693926550e-04 1.074365900e-01 7.693926550e-04 2.433033205e-16 2.433033205e-16
2.433033205e-16 7.693926550e-04 3.052038707e-02 2.433033205e-16 7.693926550e-04 7.693926550e-04

2.529705241e-16 2.529705241e-16 2.529705241e-16 2.529705241e-16 2.529705241e-16 2.529705241e-16
2.529705241e-16 2.529705241e-16 2.529705241e-16 2.529705241e-16 2.529705241e-16 7.999630372e-04
2.529705241e-16 2.529705241e-16 8.299458190e-02 0.000000000e+00 2.529705241e-16 2.529705241e-16
2.529705241e-16 4.249462222e-02 0.000000000e+00 4.694882533e-01 2.529705241e-16 2.529705241e-16
2.529705241e-16 9.108407884e-03 2.529705241e-16 1.198183356e-01 2.529705241e-16 2.529705241e-16
2.529705241e-16 2.529705241e-16 2.752958361e-01 2.529705241e-16 2.529705241e-16 2.529705241e-16

1.938540161e-16 1.938540161e-16 1.938540161e-16 1.938540161e-16 1.938540161e-16 1.938540161e-16
1.938540161e-16 1.938540161e-16 1.938540161e-16 1.938540161e-16 1.938540161e-16 1.938540161e-16
1.938540161e-16 1.938540161e-16 0.000000000e+00 0.000000000e+00 1.938540161e-16 1.938540161e-16
1.938540161e-16 1.938540161e-16 0.000000000e+00 1.938540161e-16 1.938540161e-16 1.938540161e-16
1.938540161e-16 9.081819290e-01 0.000000000e+00 9.181807105e-02 1.938540161e-16 1.938540161e-16
1.938540161e-16 1.938540161e-16 1.938540161e-16 1.938540161e-16 1.938540161e-16 1.938540161e-16

1.773306804e-16 1.773306804e-16 1.773306804e-16 1.773306804e-16 1.773306804e-16 1.773306804e-16
1.773306804e-16 1.773306804e-16 1.773306804e-16 1.773306804e-16 1.773306804e-16 1.773306804e-16
1.773306804e-16 1.773306804e-16 0.000000000e+00 0.000000000e+00 0.000000000e+00 1.773306804e-16
1.773306804e-16 1.773306804e-16 0.000000000e+00 1.773306804e-16 1.773306804e-16 1.773306804e-16
1.773306804e-16 1.773306804e-16 0.000000000e+00 1.000000000e+00 1.773306804e-16 1.773306804e-16
1.773306804e-16 1.773306804e-16 0.000000000e+00 1.773306804e-16 1.773306804e-16 1.773306804e-16

