2.468972547e-16 2.468972547e-16 2.468972547e-16 2.468972547e-16 2.468972547e-16 2.468972547e-16
2.468972547e-16 2.468972547e-16 1.856965159e-03 2.468972547e-16 1.388405294e-02 2.468972547e-16
2.468972547e-16 2.468972547e-16 3.302202908e-02 3.493282232e-01 6.646627137e-02 2.468972547e-16
2.468972547e-16 2.468972547e-16 5.040607066e-01 1.564073354e-02 2.468972547e-16 2.468972547e-16
2.468972547e-16 2.468972547e-16 2.468972547e-16 1.856965159e-03 1.388405294e-02 2.468972547e-16
2.468972547e-16 2.468972547e-16 2.468972547e-16 2.468972547e-16 2.468972547e-16 2.468972547e-16

2.102110840e-16 2.102110840e-16 2.102110840e-16 2.102110840e-16 2.102110840e-16 2.102110840e-16
2.102110840e-16 2.102110840e-16 2.102110840e-16 2.102110840e-16 5.889442290e-01 2.102110840e-16
2.102110840e-16 2.102110840e-16 2.102110840e-16 2.102110840e-16 2.102110840e-16 2.102110840e-16
2.102110840e-16 2.102110840e-16 0.000000000e+00 2.102110840e-16 0.000000000e+00 2.102110840e-16
2.102110840e-16 2.102110840e-16 2.102110840e-16 2.102110840e-16 4.110557710e-01 2.102110840e-16
2.102110840e-16 2.102110840e-16 2.102110840e-16 2.102110840e-16 2.102110840e-16 2.102110840e-16

2.349535774e-16 2.349535774e-16 2.349535774e-16 2.349535774e-16 2.933483369e-03 2.349535774e-16
2.349535774e-16 2.349535774e-16 7.429884491e-04 2.349535774e-16 2.981698830e-01 2.349535774e-16
2.349535774e-16 2.349535774e-16 0.000000000e+00 2.349535774e-16 0.000000000e+00 2.349535774e-16
2.349535774e-16 2.349535774e-16 0.000000000e+00 2.349535774e-16 0.000000000e+00 2.349535774e-16
2.349535774e-16 2.349535774e-16 4.327295644e-01 2.349535774e-16 2.646810924e-01 2.349535774e-16
2.349535774e-16 7.429884491e-04 2.349535774e-16 2.349535774e-16 2.349535774e-16 2.349535774e-16

1.956809130e-16 1.956809130e-16 1.956809130e-16 1.956809130e-16 1.956809130e-16 1.956809130e-16
1.956809130e-16 1.956809130e-16 1.956809130e-16 1.956809130e-16 8.901691985e-01 1.956809130e-16
1.956809130e-16 1.956809130e-16 0.000000000e+00 0.000000000e+00 0.000000000e+00 1.956809130e-16
1.956809130e-16 1.956809130e-16 0.000000000e+00 0.000000000e+00 0.000000000e+00 1.956809130e-16
1.956809130e-16 1.956809130e-16 1.956809130e-16 1.956809130e-16 1.956809130e-16 1.956809130e-16
1.956809130e-16 1.956809130e-16 1.956809130e-16 1.956809130e-16 1.098308015e-01 1.956809130e-16

