2.506265664e-13 2.506265664e-13 2.506265664e-13 2.506265664e-13 2.506265664e-13 2.506265664e-13
2.506265664e-13 2.506265664e-13 2.506265664e-13 2.506265664e-03 1.002506266e-02 2.506265664e-13
2.506265664e-13 2.506265664e-13 3.784461153e-01 2.255639098e-02 2.506265664e-13 2.506265664e-13
2.506265664e-13 2.506265664e-13 4.260651629e-02 3.157894737e-01 2.255639098e-01 2.506265664e-13
2.506265664e-13 2.506265664e-13 2.506265664e-13 2.506265664e-13 2.506265664e-03 2.506265664e-13
2.506265664e-13 2.506265664e-13 2.506265664e-13 2.506265664e-13 2.506265664e-13 2.506265664e-13

2.506265664e-13 2.506265664e-13 2.506265664e-13 2.506265664e-13 2.506265664e-13 2.506265664e-13
2.506265664e-13 2.506265664e-13 2.506265664e-13 2.506265664e-13 2.506265664e-13 2.506265664e-13
2.506265664e-13 2.506265664e-13 2.506265664e-13 7.694235589e-01 0.000000000e+00 2.506265664e-13
2.506265664e-13 2.756892231e-02 2.030075188e-01 0.000000000e+00 2.506265664e-13 2.506265664e-13
2.506265664e-13 2.506265664e-13 2.506265664e-13 2.506265664e-13 2.506265664e-13 2.506265664e-13
2.506265664e-13 2.506265664e-13 2.506265664e-13 2.506265664e-13 2.506265664e-13 2.506265664e-13

2.506265664e-13 2.506265664e-13 9.022556391e-02 2.506265664e-13 2.330827068e-01 2.506265664e-13
2.506265664e-13 2.506265664e-13 9.523809524e-02 2.506265664e-13 1.253132832e-02 2.506265664e-13
2.506265664e-13 2.506265664e-13 0.000000000e+00 0.000000000e+00 0.000000000e+00 2.506265664e-13
2.506265664e-13 2.781954887e-01 2.506265664e-13 0.000000000e+00 1.152882206e-01 3.508771930e-02
5.012531329e-03 2.506265664e-13 6.015037594e-02 6.265664160e-02 2.506265664e-13 2.506265664e-13
2.506265664e-13 2.506265664e-13 2.506265664e-13 1.253132832e-02 2.506265664e-13 2.506265664e-13

2.506265664e-13 2.506265664e-13 3.759398496e-02 2.506265664e-13 5.513784461e-02 2.506265664e-13
2.506265664e-13 2.506265664e-03 3.408521303e-01 0.000000000e+00 2.506265664e-13 2.506265664e-13
1.002506266e-02 2.506265664e-13 0.000000000e+00 0.000000000e+00 0.000000000e+00 2.506265664e-13
2.506265664e-13 3.358395990e-01 2.506265664e-13 0.000000000e+00 2.506265664e-13 1.002506266e-02
2.506265664e-13 2.506265664e-13 2.506265664e-13 2.080200501e-01 2.506265664e-13 2.506265664e-13
2.506265664e-13 2.506265664e-13 2.506265664e-13 0.000000000e+00 2.506265664e-13 2.506265664e-13

