2.712947283e-16 2.712947283e-16 2.712947283e-16 2.040463589e-03 2.712947283e-16 2.712947283e-16
2.712947283e-16 2.712947283e-16 2.712947283e-16 2.712947283e-16 2.712947283e-16 2.712947283e-16
8.579092589e-04 8.579092589e-04 8.579092589e-04 1.154260513e-02 2.712947283e-16 7.565183747e-02
3.403167743e-02 3.514169816e-01 0.000000000e+00 1.154260513e-02 2.712947283e-16 2.712947283e-16
1.525602371e-02 2.712947283e-16 1.027752743e-01 2.040463589e-03 2.712947283e-16 2.712947283e-16
2.712947283e-16 3.729739438e-01 8.579092589e-04 2.040463589e-03 1.525602371e-02 2.712947283e-16

9.453961203e-04 3.732633797e-03 2.248543585e-03 3.732633797e-03 5.347968060e-03 9.453961203e-04
7.068484680e-03 1.071345775e-01 9.453961203e-04 9.453961203e-04 2.248543585e-03 2.248543585e-03
5.818600244e-02 9.453961203e-04 3.505132559e-02 1.681178455e-02 9.453961203e-04 9.453961203e-04
2.790794700e-02 5.253979588e-01 0.000000000e+00 5.347968060e-03 2.248543585e-03 2.248543585e-03
2.111496536e-02 0.000000000e+00 6.637665827e-02 0.000000000e+00 5.347968060e-03 2.248543585e-03
7.068484680e-03 8.048202055e-02 9.453961203e-04 9.453961203e-04 9.453961203e-04 9.453961203e-04

3.508146192e-03 8.343824823e-03 8.885382224e-04 1.195469769e-02 6.643372739e-03 5.026331219e-03
5.026331219e-03 2.113311952e-03 5.468658700e-02 1.011692813e-02 3.508146192e-03 5.026331219e-03
1.580069226e-02 0.000000000e+00 6.892367738e-01 8.885382224e-04 1.385094011e-02 5.026331219e-03
8.885382224e-04 0.000000000e+00 0.000000000e+00 3.758059131e-02 6.643372739e-03 8.885382224e-04
6.643372739e-03 0.000000000e+00 4.719980091e-02 0.000000000e+00 3.508146192e-03 3.508146192e-03
8.343824823e-03 2.622951066e-02 1.011692813e-02 8.885382224e-04 8.885382224e-04 5.026331219e-03

9.444229160e-04 3.728791371e-03 9.444229160e-04 6.355709136e-02 9.444229160e-04 3.728791371e-03
9.444229160e-04 9.444229160e-04 9.444229160e-04 7.061208281e-03 2.246228902e-03 9.444229160e-04
1.075323326e-02 0.000000000e+00 2.259586650e-01 0.000000000e+00 9.798200843e-02 3.501524326e-02
2.246228902e-03 0.000000000e+00 0.000000000e+00 0.000000000e+00 9.444229160e-04 8.868610456e-03
3.728791371e-03 0.000000000e+00 4.225556669e-01 0.000000000e+00 1.270658951e-02 9.444229160e-04
3.728791371e-03 3.501524326e-02 3.746351458e-02 8.868610456e-03 5.342462785e-03 9.444229160e-04

