2.506265664e-13 2.506265664e-13 2.506265664e-13 2.506265664e-13 2.506265664e-13 2.506265664e-13
2.506265664e-13 2.506265664e-13 1.253132832e-02 2.506265664e-13 2.506265664e-13 2.506265664e-13
2.506265664e-13 2.155388471e-01 5.513784461e-02 3.107769424e-01 2.506265664e-13 2.506265664e-13
2.506265664e-13 2.506265664e-13 2.506265664e-13 0.000000000e+00 2.506265664e-13 2.506265664e-13
2.506265664e-13 2.506265664e-13 1.002506266e-02 3.959899749e-01 2.506265664e-13 2.506265664e-13
2.506265664e-13 2.506265664e-13 2.506265664e-13 2.506265664e-13 2.506265664e-13 2.506265664e-13

2.506265664e-03 2.506265664e-03 2.506265664e-03 5.012531329e-03 2.506265664e-03 2.506265664e-03
5.012531329e-03 2.506265664e-03 3.759398496e-02 2.506265664e-03 3.659147870e-01 2.506265664e-03
2.506265664e-03 1.253132832e-02 7.518796993e-03 5.012531329e-03 2.030075188e-01 5.012531329e-03
5.012531329e-03 2.506265664e-03 0.000000000e+00 0.000000000e+00 7.518796993e-03 2.506265664e-03
2.506265664e-03 2.706766917e-01 0.000000000e+00 7.518796993e-03 2.506265664e-03 5.012531329e-03
5.012531329e-03 2.506265664e-03 5.012531329e-03 5.012531329e-03 2.506265664e-03 5.012531329e-03

2.506265664e-13 2.506265664e-13 2.506265664e-13 2.506265664e-13 2.506265664e-13 2.506265664e-13
2.506265664e-13 2.506265664e-13 2.506265664e-13 2.506265664e-13 5.839598997e-01 2.506265664e-13
2.506265664e-13 2.506265664e-13 2.506265664e-13 0.000000000e+00 0.000000000e+00 2.506265664e-13
2.506265664e-13 2.506265664e-13 0.000000000e+00 0.000000000e+00 2.506265664e-13 2.506265664e-13
2.506265664e-13 4.135338346e-01 0.000000000e+00 2.506265664e-13 2.506265664e-13 2.506265664e-13
2.506265664e-03 2.506265664e-13 2.506265664e-13 2.506265664e-13 2.506265664e-13 2.506265664e-13

