1.130220576e-02 3.138995256e-16 3.138995256e-16 3.919153086e-03 3.138995256e-16 3.138995256e-16
5.615205419e-03 3.138995256e-16 3.919153086e-03 3.138995256e-16 3.138995256e-16 2.360903054e-03
3.937609648e-02 3.138995256e-16 1.623138854e-01 0.000000000e+00 2.688132700e-02 7.421696060e-03
2.360903054e-03 3.138995256e-16 2.561912640e-01 3.138995256e-16 1.486770794e-01 9.926374574e-04
6.680179875e-02 3.138995256e-16 1.130220576e-02 1.352861630e-01 9.058218959e-02 3.919153086e-03
1.335528447e-02 3.138995256e-16 3.138995256e-16 7.421696060e-03 3.138995256e-16 3.138995256e-16

1.407118102e-02 2.335848244e-02 9.821032074e-03 2.832227341e-02 3.307257930e-16 3.087323511e-02
3.307257930e-16 3.307257930e-16 1.746453912e-01 3.346709717e-02 1.045846787e-03 3.307257930e-16
1.859807807e-02 1.673990767e-01 3.307257930e-16 0.000000000e+00 4.129235333e-03 1.407118102e-02
3.307257930e-16 8.903343349e-02 0.000000000e+00 0.000000000e+00 3.610183011e-02 4.129235333e-03
3.307257930e-16 3.307257930e-16 3.087323511e-02 2.346848511e-01 3.307257930e-16 3.307257930e-16
3.610183011e-02 2.832227341e-02 3.307257930e-16 2.095120097e-02 3.307257930e-16 3.307257930e-16

4.793281296e-03 2.679525703e-16 3.365382909e-01 2.091640863e-02 2.015326530e-03 2.015326530e-03
2.679525703e-16 2.015326530e-03 2.480091731e-01 2.679525703e-16 0.000000000e+00 4.793281296e-03
2.015326530e-03 1.697457009e-02 0.000000000e+00 0.000000000e+00 3.260545421e-01 4.793281296e-03
2.679525703e-16 2.679525703e-16 0.000000000e+00 0.000000000e+00 6.335347375e-03 4.793281296e-03
2.679525703e-16 2.679525703e-16 2.679525703e-16 6.335347375e-03 2.679525703e-16 2.679525703e-16
4.793281296e-03 4.793281296e-03 2.679525703e-16 2.015326530e-03 2.679525703e-16 2.679525703e-16

