2.454900024e-16 2.454900024e-16 2.454900024e-16 2.454900024e-16 2.454900024e-16 2.454900024e-16
2.454900024e-16 2.454900024e-16 2.878223015e-02 7.763075505e-04 2.454900024e-16 2.454900024e-16
2.454900024e-16 1.733845389e-02 9.808110655e-02 2.454900024e-16 1.846380925e-03 2.454900024e-16
2.454900024e-16 2.454900024e-16 9.808110655e-02 6.802512666e-01 5.000130616e-02 2.454900024e-16
2.454900024e-16 2.454900024e-16 2.454900024e-16 2.484184161e-02 2.454900024e-16 2.454900024e-16
2.454900024e-16 2.454900024e-16 2.454900024e-16 2.454900024e-16 2.454900024e-16 2.454900024e-16

1.882940319e-16 1.882940319e-16 1.882940319e-16 1.192826864e-02 1.882940319e-16 1.882940319e-16
1.882940319e-16 1.882940319e-16 1.058855154e-02 1.882940319e-16 1.882940319e-16 1.882940319e-16
1.882940319e-16 1.882940319e-16 2.350921477e-03 0.000000000e+00 1.882940319e-16 1.882940319e-16
1.882940319e-16 1.882940319e-16 0.000000000e+00 9.727813369e-01 1.882940319e-16 1.882940319e-16
1.882940319e-16 1.882940319e-16 1.882940319e-16 2.350921477e-03 1.882940319e-16 1.882940319e-16
1.882940319e-16 1.882940319e-16 1.882940319e-16 1.882940319e-16 1.882940319e-16 1.882940319e-16

1.971914540e-16 1.971914540e-16 1.971914540e-16 8.737414959e-01 1.971914540e-16 1.971914540e-16
1.971914540e-16 1.971914540e-16 1.971914540e-16 0.000000000e+00 1.971914540e-16 1.971914540e-16
1.971914540e-16 1.971914540e-16 1.971914540e-16 0.000000000e+00 1.971914540e-16 1.971914540e-16
1.971914540e-16 1.971914540e-16 0.000000000e+00 1.971914540e-16 1.971914540e-16 1.971914540e-16
1.971914540e-16 1.971914540e-16 0.000000000e+00 1.262585041e-01 1.971914540e-16 1.971914540e-16
1.971914540e-16 1.971914540e-16 1.971914540e-16 1.971914540e-16 1.971914540e-16 1.971914540e-16

2.230420668e-16 2.230420668e-16 2.230420668e-16 5.604922843e-01 2.230420668e-16 2.230420668e-16
2.230420668e-16 2.230420668e-16 2.230420668e-16 0.000000000e+00 2.230420668e-16 2.230420668e-16
2.230420668e-16 2.230420668e-16 2.230420668e-16 0.000000000e+00 2.230420668e-16 2.230420668e-16
2.230420668e-16 0.000000000e+00 0.000000000e+00 0.000000000e+00 2.230420668e-16 2.230420668e-16
2.230420668e-16 2.230420668e-16 0.000000000e+00 3.640943378e-01 2.230420668e-16 2.230420668e-16
2.230420668e-16 2.230420668e-16 2.230420668e-16 7.541337787e-02 2.230420668e-16 2.230420668e-16

