2.554020676e-16 8.076522528e-04 2.554020676e-16 7.584264521e-03 8.076522528e-04 2.554020676e-16
2.554020676e-16 2.554020676e-16 8.076522528e-04 1.902209178e-01 8.076522528e-04 8.076522528e-04
8.076522528e-04 2.554020676e-16 2.618030028e-01 2.554020676e-16 4.812375630e-01 1.993671493e-02
8.076522528e-04 2.554020676e-16 6.038609059e-03 2.187179634e-02 8.076522528e-04 2.554020676e-16
8.076522528e-04 2.554020676e-16 2.554020676e-16 8.076522528e-04 2.554020676e-16 2.554020676e-16
8.076522528e-04 8.076522528e-04 8.076522528e-04 8.076522528e-04 2.554020676e-16 2.554020676e-16

2.437015920e-16 2.437015920e-16 2.437015920e-16 3.042705606e-03 2.437015920e-16 2.437015920e-16
2.437015920e-16 2.437015920e-16 2.437015920e-16 3.777624590e-01 2.437015920e-16 2.437015920e-16
2.437015920e-16 2.437015920e-16 1.757809360e-01 0.000000000e+00 3.877647878e-01 2.437015920e-16
2.437015920e-16 2.437015920e-16 0.000000000e+00 2.437015920e-16 7.706521003e-04 2.437015920e-16
2.437015920e-16 2.437015920e-16 7.706521003e-04 5.410780730e-02 2.437015920e-16 2.437015920e-16
2.437015920e-16 2.437015920e-16 2.437015920e-16 2.437015920e-16 2.437015920e-16 2.437015920e-16

2.079441718e-16 2.079441718e-16 2.079441718e-16 2.079441718e-16 2.079441718e-16 2.079441718e-16
2.079441718e-16 2.079441718e-16 2.079441718e-16 0.000000000e+00 2.079441718e-16 2.079441718e-16
2.079441718e-16 2.079441718e-16 1.169356011e-02 0.000000000e+00 2.079441718e-16 2.079441718e-16
2.079441718e-16 2.079441718e-16 0.000000000e+00 0.000000000e+00 8.761038844e-01 2.079441718e-16
2.079441718e-16 2.079441718e-16 5.004771173e-02 2.079441718e-16 6.174983701e-03 2.079441718e-16
2.079441718e-16 2.079441718e-16 2.079441718e-16 5.597986001e-02 2.079441718e-16 2.079441718e-16

2.286100410e-16 2.286100410e-16 2.286100410e-16 2.286100410e-16 2.286100410e-16 2.286100410e-16
2.286100410e-16 2.286100410e-16 0.000000000e+00 0.000000000e+00 2.286100410e-16 2.286100410e-16
2.286100410e-16 2.286100410e-16 3.249895676e-02 0.000000000e+00 6.369826790e-01 2.286100410e-16
2.286100410e-16 2.286100410e-16 0.000000000e+00 0.000000000e+00 2.286100410e-16 2.286100410e-16
2.286100410e-16 2.286100410e-16 1.957741496e-02 0.000000000e+00 2.841377933e-01 2.286100410e-16
2.286100410e-16 2.286100410e-16 2.286100410e-16 2.680315593e-02 2.286100410e-16 2.286100410e-16

