2.554020676e-16 8.076522528e-04 2.554020676e-16 7.584264521e-03 8.076522528e-04 2.554020676e-16
2.554020676e-16 2.554020676e-16 8.076522528e-04 1.902209178e-01 8.076522528e-04 8.076522528e-04
8.076522528e-04 2.554020676e-16 2.618030028e-01 2.554020676e-16 4.812375630e-01 1.993671493e-02
8.076522528e-04 2.554020676e-16 6.038609059e-03 2.187179634e-02 8.076522528e-04 2.554020676e-16
8.076522528e-04 2.554020676e-16 2.554020676e-16 8.076522528e-04 2.554020676e-16 2.554020676e-16
8.076522528e-04 8.076522528e-04 8.076522528e-04 8.076522528e-04 2.554020676e-16 2.554020676e-16

2.568942360e-16 2.568942360e-16 2.568942360e-16 4.595463798e-03 2.568942360e-16 2.568942360e-16
2.568942360e-16 2.568942360e-16 2.568942360e-16 1.216767838e-01 2.568942360e-16 2.568942360e-16
2.568942360e-16 0.000000000e+00 4.193546898e-01 0.000000000e+00 2.893977941e-01 2.568942360e-16
2.568942360e-16 2.568942360e-16 1.189177161e-01 2.568942360e-16 3.207420705e-03 2.568942360e-16
2.568942360e-16 2.568942360e-16 1.932154517e-03 4.091797711e-02 2.568942360e-16 2.568942360e-16
2.568942360e-16 2.568942360e-16 2.568942360e-16 2.568942360e-16 2.568942360e-16 2.568942360e-16

2.130504441e-16 2.130504441e-16 2.130504441e-16 2.130504441e-16 2.130504441e-16 2.130504441e-16
2.130504441e-16 2.130504441e-16 2.130504441e-16 2.130504441e-16 2.130504441e-16 2.130504441e-16
2.130504441e-16 0.000000000e+00 0.000000000e+00 0.000000000e+00 2.130504441e-16 2.130504441e-16
2.130504441e-16 5.037266745e-03 2.130504441e-16 0.000000000e+00 4.627789795e-01 2.130504441e-16
2.130504441e-16 2.130504441e-16 2.130504441e-16 5.321837538e-01 2.130504441e-16 2.130504441e-16
2.130504441e-16 2.130504441e-16 2.130504441e-16 2.130504441e-16 2.130504441e-16 2.130504441e-16

1.773306804e-16 1.773306804e-16 1.773306804e-16 1.773306804e-16 1.773306804e-16 1.773306804e-16
1.773306804e-16 0.000000000e+00 1.773306804e-16 1.773306804e-16 1.773306804e-16 1.773306804e-16
1.773306804e-16 0.000000000e+00 0.000000000e+00 0.000000000e+00 1.773306804e-16 1.773306804e-16
1.773306804e-16 1.773306804e-16 0.000000000e+00 0.000000000e+00 1.000000000e+00 1.773306804e-16
1.773306804e-16 1.773306804e-16 1.773306804e-16 1.773306804e-16 1.773306804e-16 1.773306804e-16
1.773306804e-16 1.773306804e-16 1.773306804e-16 1.773306804e-16 1.773306804e-16 1.773306804e-16

