2.691730821e-16 2.691730821e-16 2.691730821e-16 2.691730821e-16 2.691730821e-16 2.691730821e-16
2.691730821e-16 2.691730821e-16 2.691730821e-16 9.372753529e-02 2.691730821e-16 2.691730821e-16
2.691730821e-16 2.691730821e-16 1.570989647e-01 3.066799267e-01 1.513671477e-02 2.691730821e-16
2.691730821e-16 5.976311084e-02 3.415964433e-01 2.691730821e-16 6.364204594e-03 2.691730821e-16
2.691730821e-16 2.691730821e-16 6.364204594e-03 1.326889520e-02 2.691730821e-16 2.691730821e-16
2.691730821e-16 2.691730821e-16 2.691730821e-16 2.691730821e-16 2.691730821e-16 2.691730821e-16

2.324548877e-16 2.324548877e-16 2.324548877e-16 2.324548877e-16 2.324548877e-16 2.324548877e-16
2.324548877e-16 2.324548877e-16 2.324548877e-16 2.324548877e-16 2.324548877e-16 2.324548877e-16
2.324548877e-16 2.324548877e-16 2.980495501e-01 0.000000000e+00 2.324548877e-16 2.324548877e-16
2.324548877e-16 2.738228879e-01 2.324548877e-16 0.000000000e+00 4.281275620e-01 2.324548877e-16
2.324548877e-16 2.324548877e-16 2.324548877e-16 2.324548877e-16 2.324548877e-16 2.324548877e-16
2.324548877e-16 2.324548877e-16 2.324548877e-16 2.324548877e-16 2.324548877e-16 2.324548877e-16

1.999727390e-16 1.999727390e-16 1.999727390e-16 1.999727390e-16 1.999727390e-16 1.999727390e-16
1.999727390e-16 1.999727390e-16 1.999727390e-16 1.999727390e-16 1.999727390e-16 1.999727390e-16
1.999727390e-16 1.999727390e-16 0.000000000e+00 0.000000000e+00 1.999727390e-16 1.999727390e-16
1.608125367e-01 1.999727390e-16 0.000000000e+00 0.000000000e+00 8.391874633e-01 1.999727390e-16
1.999727390e-16 1.999727390e-16 1.999727390e-16 1.999727390e-16 1.999727390e-16 1.999727390e-16
1.999727390e-16 1.999727390e-16 1.999727390e-16 1.999727390e-16 1.999727390e-16 1.999727390e-16

2.193089062e-16 2.193089062e-16 2.193089062e-16 2.193089062e-16 2.193089062e-16 2.193089062e-16
2.193089062e-16 0.000000000e+00 2.193089062e-16 2.193089062e-16 2.193089062e-16 2.193089062e-16
2.193089062e-16 2.193089062e-16 0.000000000e+00 0.000000000e+00 3.876870369e-02 2.193089062e-16
4.101202366e-01 0.000000000e+00 0.000000000e+00 0.000000000e+00 5.511110597e-01 2.193089062e-16
2.193089062e-16 2.193089062e-16 2.193089062e-16 2.193089062e-16 2.193089062e-16 2.193089062e-16
2.193089062e-16 2.193089062e-16 2.193089062e-16 2.193089062e-16 2.193089062e-16 2.193089062e-16

