2.506265664e-13 2.506265664e-13 2.506265664e-13 2.506265664e-13 2.506265664e-13 2.506265664e-13
2.506265664e-13 2.506265664e-13 4.511278195e-02 2.506265664e-03 2.506265664e-13 2.506265664e-13
2.506265664e-13 3.007518797e-02 1.203007519e-01 2.506265664e-13 5.012531329e-03 2.506265664e-13
2.506265664e-13 2.506265664e-13 1.203007519e-01 5.664160401e-01 7.017543860e-02 2.506265664e-13
2.506265664e-13 2.506265664e-13 2.506265664e-13 4.010025063e-02 2.506265664e-13 2.506265664e-13
2.506265664e-13 2.506265664e-13 2.506265664e-13 2.506265664e-13 2.506265664e-13 2.506265664e-13

2.506265664e-13 2.506265664e-13 2.506265664e-13 2.506265664e-13 0.000000000e+00 2.506265664e-13
2.506265664e-13 2.506265664e-13 2.506265664e-13 2.882205514e-01 2.506265664e-13 2.506265664e-13
2.506265664e-13 2.506265664e-13 9.273182957e-02 0.000000000e+00 2.506265664e-13 2.506265664e-13
2.506265664e-13 2.506265664e-13 2.506265664e-13 2.506265664e-13 2.506265664e-13 2.506265664e-13
2.506265664e-13 2.506265664e-13 2.506265664e-13 6.190476190e-01 2.506265664e-13 2.506265664e-13
2.506265664e-13 2.506265664e-13 2.506265664e-13 2.506265664e-13 2.506265664e-13 2.506265664e-13

2.506265664e-13 2.506265664e-13 2.506265664e-13 2.506265664e-13 0.000000000e+00 2.506265664e-13
2.506265664e-13 2.506265664e-13 2.506265664e-13 0.000000000e+00 2.506265664e-13 2.506265664e-13
2.506265664e-13 2.506265664e-13 2.506265664e-13 0.000000000e+00 2.506265664e-13 2.506265664e-13
2.506265664e-13 2.506265664e-13 2.506265664e-13 0.000000000e+00 2.506265664e-13 2.506265664e-13
2.506265664e-13 2.506265664e-13 2.506265664e-13 2.506265664e-13 2.506265664e-13 2.506265664e-13
2.506265664e-13 2.506265664e-13 2.506265664e-13 1.000000000e+00 2.506265664e-13 2.506265664e-13

2.506265664e-13 2.506265664e-13 2.506265664e-13 2.506265664e-13 0.000000000e+00 2.506265664e-13
2.506265664e-13 2.506265664e-13 2.506265664e-02 0.000000000e+00 5.764411028e-02 2.506265664e-13
2.506265664e-13 7.017543860e-02 1.253132832e-01 0.000000000e+00 2.506265664e-13 2.506265664e-13
3.508771930e-02 4.786967419e-01 2.506265664e-13 0.000000000e+00 1.704260652e-01 1.253132832e-02
2.506265664e-13 2.506265664e-13 2.506265664e-13 0.000000000e+00 2.506265664e-13 2.506265664e-13
2.506265664e-13 2.506265664e-13 2.506265664e-13 0.000000000e+00 2.506265664e-02 2.506265664e-13

3.750000000e-02 3.750000000e-02 3.750000000e-02 3.750000000e-02 0.000000000e+00 3.750000000e-02
3.750000000e-02 3.750000000e-02 3.750000000e-02 0.000000000e+00 3.500000000e-02 3.500000000e-02
3.500000000e-02 3.500000000e-02 3.500000000e-02 0.000000000e+00 3.500000000e-02 3.500000000e-02
3.500000000e-02 0.000000000e+00 0.000000000e+00 0.000000000e+00 3.500000000e-02 3.500000000e-02
3.500000000e-02 3.500000000e-02 3.500000000e-02 0.000000000e+00 3.500000000e-02 3.500000000e-02
3.500000000e-02 3.500000000e-02 3.500000000e-02 0.000000000e+00 3.500000000e-02 3.500000000e-02

3.750000000e-02 4.000000000e-02 4.000000000e-02 4.000000000e-02 0.000000000e+00 4.000000000e-02
4.000000000e-02 0.000000000e+00 4.000000000e-02 0.000000000e+00 4.000000000e-02 4.000000000e-02
4.000000000e-02 4.000000000e-02 0.000000000e+00 0.000000000e+00 3.750000000e-02 3.750000000e-02
3.750000000e-02 0.000000000e+00 0.000000000e+00 0.000000000e+00 3.750000000e-02 3.750000000e-02
3.750000000e-02 3.750000000e-02 3.750000000e-02 0.000000000e+00 3.750000000e-02 3.750000000e-02
3.750000000e-02 3.750000000e-02 3.750000000e-02 0.000000000e+00 3.750000000e-02 3.750000000e-02

0.000000000e+00 4.250000000e-02 4.250000000e-02 4.250000000e-02 0.000000000e+00 4.250000000e-02
4.250000000e-02 0.000000000e+00 4.250000000e-02 0.000000000e+00 4.250000000e-02 4.250000000e-02
4.250000000e-02 0.000000000e+00 0.000000000e+00 0.000000000e+00 4.250000000e-02 4.250000000e-02
4.250000000e-02 0.000000000e+00 0.000000000e+00 0.000000000e+00 4.250000000e-02 4.250000000e-02
4.250000000e-02 4.250000000e-02 4.000000000e-02 0.000000000e+00 4.000000000e-02 4.000000000e-02
4.000000000e-02 4.000000000e-02 4.000000000e-02 0.000000000e+00 4.000000000e-02 4.000000000e-02

