7.943555016e-04 7.943555016e-04 7.943555016e-04 7.943555016e-04 7.943555016e-04 7.943555016e-04
7.943555016e-04 2.511972657e-16 2.511972657e-16 1.889306429e-03 2.511972657e-16 7.943555016e-04
7.943555016e-04 2.511972657e-16 7.943555016e-04 2.344925134e-02 7.459401279e-03 7.943555016e-04
7.943555016e-04 7.943555016e-04 5.273672137e-01 2.511972657e-16 3.353343858e-01 1.591313562e-02
7.943555016e-04 2.511972657e-16 7.943555016e-04 6.762386098e-02 7.943555016e-04 7.943555016e-04
2.511972657e-16 2.511972657e-16 2.511972657e-16 7.459401279e-03 2.511972657e-16 2.511972657e-16

2.369331061e-16 2.369331061e-16 2.369331061e-16 2.369331061e-16 2.369331061e-16 2.369331061e-16
2.369331061e-16 2.369331061e-16 2.369331061e-16 2.369331061e-16 2.369331061e-16 2.369331061e-16
2.369331061e-16 2.369331061e-16 1.736776769e-01 0.000000000e+00 2.369331061e-16 2.369331061e-16
2.369331061e-16 2.428711687e-01 2.369331061e-16 0.000000000e+00 3.569883956e-02 2.369331061e-16
2.369331061e-16 2.369331061e-16 5.459702922e-01 2.369331061e-16 2.369331061e-16 2.369331061e-16
2.369331061e-16 2.369331061e-16 1.782022743e-03 2.369331061e-16 2.369331061e-16 2.369331061e-16

2.045854729e-16 2.045854729e-16 2.045854729e-16 2.045854729e-16 2.045854729e-16 2.045854729e-16
2.045854729e-16 2.045854729e-16 2.045854729e-16 2.045854729e-16 2.045854729e-16 2.045854729e-16
2.045854729e-16 7.943089046e-01 0.000000000e+00 0.000000000e+00 2.045854729e-16 2.045854729e-16
3.659736198e-03 2.045854729e-16 0.000000000e+00 0.000000000e+00 2.045854729e-16 2.045854729e-16
2.045854729e-16 2.045854729e-16 2.020313592e-01 2.045854729e-16 2.045854729e-16 2.045854729e-16
2.045854729e-16 2.045854729e-16 2.045854729e-16 2.045854729e-16 2.045854729e-16 2.045854729e-16

2.204897815e-16 2.204897815e-16 2.204897815e-16 2.204897815e-16 2.204897815e-16 2.204897815e-16
2.204897815e-16 0.000000000e+00 2.204897815e-16 2.204897815e-16 2.204897815e-16 2.204897815e-16
2.204897815e-16 7.233829828e-02 0.000000000e+00 0.000000000e+00 2.204897815e-16 2.204897815e-16
2.204897815e-16 0.000000000e+00 0.000000000e+00 0.000000000e+00 2.204897815e-16 2.204897815e-16
2.204897815e-16 2.827081023e-01 2.204897815e-16 2.204897815e-16 2.204897815e-16 2.204897815e-16
2.204897815e-16 2.204897815e-16 6.449535994e-01 2.204897815e-16 2.204897815e-16 2.204897815e-16

