2.757008521e-16 8.718426455e-04 2.073602954e-03 1.860337256e-01 6.895734520e-02 2.757008521e-16
8.718426455e-04 0.000000000e+00 1.173006968e-02 2.757008521e-16 7.688050622e-02 7.422037833e-02
2.073602954e-03 2.757008521e-16 1.455885335e-01 4.236058988e-01 2.757008521e-16 2.757008521e-16
8.718426455e-04 2.757008521e-16 2.757008521e-16 2.073602954e-03 2.757008521e-16 2.073602954e-03
2.757008521e-16 2.757008521e-16 2.757008521e-16 2.757008521e-16 2.757008521e-16 2.073602954e-03
2.757008521e-16 2.757008521e-16 2.757008521e-16 2.757008521e-16 2.757008521e-16 2.757008521e-16

2.486921264e-03 4.128346198e-03 4.128346198e-03 4.981990467e-02 9.818917344e-03 2.486921264e-03
1.045621588e-03 0.000000000e+00 1.929817485e-01 0.000000000e+00 1.629962744e-02 2.094668962e-02
2.486921264e-03 0.000000000e+00 2.155001005e-01 2.346343172e-01 1.045621588e-03 2.486921264e-03
3.345989082e-02 1.045621588e-03 5.554418430e-02 2.094668962e-02 7.817844837e-03 1.045621588e-03
1.045621588e-03 1.629962744e-02 1.045621588e-03 1.045621588e-03 1.045621588e-03 1.859407341e-02
1.045621588e-03 3.876726586e-02 2.486921264e-03 2.335345273e-02 1.406815112e-02 1.045621588e-03

7.710521902e-04 1.833881501e-03 7.710521902e-04 7.240571359e-03 7.710521902e-04 7.710521902e-04
5.546645518e-01 0.000000000e+00 3.883681176e-02 0.000000000e+00 7.710521902e-04 7.710521902e-04
2.438281116e-16 0.000000000e+00 0.000000000e+00 7.240571359e-03 7.710521902e-04 7.710521902e-04
3.613969508e-01 0.000000000e+00 8.779227942e-03 3.044285250e-03 7.710521902e-04 7.710521902e-04
7.710521902e-04 7.710521902e-04 7.710521902e-04 7.710521902e-04 7.710521902e-04 7.710521902e-04
7.710521902e-04 7.710521902e-04 7.710521902e-04 7.710521902e-04 7.710521902e-04 7.710521902e-04

8.066054685e-04 6.030782520e-03 8.066054685e-04 1.918441924e-03 4.562849571e-03 8.066054685e-04
1.318943453e-01 0.000000000e+00 0.000000000e+00 0.000000000e+00 8.066054685e-04 8.066054685e-04
0.000000000e+00 0.000000000e+00 0.000000000e+00 1.263294867e-01 8.066054685e-04 8.066054685e-04
5.428235230e-02 0.000000000e+00 6.409793223e-01 8.066054685e-04 8.066054685e-04 7.574434684e-03
8.066054685e-04 8.066054685e-04 8.066054685e-04 8.066054685e-04 8.066054685e-04 1.918441924e-03
8.066054685e-04 8.066054685e-04 8.066054685e-04 9.184038846e-03 8.066054685e-04 8.066054685e-04

