2.430017303e-16 2.430017303e-16 2.430017303e-16 2.430017303e-16 2.430017303e-16 2.430017303e-16
2.430017303e-16 8.749473419e-03 2.430017303e-16 2.799831494e-01 2.430017303e-16 2.430017303e-16
2.430017303e-16 2.430017303e-16 5.743487915e-01 4.949449589e-02 1.366499151e-02 2.430017303e-16
2.430017303e-16 0.000000000e+00 7.684389433e-04 2.430017303e-16 2.430017303e-16 2.430017303e-16
2.430017303e-16 2.430017303e-16 6.541757207e-02 1.827666118e-03 5.745421186e-03 2.430017303e-16
2.430017303e-16 2.430017303e-16 2.430017303e-16 2.430017303e-16 2.430017303e-16 2.430017303e-16

2.204584787e-16 2.204584787e-16 2.204584787e-16 2.204584787e-16 2.204584787e-16 2.204584787e-16
2.204584787e-16 4.490289536e-02 2.204584787e-16 5.145286817e-01 2.204584787e-16 2.204584787e-16
2.204584787e-16 0.000000000e+00 2.204584787e-16 2.204584787e-16 2.204584787e-16 2.204584787e-16
2.204584787e-16 0.000000000e+00 2.204584787e-16 0.000000000e+00 2.204584787e-16 2.204584787e-16
2.204584787e-16 2.204584787e-16 2.204584787e-16 4.405684230e-01 2.204584787e-16 2.204584787e-16
2.204584787e-16 2.204584787e-16 2.204584787e-16 2.204584787e-16 2.204584787e-16 2.204584787e-16

7.429048623e-04 1.667056008e-01 2.349271449e-16 7.429048623e-04 2.349271449e-16 2.349271449e-16
2.349271449e-16 0.000000000e+00 7.429048623e-04 4.966179762e-01 2.349271449e-16 2.349271449e-16
2.349271449e-16 0.000000000e+00 2.349271449e-16 0.000000000e+00 2.349271449e-16 7.429048623e-04
2.349271449e-16 0.000000000e+00 2.349271449e-16 0.000000000e+00 2.349271449e-16 7.429048623e-04
2.349271449e-16 7.429048623e-04 7.429048623e-04 3.292473744e-01 7.429048623e-04 2.349271449e-16
2.349271449e-16 7.429048623e-04 2.349271449e-16 7.429048623e-04 2.349271449e-16 2.349271449e-16

