2.664219589e-16 6.663654048e-02 3.326377892e-03 6.299158303e-03 1.687760714e-02 2.664219589e-16
1.313327850e-02 0.000000000e+00 6.663654048e-02 8.425002089e-04 2.664219589e-16 2.664219589e-16
2.003814486e-03 2.664219589e-16 6.021387173e-01 8.425002089e-04 2.664219589e-16 2.664219589e-16
2.664219589e-16 1.313327850e-02 1.614966510e-01 8.425002089e-04 2.664219589e-16 2.664219589e-16
2.003814486e-03 4.765900887e-03 2.664219589e-16 2.664219589e-16 2.664219589e-16 2.664219589e-16
2.664219589e-16 2.664219589e-16 3.326377892e-03 1.687760714e-02 1.881683492e-02 2.664219589e-16

2.724806123e-16 1.726141774e-02 7.335346981e-02 3.644375355e-02 6.442406316e-03 2.724806123e-16
8.616593531e-04 0.000000000e+00 2.724806123e-16 5.760031274e-01 2.724806123e-16 8.616593531e-04
6.815190994e-02 0.000000000e+00 0.000000000e+00 2.757309929e-02 2.724806123e-16 8.616593531e-04
2.724806123e-16 4.816822217e-02 1.319989997e-01 8.616593531e-04 2.724806123e-16 8.616593531e-04
8.616593531e-04 8.616593531e-04 8.616593531e-04 2.724806123e-16 2.724806123e-16 8.616593531e-04
8.616593531e-04 2.724806123e-16 8.616593531e-04 3.402022447e-03 8.616593531e-04 8.616593531e-04

6.960069404e-04 5.203865650e-03 1.655392811e-03 1.655392811e-03 2.747989941e-03 2.200967199e-16
6.960069404e-04 0.000000000e+00 0.000000000e+00 0.000000000e+00 1.655392811e-03 6.960069404e-04
6.960069404e-04 0.000000000e+00 0.000000000e+00 2.200967199e-16 1.655392811e-03 6.960069404e-04
6.960069404e-04 1.655392811e-03 7.794341636e-01 1.929375268e-01 2.200967199e-16 2.200967199e-16
2.200967199e-16 2.200967199e-16 6.960069404e-04 6.960069404e-04 2.200967199e-16 1.655392811e-03
6.960069404e-04 6.960069404e-04 6.960069404e-04 6.960069404e-04 6.960069404e-04 6.960069404e-04

7.553308586e-04 1.513136419e-02 7.553308586e-04 3.508010328e-01 7.092940077e-03 7.553308586e-04
7.553308586e-04 0.000000000e+00 0.000000000e+00 0.000000000e+00 5.647415394e-03 1.796489662e-03
2.982213942e-03 0.000000000e+00 0.000000000e+00 0.000000000e+00 0.000000000e+00 7.553308586e-04
7.553308586e-04 7.553308586e-04 1.016248018e-02 5.894829569e-01 7.553308586e-04 7.553308586e-04
7.553308586e-04 7.553308586e-04 7.553308586e-04 7.553308586e-04 7.553308586e-04 7.553308586e-04
7.553308586e-04 7.553308586e-04 7.553308586e-04 1.796489662e-03 7.553308586e-04 7.553308586e-04

2.202699999e-16 6.965548998e-04 1.656696086e-03 6.205113138e-01 5.207962602e-03 6.965548998e-04
2.202699999e-16 0.000000000e+00 0.000000000e+00 0.000000000e+00 0.000000000e+00 6.965548998e-04
1.656696086e-03 0.000000000e+00 0.000000000e+00 0.000000000e+00 0.000000000e+00 2.202699999e-16
2.202699999e-16 0.000000000e+00 2.202699999e-16 3.626086726e-01 2.202699999e-16 6.965548998e-04
6.965548998e-04 6.965548998e-04 6.965548998e-04 2.202699999e-16 2.202699999e-16 2.202699999e-16
2.202699999e-16 6.965548998e-04 6.965548998e-04 6.965548998e-04 6.965548998e-04 6.965548998e-04

2.254990549e-16 2.254990549e-16 2.281889996e-02 7.373426550e-01 1.976732318e-01 2.254990549e-16
2.254990549e-16 0.000000000e+00 0.000000000e+00 0.000000000e+00 0.000000000e+00 2.815440116e-03
4.033849724e-03 0.000000000e+00 0.000000000e+00 0.000000000e+00 0.000000000e+00 1.760248230e-02
2.254990549e-16 0.000000000e+00 0.000000000e+00 0.000000000e+00 2.254990549e-16 2.254990549e-16
2.254990549e-16 2.254990549e-16 2.254990549e-16 9.594165586e-03 2.254990549e-16 2.254990549e-16
2.254990549e-16 2.254990549e-16 2.254990549e-16 8.119275463e-03 2.254990549e-16 2.254990549e-16

2.491109177e-16 1.873614575e-03 1.873614575e-03 2.998922539e-01 7.188609901e-02 4.978280028e-01
2.491109177e-16 0.000000000e+00 0.000000000e+00 0.000000000e+00 0.000000000e+00 2.491109177e-16
3.110243063e-03 0.000000000e+00 0.000000000e+00 0.000000000e+00 0.000000000e+00 1.100010780e-01
2.491109177e-16 0.000000000e+00 0.000000000e+00 0.000000000e+00 0.000000000e+00 5.889864004e-03
2.491109177e-16 2.491109177e-16 2.491109177e-16 1.873614575e-03 2.491109177e-16 0.000000000e+00
2.491109177e-16 2.491109177e-16 2.491109177e-16 3.110243063e-03 1.873614575e-03 7.877578901e-04

1.802791558e-16 1.802791558e-16 1.355916702e-03 4.262437473e-03 1.802791558e-16 9.943816458e-01
1.802791558e-16 0.000000000e+00 0.000000000e+00 0.000000000e+00 0.000000000e+00 0.000000000e+00
1.802791558e-16 0.000000000e+00 0.000000000e+00 0.000000000e+00 0.000000000e+00 1.802791558e-16
1.802791558e-16 0.000000000e+00 0.000000000e+00 0.000000000e+00 0.000000000e+00 0.000000000e+00
1.802791558e-16 1.802791558e-16 1.802791558e-16 1.802791558e-16 1.802791558e-16 0.000000000e+00
1.802791558e-16 1.802791558e-16 1.802791558e-16 1.802791558e-16 1.802791558e-16 1.802791558e-16

2.269426181e-16 9.655583960e-03 4.059672970e-03 5.892026713e-02 5.249502878e-02 0.000000000e+00
2.269426181e-16 0.000000000e+00 0.000000000e+00 0.000000000e+00 0.000000000e+00 0.000000000e+00
4.059672970e-03 0.000000000e+00 0.000000000e+00 0.000000000e+00 0.000000000e+00 0.000000000e+00
2.269426181e-16 0.000000000e+00 0.000000000e+00 0.000000000e+00 0.000000000e+00 0.000000000e+00
2.269426181e-16 7.176555716e-04 2.269426181e-16 2.477292071e-02 2.269426181e-16 0.000000000e+00
2.269426181e-16 2.269426181e-16 2.269426181e-16 4.059672970e-03 2.660766060e-02 8.146518643e-01

1.946444875e-16 1.946444875e-16 1.946444875e-16 2.430209292e-03 1.946444875e-16 0.000000000e+00
1.946444875e-16 0.000000000e+00 0.000000000e+00 0.000000000e+00 0.000000000e+00 0.000000000e+00
1.946444875e-16 0.000000000e+00 0.000000000e+00 0.000000000e+00 0.000000000e+00 0.000000000e+00
0.000000000e+00 0.000000000e+00 0.000000000e+00 0.000000000e+00 0.000000000e+00 0.000000000e+00
1.946444875e-16 1.946444875e-16 1.946444875e-16 9.351386438e-01 0.000000000e+00 0.000000000e+00
1.946444875e-16 1.946444875e-16 1.946444875e-16 4.868380716e-02 1.946444875e-16 1.374733976e-02

