3.709474205e-03 2.971055653e-16 2.971055653e-16 3.243186613e-02 7.024627384e-03 2.971055653e-16
9.395302920e-04 2.971055653e-16 3.709474205e-03 1.767423831e-01 9.395302920e-04 9.395302920e-04
9.395302920e-04 2.971055653e-16 2.073659120e-01 2.971055653e-16 1.634558238e-01 4.223620658e-02
2.098395492e-02 2.971055653e-16 1.634558238e-01 0.000000000e+00 1.700731496e-01 2.971055653e-16
2.971055653e-16 2.971055653e-16 2.971055653e-16 9.395302920e-04 9.395302920e-04 2.971055653e-16
9.395302920e-04 2.234592216e-03 2.971055653e-16 2.971055653e-16 2.971055653e-16 2.971055653e-16

5.024630973e-03 5.721062880e-02 5.024630973e-03 1.579534739e-02 2.112597087e-03 2.112597087e-03
3.066128371e-02 8.882376586e-04 1.384625478e-02 1.240318900e-01 3.506959499e-03 3.506959499e-03
8.882376586e-04 4.232115708e-02 0.000000000e+00 0.000000000e+00 1.579534739e-02 5.024630973e-03
3.506959499e-03 1.011350590e-02 6.306971827e-01 0.000000000e+00 5.024630973e-03 8.882376586e-04
2.112597087e-03 8.882376586e-04 2.112597087e-03 8.882376586e-04 8.882376586e-04 3.506959499e-03
2.112597087e-03 3.506959499e-03 2.112597087e-03 8.882376586e-04 8.882376586e-04 2.112597087e-03

1.524577317e-02 9.531847294e-02 9.184074125e-03 1.739187147e-02 9.780168053e-04 9.780168053e-04
4.136507460e-02 0.000000000e+00 3.376039109e-02 4.659879306e-02 9.780168053e-04 9.780168053e-04
2.326129087e-03 8.029619458e-02 0.000000000e+00 0.000000000e+00 9.184074125e-03 3.861427505e-03
2.326129087e-03 5.532498520e-03 4.136507460e-02 0.000000000e+00 4.659879306e-02 9.780168053e-04
2.326129087e-03 9.780168053e-04 3.861427505e-03 9.780168053e-04 0.000000000e+00 4.963492695e-01
9.780168053e-04 2.184353259e-02 9.780168053e-04 1.315857321e-02 2.326129087e-03 9.780168053e-04

8.340526526e-04 8.340526526e-04 3.092317650e-02 1.871588889e-01 8.340526526e-04 8.340526526e-04
8.340526526e-04 0.000000000e+00 5.422736112e-01 8.340526526e-04 1.628656919e-01 8.340526526e-04
8.340526526e-04 2.462110508e-02 0.000000000e+00 0.000000000e+00 8.340526526e-04 8.340526526e-04
8.340526526e-04 0.000000000e+00 2.258673791e-02 0.000000000e+00 8.340526526e-04 8.340526526e-04
8.340526526e-04 8.340526526e-04 1.122163017e-02 8.340526526e-04 0.000000000e+00 8.340526526e-04
8.340526526e-04 8.340526526e-04 8.340526526e-04 8.340526526e-04 8.340526526e-04 0.000000000e+00

0.000000000e+00 0.000000000e+00 0.000000000e+00 0.000000000e+00 0.000000000e+00 0.000000000e+00
0.000000000e+00 0.000000000e+00 0.000000000e+00 0.000000000e+00 0.000000000e+00 0.000000000e+00
0.000000000e+00 0.000000000e+00 0.000000000e+00 0.000000000e+00 0.000000000e+00 0.000000000e+00
0.000000000e+00 0.000000000e+00 0.000000000e+00 0.000000000e+00 0.000000000e+00 0.000000000e+00
0.000000000e+00 0.000000000e+00 0.000000000e+00 0.000000000e+00 0.000000000e+00 0.000000000e+00
0.000000000e+00 0.000000000e+00 0.000000000e+00 0.000000000e+00 0.000000000e+00 0.000000000e+00

