2.506265664e-13 2.506265664e-13 2.506265664e-13 2.506265664e-13 2.506265664e-13 2.506265664e-13
2.506265664e-13 2.506265664e-13 2.506265664e-03 2.506265664e-03 2.506265664e-13 2.506265664e-13
2.506265664e-13 3.233082707e-01 0.000000000e+00 4.035087719e-01 2.506265664e-03 2.506265664e-13
2.506265664e-13 5.012531329e-03 2.506265664e-13 8.521303258e-02 5.012531329e-03 2.506265664e-13
2.506265664e-13 2.506265664e-03 2.506265664e-13 1.679197995e-01 2.506265664e-13 2.506265664e-13
2.506265664e-13 2.506265664e-13 2.506265664e-13 2.506265664e-13 2.506265664e-13 2.506265664e-13

2.506265664e-13 2.506265664e-13 2.506265664e-13 2.506265664e-13 2.506265664e-13 2.506265664e-13
2.506265664e-13 2.506265664e-13 2.506265664e-03 3.007518797e-02 2.506265664e-13 2.506265664e-13
2.506265664e-13 7.518796993e-03 0.000000000e+00 2.506265664e-03 2.506265664e-13 2.506265664e-13
2.506265664e-13 0.000000000e+00 0.000000000e+00 3.358395990e-01 2.506265664e-03 2.506265664e-13
1.002506266e-02 7.518796993e-03 2.506265664e-13 5.889724311e-01 5.012531329e-03 2.506265664e-13
2.506265664e-13 2.506265664e-13 7.518796993e-03 2.506265664e-13 2.506265664e-13 2.506265664e-13

2.506265664e-13 2.506265664e-13 2.506265664e-13 2.506265664e-13 2.506265664e-03 2.506265664e-13
2.506265664e-13 2.506265664e-13 2.506265664e-13 0.000000000e+00 2.506265664e-13 2.506265664e-13
2.506265664e-13 2.506265664e-03 0.000000000e+00 2.506265664e-13 2.506265664e-13 2.506265664e-13
2.506265664e-13 0.000000000e+00 0.000000000e+00 7.017543860e-02 2.506265664e-13 2.506265664e-13
2.506265664e-13 6.516290727e-01 0.000000000e+00 2.681704261e-01 2.506265664e-03 2.506265664e-13
2.506265664e-13 2.506265664e-13 2.506265664e-03 2.506265664e-13 2.506265664e-13 2.506265664e-13

