2.691730821e-16 2.691730821e-16 2.691730821e-16 2.691730821e-16 2.691730821e-16 2.691730821e-16
2.691730821e-16 2.691730821e-16 2.691730821e-16 9.372753529e-02 2.691730821e-16 2.691730821e-16
2.691730821e-16 2.691730821e-16 1.570989647e-01 3.066799267e-01 1.513671477e-02 2.691730821e-16
2.691730821e-16 5.976311084e-02 3.415964433e-01 2.691730821e-16 6.364204594e-03 2.691730821e-16
2.691730821e-16 2.691730821e-16 6.364204594e-03 1.326889520e-02 2.691730821e-16 2.691730821e-16
2.691730821e-16 2.691730821e-16 2.691730821e-16 2.691730821e-16 2.691730821e-16 2.691730821e-16

2.304534162e-16 2.304534162e-16 2.304534162e-16 2.304534162e-16 2.304534162e-16 2.304534162e-16
2.304534162e-16 7.287576898e-04 7.287576898e-04 7.287576898e-04 1.459903020e-02 2.304534162e-16
2.304534162e-16 7.287576898e-04 3.472254116e-02 3.509483420e-01 5.860520906e-01 2.304534162e-16
2.304534162e-16 2.304534162e-16 0.000000000e+00 0.000000000e+00 2.304534162e-16 7.287576898e-04
7.287576898e-04 2.304534162e-16 7.287576898e-04 1.733287660e-03 6.843404537e-03 2.304534162e-16
2.304534162e-16 2.304534162e-16 2.304534162e-16 2.304534162e-16 2.304534162e-16 2.304534162e-16

2.421719273e-16 2.421719273e-16 7.658148758e-04 7.658148758e-04 2.421719273e-16 2.421719273e-16
2.421719273e-16 2.421719273e-16 1.662124104e-01 8.719595692e-03 7.658148758e-04 2.421719273e-16
2.421719273e-16 2.421719273e-16 0.000000000e+00 1.821424998e-03 6.158527247e-01 2.421719273e-16
2.421719273e-16 2.421719273e-16 0.000000000e+00 0.000000000e+00 0.000000000e+00 2.421719273e-16
2.421719273e-16 2.421719273e-16 1.332334918e-01 2.421719273e-16 6.753080458e-02 2.421719273e-16
2.421719273e-16 2.421719273e-16 4.332103134e-03 2.421719273e-16 2.421719273e-16 2.421719273e-16

2.658410859e-16 2.658410859e-16 2.658410859e-16 1.310464435e-02 6.285424407e-03 2.658410859e-16
2.658410859e-16 2.658410859e-16 1.173886969e-01 7.894255261e-03 2.276575967e-02 2.658410859e-16
6.285424407e-03 2.658410859e-16 0.000000000e+00 2.658410859e-16 4.266415731e-01 2.658410859e-16
2.658410859e-16 2.658410859e-16 0.000000000e+00 0.000000000e+00 0.000000000e+00 0.000000000e+00
2.658410859e-16 2.658410859e-16 0.000000000e+00 2.658410859e-16 2.658410859e-16 2.658410859e-16
2.658410859e-16 2.658410859e-16 3.062983311e-01 1.131057245e-02 7.413106308e-02 7.894255261e-03

