2.506265664e-13 2.506265664e-13 2.506265664e-13 2.506265664e-13 2.506265664e-13 2.506265664e-13
2.506265664e-13 2.506265664e-03 7.518796993e-03 3.884711779e-01 2.506265664e-13 2.506265664e-13
2.506265664e-03 2.506265664e-13 2.506265664e-13 2.255639098e-02 2.756892231e-02 2.506265664e-13
2.506265664e-13 4.711779449e-01 6.265664160e-02 0.000000000e+00 2.506265664e-03 2.506265664e-13
2.506265664e-13 2.506265664e-13 1.253132832e-02 2.506265664e-13 2.506265664e-13 2.506265664e-13
2.506265664e-13 2.506265664e-13 2.506265664e-13 2.506265664e-13 2.506265664e-13 2.506265664e-13

2.506265664e-03 2.506265664e-03 2.506265664e-03 2.506265664e-03 2.506265664e-03 2.506265664e-03
2.506265664e-03 2.506265664e-03 2.506265664e-03 7.218045113e-01 2.506265664e-03 2.506265664e-03
2.506265664e-03 2.506265664e-03 0.000000000e+00 2.506265664e-03 0.000000000e+00 2.506265664e-03
2.506265664e-03 5.764411028e-02 7.518796993e-03 0.000000000e+00 2.506265664e-03 2.506265664e-03
2.506265664e-03 2.506265664e-03 1.403508772e-01 2.506265664e-03 2.506265664e-03 2.506265664e-03
2.506265664e-03 2.506265664e-03 2.506265664e-03 2.506265664e-03 2.506265664e-03 2.506265664e-03

2.506265664e-03 2.506265664e-03 7.518796993e-03 2.506265664e-03 2.506265664e-03 2.506265664e-03
2.506265664e-03 2.506265664e-03 2.506265664e-03 9.523809524e-02 2.506265664e-03 0.000000000e+00
5.012531329e-03 2.506265664e-03 0.000000000e+00 2.506265664e-03 0.000000000e+00 5.012531329e-03
2.506265664e-03 2.882205514e-01 2.506265664e-03 0.000000000e+00 2.506265664e-03 5.363408521e-01
2.506265664e-03 2.506265664e-03 0.000000000e+00 2.506265664e-03 2.506265664e-03 2.506265664e-03
2.506265664e-03 2.506265664e-03 2.506265664e-03 2.506265664e-03 2.506265664e-03 2.506265664e-03

2.506265664e-03 2.506265664e-03 6.015037594e-02 2.506265664e-03 2.506265664e-03 2.506265664e-03
2.506265664e-03 2.506265664e-03 7.969924812e-01 2.255639098e-02 2.506265664e-03 0.000000000e+00
4.260651629e-02 2.506265664e-03 0.000000000e+00 2.506265664e-03 0.000000000e+00 2.506265664e-03
2.506265664e-03 0.000000000e+00 2.506265664e-03 0.000000000e+00 2.506265664e-03 2.506265664e-03
2.506265664e-03 2.506265664e-03 0.000000000e+00 2.506265664e-03 2.506265664e-03 2.506265664e-03
2.506265664e-03 0.000000000e+00 2.506265664e-03 1.754385965e-02 2.506265664e-03 2.506265664e-03

2.506265664e-13 2.506265664e-13 1.000000000e+00 2.506265664e-13 2.506265664e-13 2.506265664e-13
2.506265664e-13 2.506265664e-13 2.506265664e-13 2.506265664e-13 2.506265664e-13 0.000000000e+00
0.000000000e+00 2.506265664e-13 0.000000000e+00 2.506265664e-13 0.000000000e+00 2.506265664e-13
2.506265664e-13 0.000000000e+00 0.000000000e+00 0.000000000e+00 2.506265664e-13 2.506265664e-13
2.506265664e-13 2.506265664e-13 0.000000000e+00 2.506265664e-13 2.506265664e-13 2.506265664e-13
2.506265664e-13 0.000000000e+00 2.506265664e-13 2.506265664e-13 2.506265664e-13 2.506265664e-13

