2.316098138e-16 2.316098138e-16 2.316098138e-16 2.316098138e-16 2.316098138e-16 2.316098138e-16
2.316098138e-16 2.316098138e-16 7.324145403e-04 2.316098138e-16 2.316098138e-16 2.316098138e-16
2.316098138e-16 2.316098138e-16 5.681320422e-01 0.000000000e+00 3.339165583e-01 2.316098138e-16
2.316098138e-16 1.741985165e-03 2.162076375e-02 2.316098138e-16 1.741985165e-03 2.316098138e-16
2.316098138e-16 2.316098138e-16 7.138183635e-02 2.316098138e-16 7.324145403e-04 2.316098138e-16
2.316098138e-16 2.316098138e-16 2.316098138e-16 2.316098138e-16 2.316098138e-16 2.316098138e-16

7.933632005e-04 7.933632005e-04 7.933632005e-04 7.933632005e-04 7.933632005e-04 1.886946325e-03
7.933632005e-04 5.486230627e-01 7.933632005e-04 4.487939991e-03 8.230986190e-02 7.933632005e-04
7.933632005e-04 7.933632005e-04 3.132374073e-03 0.000000000e+00 9.033261906e-03 7.933632005e-04
7.933632005e-04 3.132374073e-03 0.000000000e+00 0.000000000e+00 7.933632005e-04 7.933632005e-04
7.933632005e-04 1.886946325e-03 4.487939991e-03 7.933632005e-04 3.216783559e-01 7.933632005e-04
7.933632005e-04 7.933632005e-04 7.933632005e-04 7.933632005e-04 7.933632005e-04 1.886946325e-03

2.258940335e-16 2.258940335e-16 2.258940335e-16 2.258940335e-16 7.143396558e-04 7.143396558e-04
2.258940335e-16 4.742452380e-01 2.258940335e-16 2.258940335e-16 0.000000000e+00 2.258940335e-16
2.258940335e-16 2.258940335e-16 0.000000000e+00 0.000000000e+00 2.258940335e-16 2.258940335e-16
2.258940335e-16 7.865753454e-02 0.000000000e+00 0.000000000e+00 2.258940335e-16 2.258940335e-16
7.143396558e-04 2.258940335e-16 2.258940335e-16 2.258940335e-16 4.449542085e-01 2.258940335e-16
2.258940335e-16 2.258940335e-16 2.258940335e-16 2.258940335e-16 2.258940335e-16 2.258940335e-16

