1.954249276e-03 1.105490332e-02 1.954249276e-03 1.065215716e-01 2.598318976e-16 2.598318976e-16
2.598318976e-16 0.000000000e+00 2.598318976e-16 5.529552203e-02 2.598318976e-16 2.598318976e-16
1.835139244e-02 1.835139244e-02 4.932738060e-01 2.761716464e-01 2.598318976e-16 2.598318976e-16
2.598318976e-16 2.598318976e-16 7.715810060e-03 2.598318976e-16 2.598318976e-16 2.598318976e-16
9.355457176e-03 2.598318976e-16 2.598318976e-16 2.598318976e-16 2.598318976e-16 2.598318976e-16
2.598318976e-16 2.598318976e-16 2.598318976e-16 2.598318976e-16 2.598318976e-16 2.598318976e-16

2.235713108e-16 2.235713108e-16 1.681525926e-03 1.279796861e-01 2.235713108e-16 2.235713108e-16
2.235713108e-16 0.000000000e+00 0.000000000e+00 2.235713108e-16 1.205253404e-01 2.235713108e-16
1.681525926e-03 1.681525926e-03 6.639037719e-03 7.381298321e-01 2.235713108e-16 2.235713108e-16
2.235713108e-16 2.235713108e-16 0.000000000e+00 1.681525926e-03 2.235713108e-16 2.235713108e-16
2.235713108e-16 2.235713108e-16 2.235713108e-16 2.235713108e-16 2.235713108e-16 2.235713108e-16
2.235713108e-16 2.235713108e-16 2.235713108e-16 2.235713108e-16 2.235713108e-16 2.235713108e-16

1.825215421e-16 1.825215421e-16 1.372782152e-03 3.265044604e-03 1.825215421e-16 1.825215421e-16
1.825215421e-16 0.000000000e+00 0.000000000e+00 0.000000000e+00 1.825215421e-16 1.825215421e-16
1.372782152e-03 1.825215421e-16 3.265044604e-03 9.907243465e-01 1.825215421e-16 1.825215421e-16
1.825215421e-16 1.825215421e-16 0.000000000e+00 1.825215421e-16 1.825215421e-16 1.825215421e-16
1.825215421e-16 1.825215421e-16 0.000000000e+00 1.825215421e-16 1.825215421e-16 1.825215421e-16
1.825215421e-16 1.825215421e-16 1.825215421e-16 1.825215421e-16 1.825215421e-16 1.825215421e-16

8.398457475e-04 8.398457475e-04 1.309189954e-02 3.475174637e-01 8.398457475e-04 8.398457475e-04
8.398457475e-04 0.000000000e+00 0.000000000e+00 0.000000000e+00 8.398457475e-04 8.398457475e-04
2.687506392e-02 9.517335368e-02 0.000000000e+00 4.482331912e-01 8.398457475e-04 8.398457475e-04
6.279311574e-03 8.398457475e-04 0.000000000e+00 0.000000000e+00 9.562513857e-03 1.997501077e-03
8.398457475e-04 3.331513126e-02 0.000000000e+00 1.997501077e-03 8.398457475e-04 8.398457475e-04
8.398457475e-04 8.398457475e-04 8.398457475e-04 8.398457475e-04 8.398457475e-04 8.398457475e-04

1.891999117e-03 1.891999117e-03 3.140761822e-03 1.891999117e-03 3.140761822e-03 4.499957622e-03
1.891999117e-03 0.000000000e+00 0.000000000e+00 0.000000000e+00 7.954876376e-04 4.499957622e-03
4.499957622e-03 5.947657346e-03 0.000000000e+00 5.099460939e-01 3.140761822e-03 7.954876376e-04
9.057450824e-03 0.000000000e+00 0.000000000e+00 0.000000000e+00 3.140761822e-03 7.954876376e-04
7.470032610e-03 0.000000000e+00 0.000000000e+00 7.954876376e-04 1.414599287e-02 3.140761822e-03
7.954876376e-04 7.954876376e-04 4.037146454e-01 1.891999117e-03 3.140761822e-03 3.140761822e-03

