2.554020676e-16 8.076522528e-04 2.554020676e-16 7.584264521e-03 8.076522528e-04 2.554020676e-16
2.554020676e-16 2.554020676e-16 8.076522528e-04 1.902209178e-01 8.076522528e-04 8.076522528e-04
8.076522528e-04 2.554020676e-16 2.618030028e-01 2.554020676e-16 4.812375630e-01 1.993671493e-02
8.076522528e-04 2.554020676e-16 6.038609059e-03 2.187179634e-02 8.076522528e-04 2.554020676e-16
8.076522528e-04 2.554020676e-16 2.554020676e-16 8.076522528e-04 2.554020676e-16 2.554020676e-16
8.076522528e-04 8.076522528e-04 8.076522528e-04 8.076522528e-04 2.554020676e-16 2.554020676e-16

1.883293948e-16 1.883293948e-16 1.883293948e-16 5.955498381e-04 1.883293948e-16 1.883293948e-16
1.883293948e-16 1.883293948e-16 1.883293948e-16 1.883293948e-16 1.883293948e-16 1.883293948e-16
1.883293948e-16 1.883293948e-16 5.955498381e-04 0.000000000e+00 5.955498381e-04 5.955498381e-04
1.883293948e-16 1.883293948e-16 2.999700572e-02 9.664296953e-01 5.955498381e-04 1.883293948e-16
1.883293948e-16 0.000000000e+00 1.883293948e-16 1.883293948e-16 1.883293948e-16 1.883293948e-16
1.883293948e-16 1.883293948e-16 1.883293948e-16 5.955498381e-04 1.883293948e-16 1.883293948e-16

2.326613024e-16 2.326613024e-16 2.326613024e-16 9.898893198e-03 2.326613024e-16 2.326613024e-16
1.749893627e-03 2.326613024e-16 2.326613024e-16 7.401148939e-02 7.357396389e-04 2.326613024e-16
1.749893627e-03 2.326613024e-16 6.163036954e-01 0.000000000e+00 1.749893627e-03 4.161971903e-03
2.326613024e-16 2.326613024e-16 2.861387423e-01 0.000000000e+00 2.326613024e-16 2.326613024e-16
1.749893627e-03 0.000000000e+00 1.749893627e-03 0.000000000e+00 2.326613024e-16 2.326613024e-16
2.326613024e-16 2.326613024e-16 2.326613024e-16 2.326613024e-16 2.326613024e-16 2.326613024e-16

2.339348434e-16 2.339348434e-16 2.339348434e-16 3.325592492e-02 2.339348434e-16 2.339348434e-16
2.339348434e-16 2.339348434e-16 0.000000000e+00 2.934518919e-02 7.397669293e-04 2.339348434e-16
2.339348434e-16 2.339348434e-16 1.652233678e-02 0.000000000e+00 6.915380945e-01 2.136478852e-01
2.339348434e-16 7.397669293e-04 0.000000000e+00 0.000000000e+00 2.339348434e-16 2.339348434e-16
2.339348434e-16 0.000000000e+00 2.920764094e-03 0.000000000e+00 4.184753697e-03 4.184753697e-03
2.339348434e-16 2.339348434e-16 2.339348434e-16 2.339348434e-16 2.920764094e-03 2.339348434e-16

2.027763847e-16 2.027763847e-16 4.794351608e-03 2.377431470e-02 2.027763847e-16 2.027763847e-16
6.412352314e-04 2.027763847e-16 0.000000000e+00 5.264607789e-02 6.412352314e-04 2.027763847e-16
2.027763847e-16 2.027763847e-16 2.531739072e-03 0.000000000e+00 9.121634528e-01 1.525122999e-03
2.027763847e-16 6.412352314e-04 0.000000000e+00 0.000000000e+00 0.000000000e+00 2.027763847e-16
2.027763847e-16 0.000000000e+00 6.412352314e-04 0.000000000e+00 2.027763847e-16 0.000000000e+00
2.027763847e-16 2.027763847e-16 2.027763847e-16 2.027763847e-16 2.027763847e-16 2.027763847e-16

