2.589625020e-16 2.589625020e-16 2.589625020e-16 2.589625020e-16 2.589625020e-16 2.589625020e-16
2.589625020e-16 2.589625020e-16 8.189113349e-04 8.189113349e-04 8.189113349e-04 2.589625020e-16
2.589625020e-16 3.457005446e-01 1.276556435e-02 1.254503612e-01 2.589625020e-16 2.589625020e-16
2.589625020e-16 3.233243780e-03 1.339065734e-01 9.324153883e-03 2.589625020e-16 2.589625020e-16
2.589625020e-16 2.589625020e-16 7.689993016e-03 3.594728317e-01 2.589625020e-16 2.589625020e-16
2.589625020e-16 2.589625020e-16 2.589625020e-16 2.589625020e-16 2.589625020e-16 2.589625020e-16

2.414918421e-16 2.414918421e-16 2.414918421e-16 2.414918421e-16 2.414918421e-16 2.414918421e-16
2.414918421e-16 2.414918421e-16 2.414918421e-16 2.414918421e-16 1.816309937e-03 2.414918421e-16
2.414918421e-16 1.816309937e-03 1.190434764e-02 4.722235071e-01 2.414918421e-16 2.414918421e-16
2.414918421e-16 2.414918421e-16 2.414918421e-16 0.000000000e+00 2.414918421e-16 2.414918421e-16
2.414918421e-16 0.000000000e+00 1.358008425e-02 2.751415552e-01 2.414918421e-16 2.414918421e-16
2.235178860e-01 2.414918421e-16 2.414918421e-16 2.414918421e-16 2.414918421e-16 2.414918421e-16

2.004178321e-16 2.004178321e-16 2.004178321e-16 2.004178321e-16 2.004178321e-16 2.004178321e-16
2.004178321e-16 6.337768333e-04 2.004178321e-16 1.415509921e-02 2.004178321e-16 2.004178321e-16
2.004178321e-16 8.981708682e-01 2.004178321e-16 0.000000000e+00 2.004178321e-16 2.004178321e-16
2.004178321e-16 2.004178321e-16 0.000000000e+00 0.000000000e+00 2.004178321e-16 2.004178321e-16
2.004178321e-16 0.000000000e+00 6.337768333e-04 8.426531829e-02 2.004178321e-16 2.004178321e-16
6.337768333e-04 1.507383839e-03 2.004178321e-16 2.004178321e-16 2.004178321e-16 2.004178321e-16

2.088556098e-16 6.604594293e-04 6.604594293e-04 2.088556098e-16 2.088556098e-16 2.088556098e-16
2.088556098e-16 2.299459894e-01 2.088556098e-16 1.570846105e-03 2.088556098e-16 2.088556098e-16
2.088556098e-16 2.088556098e-16 2.088556098e-16 0.000000000e+00 2.088556098e-16 6.604594293e-04
2.088556098e-16 0.000000000e+00 0.000000000e+00 0.000000000e+00 2.088556098e-16 2.088556098e-16
2.088556098e-16 0.000000000e+00 2.088556098e-16 0.000000000e+00 2.088556098e-16 2.088556098e-16
6.604594293e-04 7.632336863e-01 2.088556098e-16 2.607640474e-03 2.088556098e-16 2.088556098e-16

