2.396401010e-16 2.396401010e-16 2.396401010e-16 2.396401010e-16 2.396401010e-16 2.396401010e-16
2.396401010e-16 7.578085381e-04 2.396401010e-16 2.396401010e-16 2.396401010e-16 2.396401010e-16
2.396401010e-16 2.396401010e-16 2.809636430e-02 5.699634264e-01 2.396401010e-16 2.396401010e-16
2.396401010e-16 4.664060758e-02 2.822867919e-01 7.149719270e-02 2.396401010e-16 2.396401010e-16
2.396401010e-16 2.396401010e-16 2.396401010e-16 7.578085381e-04 2.396401010e-16 2.396401010e-16
2.396401010e-16 2.396401010e-16 2.396401010e-16 2.396401010e-16 2.396401010e-16 2.396401010e-16

2.404815102e-16 4.301864032e-03 2.404815102e-16 2.404815102e-16 2.404815102e-16 2.404815102e-16
2.404815102e-16 4.251152665e-02 2.404815102e-16 2.404815102e-16 2.404815102e-16 2.404815102e-16
2.404815102e-16 0.000000000e+00 2.404815102e-16 1.217213281e-01 2.404815102e-16 2.404815102e-16
2.404815102e-16 2.404815102e-16 0.000000000e+00 4.159070798e-01 2.404815102e-16 2.404815102e-16
2.404815102e-16 4.125556997e-01 2.404815102e-16 2.404815102e-16 2.404815102e-16 2.404815102e-16
2.404815102e-16 3.002501679e-03 2.404815102e-16 2.404815102e-16 2.404815102e-16 2.404815102e-16

1.791712185e-16 5.665891417e-04 1.791712185e-16 1.791712185e-16 1.791712185e-16 1.791712185e-16
1.791712185e-16 5.665891417e-04 1.791712185e-16 1.791712185e-16 1.791712185e-16 1.791712185e-16
1.791712185e-16 0.000000000e+00 5.665891417e-04 9.977336434e-01 1.791712185e-16 1.791712185e-16
1.791712185e-16 0.000000000e+00 0.000000000e+00 1.791712185e-16 1.791712185e-16 1.791712185e-16
1.791712185e-16 0.000000000e+00 5.665891417e-04 1.791712185e-16 1.791712185e-16 1.791712185e-16
1.791712185e-16 1.791712185e-16 1.791712185e-16 1.791712185e-16 1.791712185e-16 1.791712185e-16

2.169222248e-16 4.087324891e-01 2.169222248e-16 2.169222248e-16 2.169222248e-16 2.169222248e-16
2.169222248e-16 2.169222248e-16 0.000000000e+00 6.859683055e-04 2.169222248e-16 2.169222248e-16
0.000000000e+00 0.000000000e+00 5.713190657e-01 1.857650867e-02 2.169222248e-16 2.169222248e-16
2.169222248e-16 0.000000000e+00 0.000000000e+00 2.169222248e-16 2.169222248e-16 2.169222248e-16
2.169222248e-16 0.000000000e+00 6.859683055e-04 2.169222248e-16 2.169222248e-16 2.169222248e-16
2.169222248e-16 2.169222248e-16 2.169222248e-16 2.169222248e-16 2.169222248e-16 2.169222248e-16

