2.506265664e-13 2.506265664e-13 2.506265664e-13 2.506265664e-13 2.506265664e-13 2.506265664e-13
2.506265664e-13 0.000000000e+00 2.506265664e-13 5.012531329e-03 2.506265664e-13 2.506265664e-13
2.506265664e-13 4.010025063e-02 7.167919799e-01 1.779448622e-01 2.506265664e-13 2.506265664e-13
2.506265664e-13 2.506265664e-13 2.005012531e-02 4.010025063e-02 2.506265664e-13 2.506265664e-13
2.506265664e-13 2.506265664e-13 2.506265664e-13 2.506265664e-13 2.506265664e-13 2.506265664e-13
2.506265664e-13 2.506265664e-13 2.506265664e-13 2.506265664e-13 2.506265664e-13 2.506265664e-13

2.506265664e-13 2.506265664e-13 2.506265664e-13 4.010025063e-02 2.506265664e-13 2.506265664e-13
2.506265664e-13 0.000000000e+00 0.000000000e+00 1.253132832e-02 2.506265664e-13 2.506265664e-13
2.506265664e-13 2.506265664e-13 0.000000000e+00 1.077694236e-01 2.506265664e-13 2.506265664e-13
3.007518797e-02 2.506265664e-03 1.503759399e-02 7.894736842e-01 2.506265664e-13 2.506265664e-13
2.506265664e-13 2.506265664e-13 2.506265664e-13 2.506265664e-13 2.506265664e-13 2.506265664e-13
2.506265664e-13 2.506265664e-03 2.506265664e-13 2.506265664e-13 2.506265664e-13 2.506265664e-13

2.506265664e-13 2.506265664e-13 2.506265664e-13 8.095238095e-01 2.506265664e-13 2.506265664e-13
2.506265664e-13 0.000000000e+00 0.000000000e+00 2.506265664e-03 2.506265664e-13 2.506265664e-13
0.000000000e+00 0.000000000e+00 0.000000000e+00 1.654135338e-01 2.506265664e-13 2.506265664e-13
2.506265664e-13 2.506265664e-13 5.012531329e-03 1.503759399e-02 2.506265664e-13 2.506265664e-13
2.506265664e-13 2.506265664e-13 2.506265664e-13 2.506265664e-13 2.506265664e-13 2.506265664e-13
2.506265664e-13 2.506265664e-03 2.506265664e-13 2.506265664e-13 2.506265664e-13 2.506265664e-13

2.506265664e-13 2.506265664e-13 2.506265664e-13 2.005012531e-01 2.506265664e-13 2.506265664e-13
2.506265664e-13 0.000000000e+00 0.000000000e+00 0.000000000e+00 2.506265664e-13 2.506265664e-13
0.000000000e+00 0.000000000e+00 0.000000000e+00 2.506265664e-13 2.506265664e-13 2.506265664e-13
0.000000000e+00 2.506265664e-13 2.506265664e-13 8.270676692e-02 2.506265664e-13 2.506265664e-13
2.506265664e-13 7.117794486e-01 2.506265664e-13 2.506265664e-13 2.506265664e-13 2.506265664e-13
2.506265664e-13 5.012531329e-03 2.506265664e-13 2.506265664e-13 2.506265664e-13 2.506265664e-13

3.750000000e-02 3.750000000e-02 3.750000000e-02 3.750000000e-02 3.750000000e-02 3.750000000e-02
3.750000000e-02 0.000000000e+00 0.000000000e+00 0.000000000e+00 3.750000000e-02 3.750000000e-02
0.000000000e+00 0.000000000e+00 0.000000000e+00 0.000000000e+00 3.750000000e-02 3.750000000e-02
0.000000000e+00 0.000000000e+00 3.500000000e-02 3.750000000e-02 3.750000000e-02 3.750000000e-02
3.750000000e-02 3.750000000e-02 3.750000000e-02 3.750000000e-02 3.750000000e-02 3.750000000e-02
3.750000000e-02 3.750000000e-02 3.500000000e-02 3.500000000e-02 3.500000000e-02 3.500000000e-02

