2.506265664e-03 2.506265664e-13 2.506265664e-13 2.506265664e-03 2.506265664e-03 2.506265664e-13
2.506265664e-03 2.506265664e-03 2.506265664e-03 2.506265664e-03 2.506265664e-03 2.506265664e-03
2.506265664e-13 2.506265664e-03 7.518796993e-03 2.506265664e-03 5.012531329e-03 2.506265664e-13
2.506265664e-13 2.506265664e-03 5.463659148e-01 0.000000000e+00 1.629072682e-01 2.506265664e-13
2.506265664e-03 2.506265664e-03 2.105263158e-01 2.506265664e-13 2.255639098e-02 2.506265664e-03
2.506265664e-13 2.506265664e-03 2.506265664e-13 2.506265664e-03 2.506265664e-03 2.506265664e-13

5.012531329e-03 2.506265664e-03 2.506265664e-03 2.506265664e-03 7.518796993e-03 5.012531329e-03
2.506265664e-03 2.506265664e-03 2.506265664e-03 1.503759399e-02 2.255639098e-02 2.506265664e-03
5.012531329e-03 7.518796993e-03 6.766917293e-02 1.754385965e-02 2.506265664e-03 2.506265664e-03
2.506265664e-03 2.506265664e-03 2.932330827e-01 0.000000000e+00 3.834586466e-01 7.518796993e-03
5.012531329e-03 2.506265664e-03 0.000000000e+00 0.000000000e+00 7.518796992e-02 5.012531329e-03
5.012531329e-03 1.754385965e-02 1.253132832e-02 7.518796993e-03 2.506265664e-03 2.506265664e-03

2.506265664e-03 2.506265664e-03 2.506265664e-03 2.506265664e-03 2.506265664e-03 2.506265664e-03
2.506265664e-03 2.506265664e-03 2.506265664e-03 2.506265664e-03 1.002506266e-02 2.506265664e-03
2.506265664e-03 2.506265664e-03 4.987468672e-01 2.506265664e-03 0.000000000e+00 2.506265664e-03
2.506265664e-03 2.506265664e-03 0.000000000e+00 0.000000000e+00 4.060150376e-01 5.012531329e-03
5.012531329e-03 2.506265664e-03 0.000000000e+00 0.000000000e+00 7.518796993e-03 2.506265664e-03
2.506265664e-03 7.518796993e-03 2.506265664e-03 2.506265664e-03 2.506265664e-03 2.506265664e-03

3.500000000e-02 3.500000000e-02 3.500000000e-02 3.500000000e-02 3.500000000e-02 3.500000000e-02
3.500000000e-02 3.500000000e-02 3.500000000e-02 3.500000000e-02 3.500000000e-02 3.500000000e-02
3.500000000e-02 3.500000000e-02 0.000000000e+00 3.500000000e-02 0.000000000e+00 3.500000000e-02
3.500000000e-02 0.000000000e+00 0.000000000e+00 0.000000000e+00 3.250000000e-02 3.500000000e-02
3.500000000e-02 3.500000000e-02 0.000000000e+00 0.000000000e+00 3.500000000e-02 3.500000000e-02
3.500000000e-02 3.250000000e-02 3.250000000e-02 3.250000000e-02 3.250000000e-02 3.250000000e-02

