2.506265664e-13 2.506265664e-13 2.506265664e-13 2.506265664e-13 2.506265664e-13 2.506265664e-13
2.506265664e-13 6.015037594e-02 6.215538847e-01 2.506265664e-13 1.503759399e-02 2.506265664e-13
2.506265664e-13 2.506265664e-13 2.531328321e-01 2.506265664e-03 1.002506266e-02 2.506265664e-13
2.506265664e-13 2.506265664e-02 2.506265664e-03 0.000000000e+00 5.012531329e-03 2.506265664e-13
2.506265664e-03 2.506265664e-13 2.506265664e-13 2.506265664e-03 2.506265664e-13 2.506265664e-13
2.506265664e-13 2.506265664e-13 2.506265664e-13 2.506265664e-13 2.506265664e-13 2.506265664e-13

2.506265664e-13 2.506265664e-13 2.506265664e-13 2.506265664e-13 2.506265664e-13 2.506265664e-13
2.506265664e-13 2.506265664e-13 9.473684210e-01 0.000000000e+00 2.005012531e-02 2.506265664e-13
2.506265664e-13 2.506265664e-13 0.000000000e+00 2.506265664e-13 2.506265664e-13 2.506265664e-13
2.506265664e-13 3.258145363e-02 2.506265664e-13 0.000000000e+00 2.506265664e-13 2.506265664e-13
2.506265664e-13 2.506265664e-13 2.506265664e-13 2.506265664e-13 2.506265664e-13 2.506265664e-13
2.506265664e-13 2.506265664e-13 2.506265664e-13 2.506265664e-13 2.506265664e-13 2.506265664e-13

1.002506266e-02 1.002506266e-02 2.255639098e-02 2.005012531e-02 1.754385965e-02 1.002506266e-02
7.518796993e-03 0.000000000e+00 0.000000000e+00 0.000000000e+00 2.506265664e-02 1.002506266e-02
8.020050125e-02 1.253132832e-02 0.000000000e+00 5.012531329e-03 1.553884712e-01 1.253132832e-02
1.253132832e-02 2.130325815e-01 4.010025063e-02 0.000000000e+00 2.506265664e-02 2.255639098e-02
1.754385965e-02 1.002506266e-02 1.403508772e-01 5.012531329e-03 1.754385965e-02 1.002506266e-02
1.002506266e-02 1.503759399e-02 1.503759399e-02 1.754385965e-02 1.754385965e-02 1.253132832e-02

2.506265664e-03 2.506265664e-03 0.000000000e+00 7.518796993e-03 6.390977444e-01 2.506265664e-03
2.506265664e-03 0.000000000e+00 0.000000000e+00 0.000000000e+00 2.506265664e-03 7.518796993e-03
4.761904762e-02 2.506265664e-03 0.000000000e+00 2.506265664e-03 1.679197995e-01 2.506265664e-03
2.506265664e-03 2.005012531e-02 2.506265664e-03 0.000000000e+00 2.506265664e-03 1.754385965e-02
1.002506266e-02 2.506265664e-03 1.002506266e-02 2.506265664e-03 0.000000000e+00 2.506265664e-03
2.506265664e-03 2.506265664e-03 2.506265664e-03 1.253132832e-02 2.506265664e-03 1.503759399e-02

