2.157997084e-16 2.157997084e-16 2.157997084e-16 2.157997084e-16 2.157997084e-16 2.157997084e-16
2.157997084e-16 2.157997084e-16 2.530122128e-02 8.201949476e-01 2.157997084e-16 2.157997084e-16
2.157997084e-16 1.068795024e-01 1.623074102e-03 6.824185970e-04 2.157997084e-16 2.157997084e-16
2.157997084e-16 4.395399887e-02 6.824185970e-04 0.000000000e+00 6.824185970e-04 2.157997084e-16
2.157997084e-16 2.157997084e-16 2.157997084e-16 2.157997084e-16 2.157997084e-16 2.157997084e-16
2.157997084e-16 2.157997084e-16 2.157997084e-16 2.157997084e-16 2.157997084e-16 2.157997084e-16

2.247743199e-16 2.247743199e-16 2.247743199e-16 2.247743199e-16 2.247743199e-16 2.247743199e-16
2.247743199e-16 0.000000000e+00 7.851593781e-01 3.580193398e-02 2.247743199e-16 2.247743199e-16
2.247743199e-16 4.020885271e-03 1.261602030e-01 2.819607736e-02 2.247743199e-16 2.247743199e-16
2.247743199e-16 0.000000000e+00 2.247743199e-16 0.000000000e+00 2.247743199e-16 2.247743199e-16
2.247743199e-16 1.690574005e-03 4.020885271e-03 1.423926422e-02 2.247743199e-16 2.247743199e-16
2.247743199e-16 2.247743199e-16 2.247743199e-16 2.247743199e-16 7.107988105e-04 2.247743199e-16

8.685049954e-04 8.685049954e-04 8.685049954e-04 8.685049954e-04 8.685049954e-04 8.685049954e-04
8.685049954e-04 0.000000000e+00 5.058326126e-01 2.441035307e-01 8.155702655e-03 8.685049954e-04
1.739855487e-02 2.065664640e-03 1.183681993e-01 2.143885125e-02 8.685049954e-04 8.685049954e-04
8.685049954e-04 0.000000000e+00 0.000000000e+00 0.000000000e+00 2.563813290e-02 8.685049954e-04
8.685049954e-04 3.429050563e-03 0.000000000e+00 2.143885125e-02 8.155702655e-03 8.685049954e-04
8.685049954e-04 3.429050563e-03 8.685049954e-04 4.913006174e-03 8.685049954e-04 8.685049954e-04

7.066497255e-04 7.066497255e-04 7.066497255e-04 7.066497255e-04 7.066497255e-04 7.066497255e-04
7.066497255e-04 0.000000000e+00 7.066497255e-04 8.696139881e-02 7.066497255e-04 7.066497255e-04
5.168997378e-02 7.066497255e-04 0.000000000e+00 7.066497255e-04 0.000000000e+00 7.066497255e-04
7.066497255e-04 0.000000000e+00 0.000000000e+00 0.000000000e+00 8.311161777e-01 7.066497255e-04
7.066497255e-04 7.066497255e-04 0.000000000e+00 7.066497255e-04 7.066497255e-04 7.066497255e-04
7.066497255e-04 7.066497255e-04 7.066497255e-04 7.066497255e-04 1.256620657e-02 7.066497255e-04

7.503300398e-04 2.372751922e-16 7.503300398e-04 7.503300398e-04 7.503300398e-04 7.503300398e-04
7.503300398e-04 0.000000000e+00 7.503300398e-04 0.000000000e+00 5.049516915e-02 7.503300398e-04
2.214962652e-02 2.372751922e-16 0.000000000e+00 7.503300398e-04 0.000000000e+00 2.372751922e-16
7.503300398e-04 0.000000000e+00 0.000000000e+00 0.000000000e+00 2.372751922e-16 6.793793076e-01
7.503300398e-04 7.503300398e-04 0.000000000e+00 7.503300398e-04 0.000000000e+00 2.372751922e-16
7.503300398e-04 7.503300398e-04 7.503300398e-04 1.852172895e-02 2.166985571e-01 7.503300398e-04

