2.332186993e-16 2.332186993e-16 2.332186993e-16 2.332186993e-16 2.332186993e-16 2.332186993e-16
2.332186993e-16 2.332186993e-16 2.332186993e-16 2.332186993e-16 2.332186993e-16 2.332186993e-16
2.332186993e-16 2.332186993e-16 8.595655692e-02 9.922608411e-03 2.332186993e-16 2.332186993e-16
2.332186993e-16 1.477420855e-02 5.270962236e-01 3.615129002e-01 2.332186993e-16 2.332186993e-16
2.332186993e-16 0.000000000e+00 2.332186993e-16 7.375022827e-04 2.332186993e-16 2.332186993e-16
2.332186993e-16 2.332186993e-16 2.332186993e-16 2.332186993e-16 2.332186993e-16 2.332186993e-16

7.578987102e-04 7.578987102e-04 7.578987102e-04 7.578987102e-04 7.578987102e-04 7.578987102e-04
7.578987102e-04 7.578987102e-04 7.578987102e-04 7.578987102e-04 7.578987102e-04 7.578987102e-04
7.578987102e-04 1.802597077e-03 1.802597077e-03 4.414135631e-01 4.893028562e-01 7.578987102e-04
7.578987102e-04 1.802597077e-03 0.000000000e+00 7.578987102e-04 7.578987102e-04 7.578987102e-04
7.578987102e-04 0.000000000e+00 0.000000000e+00 7.578987102e-04 7.578987102e-04 7.578987102e-04
7.578987102e-04 4.236782590e-02 7.578987102e-04 1.802597077e-03 7.578987102e-04 7.578987102e-04

7.284802031e-04 7.284802031e-04 7.284802031e-04 7.284802031e-04 7.284802031e-04 7.284802031e-04
7.284802031e-04 1.732627681e-03 7.284802031e-04 7.284802031e-04 7.284802031e-04 7.284802031e-04
7.284802031e-04 7.061148734e-01 2.876201593e-03 8.294501767e-03 2.536281468e-01 7.284802031e-04
7.284802031e-04 0.000000000e+00 0.000000000e+00 0.000000000e+00 7.284802031e-04 1.732627681e-03
7.284802031e-04 0.000000000e+00 0.000000000e+00 1.732627681e-03 7.284802031e-04 7.284802031e-04
1.732627681e-03 4.120906332e-03 7.284802031e-04 1.732627681e-03 7.284802031e-04 1.732627681e-03

7.660159885e-04 7.660159885e-04 7.660159885e-04 7.660159885e-04 7.660159885e-04 7.660159885e-04
7.660159885e-04 7.660159885e-04 7.660159885e-04 7.660159885e-04 7.660159885e-04 7.660159885e-04
7.660159885e-04 2.666966305e-01 5.727305374e-03 1.194100750e-02 6.306463831e-01 7.660159885e-04
0.000000000e+00 0.000000000e+00 0.000000000e+00 0.000000000e+00 7.660159885e-04 7.660159885e-04
0.000000000e+00 0.000000000e+00 0.000000000e+00 6.058711308e-02 7.660159885e-04 7.660159885e-04
7.660159885e-04 1.821903327e-03 7.660159885e-04 5.727305374e-03 7.660159885e-04 7.660159885e-04

