2.690804015e-16 1.540306097e-01 8.509069426e-04 4.813456554e-03 2.023809181e-03 2.690804015e-16
8.509069426e-04 1.103131198e-01 8.509069426e-04 8.509069426e-04 2.690804015e-16 2.690804015e-16
2.260898849e-01 2.690804015e-16 4.466796230e-01 8.509069426e-04 2.690804015e-16 8.509069426e-04
2.023809181e-03 2.304316405e-02 8.509069426e-04 2.690804015e-16 2.690804015e-16 8.509069426e-04
8.509069426e-04 8.509069426e-04 8.509069426e-04 2.690804015e-16 2.690804015e-16 2.690804015e-16
8.509069426e-04 8.509069426e-04 2.023809181e-03 1.704601725e-02 8.509069426e-04 2.690804015e-16

2.251580219e-16 7.120121829e-04 2.251580219e-16 7.120121829e-04 7.120121829e-04 2.251580219e-16
2.251580219e-16 1.467440025e-01 2.251580219e-16 2.251580219e-16 2.251580219e-16 2.251580219e-16
1.928179536e-02 0.000000000e+00 7.326622727e-01 7.120121829e-04 2.251580219e-16 2.251580219e-16
2.251580219e-16 2.251580219e-16 0.000000000e+00 2.251580219e-16 2.251580219e-16 2.251580219e-16
2.251580219e-16 9.703985631e-02 7.120121829e-04 2.251580219e-16 2.251580219e-16 2.251580219e-16
2.251580219e-16 2.251580219e-16 2.251580219e-16 7.120121829e-04 2.251580219e-16 2.251580219e-16

2.095935003e-16 2.095935003e-16 2.095935003e-16 2.095935003e-16 2.095935003e-16 2.095935003e-16
2.095935003e-16 6.228381225e-01 2.095935003e-16 2.095935003e-16 2.095935003e-16 2.095935003e-16
2.095935003e-16 0.000000000e+00 3.771618775e-01 2.095935003e-16 2.095935003e-16 2.095935003e-16
2.095935003e-16 0.000000000e+00 0.000000000e+00 2.095935003e-16 2.095935003e-16 2.095935003e-16
2.095935003e-16 0.000000000e+00 2.095935003e-16 2.095935003e-16 2.095935003e-16 2.095935003e-16
2.095935003e-16 2.095935003e-16 2.095935003e-16 2.095935003e-16 2.095935003e-16 2.095935003e-16

1.773306804e-16 1.773306804e-16 1.773306804e-16 1.773306804e-16 1.773306804e-16 1.773306804e-16
1.773306804e-16 1.773306804e-16 0.000000000e+00 1.773306804e-16 1.773306804e-16 1.773306804e-16
0.000000000e+00 0.000000000e+00 1.000000000e+00 1.773306804e-16 1.773306804e-16 1.773306804e-16
1.773306804e-16 0.000000000e+00 0.000000000e+00 1.773306804e-16 1.773306804e-16 1.773306804e-16
1.773306804e-16 0.000000000e+00 1.773306804e-16 1.773306804e-16 1.773306804e-16 1.773306804e-16
1.773306804e-16 1.773306804e-16 1.773306804e-16 1.773306804e-16 1.773306804e-16 1.773306804e-16

