2.454900024e-16 2.454900024e-16 2.454900024e-16 2.454900024e-16 2.454900024e-16 2.454900024e-16
2.454900024e-16 2.454900024e-16 2.878223015e-02 7.763075505e-04 2.454900024e-16 2.454900024e-16
2.454900024e-16 1.733845389e-02 9.808110655e-02 2.454900024e-16 1.846380925e-03 2.454900024e-16
2.454900024e-16 2.454900024e-16 9.808110655e-02 6.802512666e-01 5.000130616e-02 2.454900024e-16
2.454900024e-16 2.454900024e-16 2.454900024e-16 2.484184161e-02 2.454900024e-16 2.454900024e-16
2.454900024e-16 2.454900024e-16 2.454900024e-16 2.454900024e-16 2.454900024e-16 2.454900024e-16

2.062052063e-16 1.550911874e-03 2.062052063e-16 2.062052063e-16 2.062052063e-16 2.062052063e-16
2.062052063e-16 2.062052063e-16 8.516283545e-01 2.062052063e-16 2.062052063e-16 2.062052063e-16
2.062052063e-16 2.062052063e-16 4.875421091e-03 0.000000000e+00 2.062052063e-16 2.062052063e-16
2.062052063e-16 0.000000000e+00 2.062052063e-16 1.550911874e-03 2.062052063e-16 2.062052063e-16
2.062052063e-16 2.062052063e-16 2.062052063e-16 1.273314742e-01 2.062052063e-16 1.306292649e-02
2.062052063e-16 2.062052063e-16 2.062052063e-16 2.062052063e-16 2.062052063e-16 2.062052063e-16

2.446459766e-16 1.455351833e-01 2.446459766e-16 2.446459766e-16 2.446459766e-16 2.446459766e-16
2.446459766e-16 2.446459766e-16 2.446459766e-16 2.446459766e-16 2.446459766e-16 2.446459766e-16
2.446459766e-16 2.446459766e-16 2.446459766e-16 0.000000000e+00 2.446459766e-16 2.446459766e-16
4.061179186e-01 0.000000000e+00 1.185149429e-01 0.000000000e+00 0.000000000e+00 2.446459766e-16
2.446459766e-16 2.446459766e-16 2.446459766e-16 2.446459766e-16 2.446459766e-16 3.298319551e-01
2.446459766e-16 2.446459766e-16 2.446459766e-16 2.446459766e-16 2.446459766e-16 2.446459766e-16

3.223720175e-16 2.363064580e-01 3.223720175e-16 6.274253223e-02 3.223720175e-16 1.019429829e-03
1.019429829e-03 6.566060445e-02 0.000000000e+00 1.019429829e-03 5.134724328e-02 3.223720175e-16
8.369624684e-02 6.566060445e-02 3.223720175e-16 0.000000000e+00 1.019429829e-03 8.989498477e-02
1.845365108e-01 0.000000000e+00 0.000000000e+00 0.000000000e+00 0.000000000e+00 1.019429829e-03
3.223720175e-16 2.760688345e-02 1.019429829e-03 3.223720175e-16 4.024935319e-03 1.019429829e-03
3.779618522e-02 1.019429829e-03 1.589133833e-02 1.019429829e-03 6.566060445e-02 3.223720175e-16

