2.554020676e-16 8.076522528e-04 2.554020676e-16 7.584264521e-03 8.076522528e-04 2.554020676e-16
2.554020676e-16 2.554020676e-16 8.076522528e-04 1.902209178e-01 8.076522528e-04 8.076522528e-04
8.076522528e-04 2.554020676e-16 2.618030028e-01 2.554020676e-16 4.812375630e-01 1.993671493e-02
8.076522528e-04 2.554020676e-16 6.038609059e-03 2.187179634e-02 8.076522528e-04 2.554020676e-16
8.076522528e-04 2.554020676e-16 2.554020676e-16 8.076522528e-04 2.554020676e-16 2.554020676e-16
8.076522528e-04 8.076522528e-04 8.076522528e-04 8.076522528e-04 2.554020676e-16 2.554020676e-16

1.993960168e-16 1.993960168e-16 1.993960168e-16 3.566904384e-03 1.993960168e-16 1.993960168e-16
1.499698555e-03 1.993960168e-16 1.993960168e-16 7.349065543e-02 6.305455696e-04 1.993960168e-16
1.993960168e-16 1.993960168e-16 9.138235665e-01 0.000000000e+00 1.499698555e-03 2.489533914e-03
1.993960168e-16 1.993960168e-16 1.499698555e-03 0.000000000e+00 1.993960168e-16 1.993960168e-16
1.499698555e-03 1.993960168e-16 1.993960168e-16 1.993960168e-16 1.993960168e-16 1.993960168e-16
1.993960168e-16 1.993960168e-16 1.993960168e-16 1.993960168e-16 1.993960168e-16 1.993960168e-16

1.992856509e-16 1.992856509e-16 1.992856509e-16 1.118540507e-01 1.992856509e-16 1.992856509e-16
1.992856509e-16 1.992856509e-16 0.000000000e+00 1.992856509e-16 8.796670688e-01 1.992856509e-16
1.992856509e-16 1.992856509e-16 8.478880475e-03 0.000000000e+00 1.992856509e-16 1.992856509e-16
1.992856509e-16 1.992856509e-16 1.992856509e-16 0.000000000e+00 0.000000000e+00 1.992856509e-16
1.992856509e-16 1.992856509e-16 1.992856509e-16 1.992856509e-16 1.992856509e-16 1.992856509e-16
1.992856509e-16 1.992856509e-16 1.992856509e-16 1.992856509e-16 1.992856509e-16 1.992856509e-16

1.793840577e-16 1.793840577e-16 1.793840577e-16 9.957587258e-01 1.793840577e-16 1.793840577e-16
1.793840577e-16 1.793840577e-16 0.000000000e+00 0.000000000e+00 1.793840577e-16 1.793840577e-16
1.793840577e-16 1.793840577e-16 4.241274183e-03 0.000000000e+00 1.793840577e-16 1.793840577e-16
1.793840577e-16 1.793840577e-16 1.793840577e-16 0.000000000e+00 0.000000000e+00 1.793840577e-16
1.793840577e-16 1.793840577e-16 1.793840577e-16 0.000000000e+00 1.793840577e-16 1.793840577e-16
1.793840577e-16 1.793840577e-16 1.793840577e-16 1.793840577e-16 1.793840577e-16 1.793840577e-16

