2.675474067e-16 2.675474067e-16 2.012279210e-03 1.504529632e-02 2.675474067e-16 2.675474067e-16
2.675474067e-16 2.012279210e-03 1.504529632e-02 7.982340355e-02 2.012279210e-03 2.675474067e-16
2.012279210e-03 2.675474067e-16 0.000000000e+00 2.675474067e-16 5.449394950e-02 3.803425065e-02
2.012279210e-03 8.460591873e-04 7.460687883e-02 6.323639321e-01 6.691803359e-02 2.675474067e-16
2.675474067e-16 2.675474067e-16 2.675474067e-16 8.460591873e-04 2.675474067e-16 3.340429529e-03
2.012279210e-03 2.012279210e-03 8.460591873e-04 8.460591873e-04 8.460591873e-04 2.012279210e-03

8.572583988e-04 2.710889083e-16 8.572583988e-04 1.153384823e-02 2.710889083e-16 3.384646503e-03
2.710889083e-16 3.384646503e-03 8.572583988e-04 3.835563372e-01 2.710889083e-16 2.710889083e-16
8.050091406e-03 4.849385816e-03 0.000000000e+00 0.000000000e+00 3.088627061e-01 2.038915574e-03
8.572583988e-04 1.153384823e-02 2.710889083e-16 0.000000000e+00 2.530613511e-02 2.710889083e-16
2.710889083e-16 2.710889083e-16 3.853770670e-02 1.892074915e-01 2.710889083e-16 8.572583988e-04
8.572583988e-04 2.710889083e-16 8.572583988e-04 2.038915574e-03 8.572583988e-04 8.572583988e-04

1.878826192e-16 1.878826192e-16 1.878826192e-16 3.360946467e-03 1.878826192e-16 1.878826192e-16
1.878826192e-16 1.878826192e-16 1.878826192e-16 9.706558600e-01 1.878826192e-16 1.878826192e-16
1.878826192e-16 1.878826192e-16 0.000000000e+00 0.000000000e+00 2.202811004e-02 5.941370096e-04
1.878826192e-16 1.878826192e-16 0.000000000e+00 0.000000000e+00 3.360946467e-03 1.878826192e-16
1.878826192e-16 1.878826192e-16 1.878826192e-16 1.878826192e-16 0.000000000e+00 1.878826192e-16
1.878826192e-16 1.878826192e-16 1.878826192e-16 1.878826192e-16 1.878826192e-16 1.878826192e-16

