8.578343124e-04 2.040285335e-03 2.040285335e-03 1.337231352e-02 3.195468036e-01 8.578343124e-04
8.578343124e-04 8.578343124e-04 2.040285335e-03 1.169138962e-01 2.712710282e-16 1.140554176e-01
8.578343124e-04 8.578343124e-04 8.578343124e-04 8.578343124e-04 3.947486233e-01 8.055499527e-03
8.578343124e-04 2.712710282e-16 8.578343124e-04 4.852643675e-03 8.578343124e-04 4.852643675e-03
8.578343124e-04 2.712710282e-16 2.712710282e-16 2.712710282e-16 8.578343124e-04 2.040285335e-03
8.578343124e-04 8.578343124e-04 8.578343124e-04 8.578343124e-04 8.578343124e-04 2.712710282e-16

2.081230675e-16 2.081230675e-16 2.081230675e-16 2.081230675e-16 8.733903928e-01 2.081230675e-16
2.081230675e-16 2.081230675e-16 2.081230675e-16 9.634128130e-02 0.000000000e+00 4.920766117e-03
2.081230675e-16 2.081230675e-16 0.000000000e+00 3.723018612e-03 2.081230675e-16 8.854880446e-03
2.081230675e-16 2.081230675e-16 2.081230675e-16 2.598494408e-03 8.854880446e-03 6.581429269e-04
2.081230675e-16 2.081230675e-16 2.081230675e-16 2.081230675e-16 2.081230675e-16 2.081230675e-16
2.081230675e-16 2.081230675e-16 6.581429269e-04 2.081230675e-16 2.081230675e-16 2.081230675e-16

2.105996732e-16 2.105996732e-16 2.105996732e-16 2.105996732e-16 2.105996732e-16 2.105996732e-16
2.105996732e-16 2.105996732e-16 2.105996732e-16 0.000000000e+00 0.000000000e+00 2.105996732e-16
2.105996732e-16 2.105996732e-16 0.000000000e+00 2.105996732e-16 0.000000000e+00 5.578639658e-01
2.105996732e-16 2.105996732e-16 2.105996732e-16 2.105996732e-16 4.421360342e-01 2.105996732e-16
2.105996732e-16 2.105996732e-16 2.105996732e-16 2.105996732e-16 2.105996732e-16 2.105996732e-16
2.105996732e-16 2.105996732e-16 2.105996732e-16 2.105996732e-16 2.105996732e-16 2.105996732e-16

1.773306804e-16 1.773306804e-16 1.773306804e-16 1.773306804e-16 1.773306804e-16 1.773306804e-16
1.773306804e-16 1.773306804e-16 1.773306804e-16 0.000000000e+00 0.000000000e+00 1.773306804e-16
1.773306804e-16 1.773306804e-16 0.000000000e+00 0.000000000e+00 0.000000000e+00 1.000000000e+00
1.773306804e-16 1.773306804e-16 0.000000000e+00 1.773306804e-16 1.773306804e-16 1.773306804e-16
1.773306804e-16 1.773306804e-16 1.773306804e-16 1.773306804e-16 1.773306804e-16 1.773306804e-16
1.773306804e-16 1.773306804e-16 1.773306804e-16 1.773306804e-16 1.773306804e-16 1.773306804e-16

