8.905790549e-04 8.905790549e-04 8.905790549e-04 8.905790549e-04 8.905790549e-04 8.905790549e-04
8.905790549e-04 8.905790549e-04 8.905790549e-04 8.905790549e-04 8.905790549e-04 8.905790549e-04
8.905790549e-04 2.118165897e-03 8.905790549e-04 8.905790549e-04 8.905790549e-04 8.905790549e-04
5.736143614e-02 2.711047611e-01 8.905790549e-04 8.905790549e-04 8.905790549e-04 8.905790549e-04
1.675337834e-01 8.905790549e-04 3.064800424e-01 8.905790549e-04 8.905790549e-04 8.905790549e-04
8.905790549e-04 1.612120291e-01 8.362989276e-03 8.905790549e-04 8.905790549e-04 8.905790549e-04

1.948900776e-16 1.948900776e-16 1.948900776e-16 1.948900776e-16 1.948900776e-16 1.948900776e-16
1.948900776e-16 1.948900776e-16 1.948900776e-16 1.948900776e-16 1.948900776e-16 1.948900776e-16
1.948900776e-16 6.162965386e-04 6.162965386e-04 6.162965386e-04 1.948900776e-16 1.948900776e-16
6.162965386e-04 5.814591703e-02 1.948900776e-16 0.000000000e+00 1.948900776e-16 1.948900776e-16
1.948900776e-16 0.000000000e+00 9.329852630e-01 5.787337255e-03 1.948900776e-16 1.948900776e-16
1.948900776e-16 1.948900776e-16 6.162965386e-04 1.948900776e-16 1.948900776e-16 1.948900776e-16

2.048079223e-16 2.048079223e-16 2.048079223e-16 2.048079223e-16 2.048079223e-16 2.048079223e-16
2.048079223e-16 2.048079223e-16 2.048079223e-16 2.048079223e-16 2.048079223e-16 2.048079223e-16
2.048079223e-16 1.971566452e-01 6.476595175e-04 0.000000000e+00 2.048079223e-16 2.048079223e-16
7.985319798e-01 2.048079223e-16 0.000000000e+00 0.000000000e+00 2.048079223e-16 2.048079223e-16
2.048079223e-16 0.000000000e+00 3.663715493e-03 2.048079223e-16 2.048079223e-16 2.048079223e-16
2.048079223e-16 2.048079223e-16 2.048079223e-16 2.048079223e-16 2.048079223e-16 2.048079223e-16

1.797566076e-16 1.797566076e-16 1.797566076e-16 1.797566076e-16 1.797566076e-16 1.797566076e-16
1.797566076e-16 1.797566076e-16 1.797566076e-16 1.797566076e-16 1.797566076e-16 1.797566076e-16
1.797566076e-16 1.797566076e-16 5.337942932e-03 0.000000000e+00 1.797566076e-16 1.797566076e-16
9.946620571e-01 0.000000000e+00 0.000000000e+00 0.000000000e+00 1.797566076e-16 1.797566076e-16
1.797566076e-16 0.000000000e+00 1.797566076e-16 0.000000000e+00 1.797566076e-16 1.797566076e-16
1.797566076e-16 1.797566076e-16 1.797566076e-16 1.797566076e-16 1.797566076e-16 1.797566076e-16

