2.506265664e-13 2.506265664e-13 2.506265664e-13 2.506265664e-13 2.506265664e-13 2.506265664e-13
2.506265664e-13 2.506265664e-13 2.506265664e-03 1.754385965e-02 2.506265664e-13 2.506265664e-13
2.506265664e-13 2.506265664e-13 2.506265664e-13 2.355889724e-01 3.258145363e-02 2.506265664e-13
2.506265664e-13 5.513784461e-02 4.937343358e-01 1.378446115e-01 2.506265664e-13 2.506265664e-13
2.506265664e-13 2.506265664e-13 2.506265664e-02 2.506265664e-13 2.506265664e-13 2.506265664e-13
2.506265664e-13 2.506265664e-13 2.506265664e-13 2.506265664e-13 2.506265664e-13 2.506265664e-13

2.506265664e-13 2.506265664e-13 2.506265664e-13 2.506265664e-13 2.506265664e-13 2.506265664e-13
2.506265664e-13 2.506265664e-13 2.506265664e-13 2.731829574e-01 2.506265664e-13 2.506265664e-13
2.506265664e-13 2.506265664e-13 0.000000000e+00 2.506265664e-13 0.000000000e+00 2.506265664e-13
2.506265664e-13 2.506265664e-13 2.531328321e-01 4.335839599e-01 2.506265664e-13 2.506265664e-13
4.010025063e-02 2.506265664e-13 2.506265664e-13 2.506265664e-13 2.506265664e-13 2.506265664e-13
2.506265664e-13 2.506265664e-13 2.506265664e-13 2.506265664e-13 2.506265664e-13 2.506265664e-13

2.506265664e-03 2.506265664e-03 2.506265664e-03 2.506265664e-03 2.656641604e-01 2.506265664e-03
2.506265664e-03 3.508771930e-02 1.002506266e-02 1.503759399e-02 2.305764411e-01 2.506265664e-03
7.518796993e-03 5.012531329e-03 0.000000000e+00 2.506265664e-03 0.000000000e+00 2.506265664e-03
2.506265664e-03 0.000000000e+00 2.756892231e-02 4.761904762e-02 4.260651629e-02 2.756892231e-02
1.904761905e-01 2.506265664e-03 2.506265664e-03 5.012531329e-03 0.000000000e+00 2.506265664e-03
2.506265664e-03 1.754385965e-02 5.012531329e-03 2.506265664e-03 2.005012531e-02 1.002506266e-02

2.506265664e-03 2.506265664e-03 2.506265664e-03 2.506265664e-03 1.228070175e-01 2.506265664e-03
2.506265664e-03 2.506265664e-03 2.506265664e-03 0.000000000e+00 2.506265664e-03 2.506265664e-03
2.506265664e-03 2.506265664e-03 0.000000000e+00 2.506265664e-03 0.000000000e+00 2.506265664e-03
2.506265664e-03 0.000000000e+00 2.506265664e-03 2.506265664e-03 0.000000000e+00 2.506265664e-03
8.070175439e-01 2.506265664e-03 2.506265664e-03 2.506265664e-03 0.000000000e+00 2.506265664e-03
2.506265664e-03 2.506265664e-03 2.506265664e-03 2.506265664e-03 2.506265664e-03 2.506265664e-03

