2.506265664e-13 2.506265664e-13 2.506265664e-13 2.506265664e-13 2.506265664e-13 2.506265664e-13
2.506265664e-13 2.506265664e-13 0.000000000e+00 1.002506266e-02 1.253132832e-02 2.506265664e-13
2.506265664e-13 7.769423559e-02 3.934837093e-01 2.506265664e-13 5.012531329e-03 2.506265664e-13
2.506265664e-13 2.506265664e-13 4.010025063e-01 7.268170426e-02 2.005012531e-02 2.506265664e-13
2.506265664e-13 2.506265664e-13 2.506265664e-13 7.518796993e-03 2.506265664e-13 2.506265664e-13
2.506265664e-13 2.506265664e-13 2.506265664e-13 2.506265664e-13 2.506265664e-13 2.506265664e-13

2.506265664e-13 2.506265664e-13 2.506265664e-13 2.506265664e-13 2.506265664e-13 2.506265664e-13
2.506265664e-13 0.000000000e+00 0.000000000e+00 3.258145363e-01 3.684210526e-01 2.506265664e-13
2.506265664e-13 2.506265664e-13 2.506265664e-13 0.000000000e+00 2.506265664e-13 2.506265664e-13
2.506265664e-13 2.506265664e-13 2.506265664e-13 7.518796993e-03 7.518796993e-03 2.506265664e-13
2.506265664e-13 2.907268170e-01 2.506265664e-13 2.506265664e-13 2.506265664e-13 2.506265664e-13
2.506265664e-13 2.506265664e-13 2.506265664e-13 2.506265664e-13 2.506265664e-13 2.506265664e-13

9.022556391e-02 2.506265664e-13 2.506265664e-13 1.553884712e-01 2.506265664e-13 5.012531329e-03
1.503759399e-02 0.000000000e+00 0.000000000e+00 2.506265664e-13 1.228070175e-01 2.506265664e-13
2.506265664e-13 2.506265664e-13 0.000000000e+00 0.000000000e+00 2.506265664e-13 2.506265664e-13
7.518796993e-03 2.506265664e-13 0.000000000e+00 2.832080200e-01 2.431077694e-01 2.506265664e-13
2.506265664e-13 6.265664160e-02 2.506265664e-13 1.002506266e-02 2.506265664e-13 2.506265664e-13
5.012531329e-03 2.506265664e-13 2.506265664e-13 2.506265664e-13 2.506265664e-13 2.506265664e-13

1.503759399e-02 7.518796993e-03 1.253132832e-02 1.278195489e-01 5.012531329e-03 1.002506266e-02
2.255639098e-02 0.000000000e+00 0.000000000e+00 0.000000000e+00 5.263157895e-02 1.503759399e-02
1.503759399e-02 0.000000000e+00 0.000000000e+00 0.000000000e+00 7.518796993e-03 7.518796993e-03
1.002506266e-02 2.005012531e-02 0.000000000e+00 3.458646617e-01 1.754385965e-02 1.754385965e-02
1.754385965e-02 1.328320802e-01 7.518796993e-03 2.506265664e-02 1.754385965e-02 1.503759399e-02
2.255639098e-02 1.503759399e-02 1.503759399e-02 7.518796993e-03 7.518796993e-03 7.518796993e-03

