2.556826973e-16 5.929545808e-01 1.578837671e-01 8.085396820e-04 8.085396820e-04 2.556826973e-16
9.423602995e-02 2.556826973e-16 4.072500388e-02 2.556826973e-16 2.556826973e-16 1.923042285e-03
7.592597931e-03 8.903010975e-02 4.573791136e-03 2.556826973e-16 2.556826973e-16 2.556826973e-16
2.556826973e-16 2.556826973e-16 2.556826973e-16 0.000000000e+00 2.556826973e-16 8.085396820e-04
8.085396820e-04 2.556826973e-16 2.556826973e-16 2.556826973e-16 1.923042285e-03 8.085396820e-04
2.556826973e-16 2.556826973e-16 1.923042285e-03 2.556826973e-16 3.192294192e-03 2.556826973e-16

9.075307513e-03 2.158484053e-02 8.819103550e-02 9.664341925e-04 9.664341925e-04 2.298580836e-03
3.583132913e-02 0.000000000e+00 1.681364597e-01 9.664341925e-04 3.056133257e-16 9.664341925e-04
9.075307513e-03 2.791103701e-01 2.828668824e-01 9.664341925e-04 9.664341925e-04 2.298580836e-03
3.056133257e-16 0.000000000e+00 2.298580836e-03 0.000000000e+00 3.056133257e-16 9.664341925e-04
1.300273677e-02 5.466977368e-03 1.718590026e-02 2.385621155e-02 7.225780959e-03 9.664341925e-04
3.056133257e-16 9.664341925e-04 1.506521811e-02 2.298580836e-03 5.466977368e-03 9.664341925e-04

1.052280499e-03 9.602485874e-02 1.434148893e-01 2.502758912e-03 3.901415035e-02 1.052280499e-03
2.849650290e-02 0.000000000e+00 2.350217628e-02 5.952597410e-03 5.952597410e-03 4.154637055e-03
2.502758912e-03 2.502758912e-03 1.576104045e-01 2.361285565e-01 1.052280499e-03 8.639332087e-02
1.052280499e-03 0.000000000e+00 0.000000000e+00 0.000000000e+00 5.300188517e-02 1.052280499e-03
1.052280499e-03 9.881447893e-03 0.000000000e+00 3.367297595e-02 4.450604641e-02 1.052280499e-03
1.052280499e-03 1.052280499e-03 4.154637055e-03 5.952597410e-03 1.052280499e-03 4.154637055e-03

7.509420032e-04 1.786051146e-03 1.786051146e-03 7.509420032e-04 7.509420032e-04 7.509420032e-04
5.614601046e-03 0.000000000e+00 7.509420032e-04 7.509420032e-04 7.509420032e-04 7.509420032e-04
2.964885767e-03 7.509420032e-04 0.000000000e+00 5.614601046e-03 0.000000000e+00 5.614601046e-03
7.509420032e-04 0.000000000e+00 0.000000000e+00 0.000000000e+00 6.982996579e-01 2.374687121e-01
7.509420032e-04 7.509420032e-04 0.000000000e+00 1.170602733e-02 2.374687121e-16 7.509420032e-04
7.509420032e-04 7.509420032e-04 7.509420032e-04 2.964885767e-03 5.614601046e-03 8.550252630e-03

1.800065095e-16 1.800065095e-16 5.692305637e-04 1.800065095e-16 1.800065095e-16 1.800065095e-16
1.800065095e-16 0.000000000e+00 1.800065095e-16 0.000000000e+00 1.800065095e-16 1.800065095e-16
1.800065095e-16 1.800065095e-16 0.000000000e+00 5.692305637e-04 0.000000000e+00 5.692305637e-04
1.800065095e-16 0.000000000e+00 0.000000000e+00 0.000000000e+00 1.800065095e-16 9.960448597e-01
1.800065095e-16 1.800065095e-16 0.000000000e+00 2.247448657e-03 0.000000000e+00 1.800065095e-16
1.800065095e-16 1.800065095e-16 1.800065095e-16 1.800065095e-16 1.800065095e-16 1.800065095e-16

