1.954249276e-03 1.105490332e-02 1.954249276e-03 1.065215716e-01 2.598318976e-16 2.598318976e-16
2.598318976e-16 0.000000000e+00 2.598318976e-16 5.529552203e-02 2.598318976e-16 2.598318976e-16
1.835139244e-02 1.835139244e-02 4.932738060e-01 2.761716464e-01 2.598318976e-16 2.598318976e-16
2.598318976e-16 2.598318976e-16 7.715810060e-03 2.598318976e-16 2.598318976e-16 2.598318976e-16
9.355457176e-03 2.598318976e-16 2.598318976e-16 2.598318976e-16 2.598318976e-16 2.598318976e-16
2.598318976e-16 2.598318976e-16 2.598318976e-16 2.598318976e-16 2.598318976e-16 2.598318976e-16

2.903917793e-16 8.663907632e-02 7.539333664e-02 2.266801588e-02 6.865889715e-03 2.903917793e-16
9.182994365e-04 0.000000000e+00 0.000000000e+00 3.799806000e-01 2.184096447e-03 2.903917793e-16
3.883933741e-02 2.903917793e-16 0.000000000e+00 2.486820062e-02 9.182994365e-04 9.182994365e-04
9.182994365e-04 1.282296619e-01 2.162809068e-01 9.182994365e-04 2.903917793e-16 9.182994365e-04
2.903917793e-16 9.182994365e-04 9.182994365e-04 2.903917793e-16 2.903917793e-16 9.182994365e-04
9.182994365e-04 9.182994365e-04 9.182994365e-04 5.194686069e-03 9.182994365e-04 9.182994365e-04

7.218937982e-04 2.850197003e-03 6.778949111e-03 4.035509013e-02 7.218937982e-04 2.282828631e-16
7.218937982e-04 0.000000000e+00 0.000000000e+00 1.716962482e-03 2.282828631e-16 7.218937982e-04
0.000000000e+00 0.000000000e+00 0.000000000e+00 7.218937982e-04 2.282828631e-16 2.282828631e-16
2.282828631e-16 7.937521677e-01 2.676479628e-02 7.218937982e-04 2.282828631e-16 7.218937982e-04
1.130620564e-01 7.218937982e-04 2.282828631e-16 2.282828631e-16 2.282828631e-16 7.218937982e-04
6.778949111e-03 2.282828631e-16 2.282828631e-16 7.218937982e-04 2.282828631e-16 7.218937982e-04

2.021063975e-16 2.021063975e-16 2.021063975e-16 2.021063975e-16 2.021063975e-16 2.021063975e-16
2.021063975e-16 0.000000000e+00 0.000000000e+00 0.000000000e+00 2.021063975e-16 2.021063975e-16
0.000000000e+00 0.000000000e+00 0.000000000e+00 2.021063975e-16 2.021063975e-16 2.021063975e-16
0.000000000e+00 2.021063975e-16 8.079478815e-01 2.021063975e-16 2.021063975e-16 2.021063975e-16
2.021063975e-16 1.920521185e-01 2.021063975e-16 2.021063975e-16 2.021063975e-16 2.021063975e-16
2.021063975e-16 2.021063975e-16 2.021063975e-16 2.021063975e-16 2.021063975e-16 2.021063975e-16

0.000000000e+00 0.000000000e+00 0.000000000e+00 0.000000000e+00 0.000000000e+00 0.000000000e+00
0.000000000e+00 0.000000000e+00 0.000000000e+00 0.000000000e+00 0.000000000e+00 0.000000000e+00
0.000000000e+00 0.000000000e+00 0.000000000e+00 0.000000000e+00 0.000000000e+00 0.000000000e+00
0.000000000e+00 0.000000000e+00 0.000000000e+00 0.000000000e+00 0.000000000e+00 0.000000000e+00
0.000000000e+00 0.000000000e+00 0.000000000e+00 0.000000000e+00 0.000000000e+00 0.000000000e+00
0.000000000e+00 0.000000000e+00 0.000000000e+00 0.000000000e+00 0.000000000e+00 0.000000000e+00

