2.506265664e-13 2.506265664e-13 2.506265664e-13 2.506265664e-13 2.506265664e-13 2.506265664e-13
2.506265664e-13 2.506265664e-13 5.689223058e-01 2.506265664e-13 2.506265664e-13 2.506265664e-13
2.506265664e-13 2.506265664e-13 0.000000000e+00 2.506265664e-13 2.506265664e-13 2.506265664e-13
2.506265664e-13 2.506265664e-13 2.982456140e-01 2.005012531e-02 1.127819549e-01 2.506265664e-13
2.506265664e-13 2.506265664e-13 2.506265664e-13 2.506265664e-13 2.506265664e-13 2.506265664e-13
2.506265664e-13 2.506265664e-13 2.506265664e-13 2.506265664e-13 2.506265664e-13 2.506265664e-13

2.506265664e-03 2.506265664e-03 2.506265664e-03 2.506265664e-03 2.506265664e-03 2.506265664e-03
2.506265664e-03 2.506265664e-03 1.503759399e-02 2.506265664e-03 5.137844611e-01 2.506265664e-03
2.506265664e-03 5.012531329e-03 0.000000000e+00 0.000000000e+00 2.506265664e-03 2.506265664e-03
2.506265664e-03 2.506265664e-03 7.518796993e-03 0.000000000e+00 5.764411028e-02 2.506265664e-03
2.506265664e-03 3.258145363e-01 2.506265664e-03 7.518796993e-03 5.012531329e-03 2.506265664e-03
2.506265664e-03 2.506265664e-03 2.506265664e-03 2.506265664e-03 2.506265664e-03 2.506265664e-03

2.506265664e-03 2.506265664e-03 2.506265664e-03 2.506265664e-03 2.506265664e-03 1.403508772e-01
2.506265664e-03 2.506265664e-03 2.506265664e-03 2.506265664e-03 2.506265664e-03 2.506265664e-03
2.506265664e-03 2.506265664e-03 0.000000000e+00 0.000000000e+00 2.506265664e-03 2.506265664e-03
2.506265664e-03 2.506265664e-03 0.000000000e+00 0.000000000e+00 2.506265664e-03 2.506265664e-03
2.506265664e-03 3.834586466e-01 2.506265664e-03 2.506265664e-03 0.000000000e+00 2.506265664e-03
2.506265664e-03 2.506265664e-03 2.506265664e-03 2.506265664e-03 2.506265664e-03 4.060150376e-01

