2.743564475e-16 2.743564475e-16 2.743564475e-16 2.743564475e-16 2.743564475e-16 2.743564475e-16
2.743564475e-16 0.000000000e+00 2.743564475e-16 2.063491410e-03 2.743564475e-16 2.743564475e-16
2.743564475e-16 2.743564475e-16 1.329077190e-01 1.570507947e-01 2.743564475e-16 2.743564475e-16
2.743564475e-16 2.743564475e-16 9.831754289e-02 5.093682321e-02 2.743564475e-16 2.743564475e-16
2.743564475e-16 2.141629602e-02 1.601241608e-01 2.743564475e-16 3.771831721e-01 2.743564475e-16
2.743564475e-16 2.743564475e-16 2.743564475e-16 2.743564475e-16 2.743564475e-16 2.743564475e-16

2.392101542e-16 3.000693325e-02 2.392101542e-16 1.799148891e-03 2.392101542e-16 2.392101542e-16
2.392101542e-16 0.000000000e+00 1.799148891e-03 7.564489267e-04 2.392101542e-16 2.392101542e-16
2.392101542e-16 0.000000000e+00 7.564489267e-04 7.746037008e-01 2.392101542e-16 2.392101542e-16
2.392101542e-16 4.018312081e-02 4.441158735e-02 1.179187177e-02 7.564489267e-04 2.392101542e-16
2.392101542e-16 5.533268290e-02 2.611203761e-02 0.000000000e+00 1.017752305e-02 7.564489267e-04
2.392101542e-16 2.392101542e-16 7.564489267e-04 2.392101542e-16 2.392101542e-16 2.392101542e-16

2.286216732e-16 4.244573748e-02 7.229652097e-04 7.229652097e-04 2.286216732e-16 2.286216732e-16
0.000000000e+00 0.000000000e+00 7.229652097e-04 6.789010209e-03 2.286216732e-16 2.286216732e-16
2.286216732e-16 0.000000000e+00 2.286216732e-16 4.089708819e-03 7.229652097e-04 2.286216732e-16
2.286216732e-16 0.000000000e+00 7.229652097e-04 2.854427174e-03 7.229652097e-04 2.286216732e-16
2.286216732e-16 2.372268978e-01 6.971956708e-01 0.000000000e+00 7.229652097e-04 7.229652097e-04
2.286216732e-16 7.229652097e-04 7.229652097e-04 7.229652097e-04 7.229652097e-04 7.229652097e-04

6.905987298e-04 1.034377671e-01 6.905987298e-04 6.905987298e-04 6.905987298e-04 6.905987298e-04
0.000000000e+00 0.000000000e+00 6.905987298e-04 1.642529846e-03 6.905987298e-04 6.905987298e-04
6.905987298e-04 0.000000000e+00 0.000000000e+00 6.485072538e-03 6.905987298e-04 6.905987298e-04
6.905987298e-04 0.000000000e+00 0.000000000e+00 6.905987298e-04 6.905987298e-04 6.905987298e-04
6.905987298e-04 6.905987298e-04 8.514738935e-01 0.000000000e+00 2.038636751e-02 6.905987298e-04
6.905987298e-04 6.905987298e-04 6.905987298e-04 6.905987298e-04 6.905987298e-04 6.905987298e-04

6.397127370e-02 1.310239421e-02 1.999102303e-03 1.999102303e-03 2.657954394e-16 2.657954394e-16
0.000000000e+00 0.000000000e+00 1.999102303e-03 1.432879993e-01 2.657954394e-16 2.657954394e-16
1.345341431e-01 0.000000000e+00 0.000000000e+00 5.580148332e-01 1.999102303e-03 2.657954394e-16
1.999102303e-03 0.000000000e+00 0.000000000e+00 2.657954394e-16 8.405189804e-04 8.405189804e-04
1.999102303e-03 0.000000000e+00 0.000000000e+00 0.000000000e+00 2.074802274e-02 8.405189804e-04
1.999102303e-03 2.657954394e-16 1.999102303e-03 4.698643941e-02 2.657954394e-16 8.405189804e-04

