2.506265664e-13 2.506265664e-13 2.506265664e-13 2.506265664e-13 2.506265664e-13 2.506265664e-13
2.506265664e-13 0.000000000e+00 2.506265664e-13 5.012531329e-03 2.506265664e-13 2.506265664e-13
2.506265664e-13 4.010025063e-02 7.167919799e-01 1.779448622e-01 2.506265664e-13 2.506265664e-13
2.506265664e-13 2.506265664e-13 2.005012531e-02 4.010025063e-02 2.506265664e-13 2.506265664e-13
2.506265664e-13 2.506265664e-13 2.506265664e-13 2.506265664e-13 2.506265664e-13 2.506265664e-13
2.506265664e-13 2.506265664e-13 2.506265664e-13 2.506265664e-13 2.506265664e-13 2.506265664e-13

2.506265664e-13 2.506265664e-13 2.506265664e-13 4.010025063e-02 2.506265664e-13 2.506265664e-13
2.506265664e-13 0.000000000e+00 0.000000000e+00 1.253132832e-02 2.506265664e-13 2.506265664e-13
2.506265664e-13 2.506265664e-13 0.000000000e+00 1.077694236e-01 2.506265664e-13 2.506265664e-13
3.007518797e-02 2.506265664e-03 1.503759399e-02 7.894736842e-01 2.506265664e-13 2.506265664e-13
2.506265664e-13 2.506265664e-13 2.506265664e-13 2.506265664e-13 2.506265664e-13 2.506265664e-13
2.506265664e-13 2.506265664e-03 2.506265664e-13 2.506265664e-13 2.506265664e-13 2.506265664e-13

2.506265664e-13 2.506265664e-03 2.506265664e-13 3.784461153e-01 2.506265664e-03 2.506265664e-13
2.506265664e-13 0.000000000e+00 0.000000000e+00 0.000000000e+00 2.506265664e-13 2.506265664e-03
2.506265664e-13 0.000000000e+00 0.000000000e+00 5.012531329e-03 2.506265664e-13 2.506265664e-13
2.756892231e-02 2.506265664e-13 2.506265664e-03 5.238095238e-01 2.506265664e-13 2.506265664e-13
2.506265664e-13 3.508771930e-02 2.506265664e-13 2.506265664e-03 2.506265664e-13 2.506265664e-13
2.506265664e-13 1.754385965e-02 2.506265664e-13 2.506265664e-13 2.506265664e-13 2.506265664e-13

2.506265664e-03 1.253132832e-02 2.506265664e-03 5.012531329e-03 2.506265664e-03 2.506265664e-03
5.012531329e-03 0.000000000e+00 0.000000000e+00 0.000000000e+00 5.012531329e-03 2.506265664e-03
2.506265664e-03 0.000000000e+00 0.000000000e+00 2.506265664e-03 0.000000000e+00 2.506265664e-03
5.012531329e-03 0.000000000e+00 2.907268170e-01 3.558897243e-01 2.230576441e-01 2.506265664e-03
2.506265664e-03 4.260651629e-02 2.506265664e-03 2.506265664e-03 2.506265664e-03 2.506265664e-03
2.506265664e-03 7.518796993e-03 2.506265664e-03 2.506265664e-03 2.506265664e-03 2.506265664e-03

2.506265664e-13 1.754385965e-02 2.506265664e-13 4.010025063e-02 2.506265664e-13 2.506265664e-13
2.506265664e-13 0.000000000e+00 0.000000000e+00 0.000000000e+00 2.506265664e-13 2.506265664e-13
0.000000000e+00 0.000000000e+00 0.000000000e+00 0.000000000e+00 0.000000000e+00 2.506265664e-13
2.506265664e-13 0.000000000e+00 2.506265664e-13 2.380952381e-01 8.270676692e-02 2.506265664e-13
2.506265664e-13 5.914786967e-01 2.506265664e-13 2.506265664e-13 2.506265664e-13 2.506265664e-13
2.506265664e-13 2.756892231e-02 2.506265664e-13 2.506265664e-03 2.506265664e-13 2.506265664e-13

4.000000000e-02 4.000000000e-02 4.000000000e-02 4.000000000e-02 4.000000000e-02 4.000000000e-02
4.000000000e-02 0.000000000e+00 0.000000000e+00 0.000000000e+00 4.000000000e-02 4.000000000e-02
0.000000000e+00 0.000000000e+00 0.000000000e+00 0.000000000e+00 0.000000000e+00 4.000000000e-02
0.000000000e+00 0.000000000e+00 4.000000000e-02 4.000000000e-02 4.000000000e-02 4.000000000e-02
4.000000000e-02 4.000000000e-02 4.000000000e-02 4.000000000e-02 4.000000000e-02 4.000000000e-02
4.000000000e-02 4.000000000e-02 4.000000000e-02 0.000000000e+00 4.000000000e-02 4.000000000e-02

