2.506265664e-13 2.506265664e-13 2.506265664e-13 2.506265664e-13 2.506265664e-13 2.506265664e-13
2.506265664e-13 2.506265664e-13 4.511278195e-02 7.293233083e-01 2.506265664e-13 2.506265664e-13
2.506265664e-13 1.428571429e-01 5.012531329e-03 2.506265664e-03 2.506265664e-13 2.506265664e-13
2.506265664e-13 7.017543860e-02 2.506265664e-03 0.000000000e+00 2.506265664e-03 2.506265664e-13
2.506265664e-13 2.506265664e-13 2.506265664e-13 2.506265664e-13 2.506265664e-13 2.506265664e-13
2.506265664e-13 2.506265664e-13 2.506265664e-13 2.506265664e-13 2.506265664e-13 2.506265664e-13

5.012531329e-03 2.506265664e-13 2.506265664e-13 2.506265664e-13 2.506265664e-13 2.506265664e-13
2.506265664e-13 0.000000000e+00 8.771929825e-02 0.000000000e+00 5.012531329e-03 2.506265664e-13
2.506265664e-03 8.020050125e-02 3.358395990e-01 2.506265664e-03 1.002506266e-02 2.506265664e-13
2.506265664e-13 3.583959900e-01 2.506265664e-02 0.000000000e+00 7.769423559e-02 2.506265664e-03
2.506265664e-13 2.506265664e-13 5.012531329e-03 2.506265664e-13 2.506265664e-13 2.506265664e-03
2.506265664e-13 2.506265664e-13 2.506265664e-13 2.506265664e-13 2.506265664e-13 2.506265664e-13

2.506265664e-13 2.506265664e-13 2.506265664e-13 2.506265664e-13 2.506265664e-13 2.506265664e-13
2.506265664e-13 0.000000000e+00 9.523809524e-02 0.000000000e+00 2.506265664e-13 2.506265664e-13
2.506265664e-13 8.972431078e-01 0.000000000e+00 0.000000000e+00 2.506265664e-13 2.506265664e-13
2.506265664e-13 2.506265664e-13 2.506265664e-13 0.000000000e+00 2.506265664e-03 2.506265664e-03
2.506265664e-13 2.506265664e-03 2.506265664e-13 2.506265664e-13 2.506265664e-13 2.506265664e-13
2.506265664e-13 2.506265664e-13 2.506265664e-13 2.506265664e-13 2.506265664e-13 2.506265664e-13

2.506265664e-13 2.506265664e-13 2.506265664e-13 2.506265664e-13 2.506265664e-13 2.506265664e-13
2.506265664e-13 0.000000000e+00 2.506265664e-03 0.000000000e+00 2.506265664e-13 2.506265664e-13
2.506265664e-13 9.899749373e-01 0.000000000e+00 0.000000000e+00 2.506265664e-13 2.506265664e-13
2.506265664e-13 0.000000000e+00 2.506265664e-13 0.000000000e+00 2.506265664e-13 2.506265664e-03
2.506265664e-13 2.506265664e-03 2.506265664e-13 2.506265664e-13 0.000000000e+00 2.506265664e-03
2.506265664e-13 2.506265664e-13 2.506265664e-13 2.506265664e-13 2.506265664e-13 2.506265664e-13

2.506265664e-03 2.506265664e-03 2.506265664e-03 2.506265664e-03 2.506265664e-03 2.506265664e-03
2.506265664e-03 0.000000000e+00 1.503759399e-02 0.000000000e+00 2.506265664e-03 2.506265664e-03
7.994987469e-01 0.000000000e+00 0.000000000e+00 0.000000000e+00 2.255639098e-02 2.506265664e-03
2.506265664e-03 0.000000000e+00 2.506265664e-03 0.000000000e+00 2.506265664e-03 2.506265664e-02
2.506265664e-03 3.759398496e-02 2.506265664e-03 2.506265664e-03 0.000000000e+00 2.506265664e-03
2.506265664e-03 2.506265664e-03 1.002506266e-02 4.010025063e-02 2.506265664e-03 0.000000000e+00

2.506265664e-03 1.253132832e-02 2.506265664e-03 2.506265664e-03 2.506265664e-03 2.506265664e-03
2.506265664e-03 0.000000000e+00 2.506265664e-03 0.000000000e+00 2.506265664e-03 2.506265664e-03
0.000000000e+00 0.000000000e+00 0.000000000e+00 0.000000000e+00 2.506265664e-03 2.506265664e-03
2.506265664e-03 0.000000000e+00 2.506265664e-03 0.000000000e+00 5.413533835e-01 2.030075188e-01
2.506265664e-03 2.506265664e-03 0.000000000e+00 2.506265664e-03 0.000000000e+00 8.521303258e-02
2.506265664e-03 2.506265664e-03 5.012531329e-03 1.052631579e-01 2.506265664e-03 0.000000000e+00

5.012531329e-03 5.012531329e-03 2.506265664e-03 2.506265664e-03 2.506265664e-03 2.506265664e-03
1.503759399e-02 0.000000000e+00 0.000000000e+00 0.000000000e+00 2.631578947e-01 2.506265664e-03
0.000000000e+00 0.000000000e+00 0.000000000e+00 0.000000000e+00 2.506265664e-03 5.388471178e-01
2.506265664e-03 0.000000000e+00 2.506265664e-03 0.000000000e+00 0.000000000e+00 4.761904762e-02
2.506265664e-03 7.518796993e-03 0.000000000e+00 2.506265664e-03 0.000000000e+00 2.506265664e-03
2.506265664e-03 5.012531329e-03 5.012531329e-03 7.518796992e-02 2.506265664e-03 0.000000000e+00

2.506265664e-03 6.516290727e-02 2.506265664e-03 2.506265664e-03 2.506265664e-03 2.506265664e-03
0.000000000e+00 0.000000000e+00 0.000000000e+00 0.000000000e+00 5.012531329e-03 2.506265664e-03
0.000000000e+00 0.000000000e+00 0.000000000e+00 0.000000000e+00 0.000000000e+00 4.185463659e-01
1.503759399e-02 0.000000000e+00 2.506265664e-03 0.000000000e+00 0.000000000e+00 2.506265664e-02
2.506265664e-03 3.734335840e-01 0.000000000e+00 1.253132832e-02 0.000000000e+00 2.506265664e-03
2.506265664e-03 1.002506266e-02 1.253132832e-02 3.007518797e-02 7.518796993e-03 0.000000000e+00

2.506265664e-13 2.506265664e-03 2.506265664e-03 2.506265664e-13 2.506265664e-13 2.506265664e-13
0.000000000e+00 0.000000000e+00 0.000000000e+00 0.000000000e+00 2.506265664e-13 2.506265664e-13
0.000000000e+00 0.000000000e+00 0.000000000e+00 0.000000000e+00 0.000000000e+00 1.102756892e-01
2.506265664e-13 0.000000000e+00 0.000000000e+00 0.000000000e+00 0.000000000e+00 2.506265664e-13
0.000000000e+00 8.771929825e-01 0.000000000e+00 2.506265664e-13 0.000000000e+00 2.506265664e-03
2.506265664e-13 2.506265664e-03 2.506265664e-13 2.506265664e-03 2.506265664e-13 0.000000000e+00

