2.284420003e-16 7.223970343e-04 1.718159386e-03 7.223970343e-04 1.284623772e-02 2.284420003e-16
2.284420003e-16 2.284420003e-16 2.284420003e-16 7.223970343e-04 5.930954614e-02 1.718159386e-03
7.223970343e-04 2.284420003e-16 1.718159386e-03 8.126664053e-01 2.284420003e-16 7.494726261e-02
7.223970343e-04 2.284420003e-16 2.284420003e-16 4.086494733e-03 2.132504853e-02 7.223970343e-04
2.284420003e-16 2.284420003e-16 2.284420003e-16 2.284420003e-16 2.284420003e-16 7.223970343e-04
2.284420003e-16 7.223970343e-04 1.718159386e-03 7.223970343e-04 7.223970343e-04 7.223970343e-04

2.087996118e-16 2.087996118e-16 2.087996118e-16 6.602823478e-04 6.602823478e-04 2.087996118e-16
2.087996118e-16 2.087996118e-16 2.087996118e-16 6.602823478e-04 6.602823478e-04 6.602823478e-04
6.602823478e-04 6.602823478e-04 1.474708707e-02 9.216626568e-01 0.000000000e+00 7.517998537e-03
1.570424932e-03 2.087996118e-16 2.087996118e-16 0.000000000e+00 1.174166504e-02 2.087996118e-16
2.087996118e-16 2.087996118e-16 2.279244096e-02 7.517998537e-03 1.570424932e-03 2.087996118e-16
2.087996118e-16 2.087996118e-16 4.936762020e-03 6.602823478e-04 6.602823478e-04 2.087996118e-16

7.908469057e-04 5.093777361e-02 7.908469057e-04 7.908469057e-04 4.473705679e-03 7.908469057e-04
7.908469057e-04 1.880961534e-03 7.426453783e-03 1.584284875e-02 1.880961534e-03 3.122439182e-03
7.908469057e-04 2.729942951e-02 0.000000000e+00 7.743969098e-01 0.000000000e+00 4.473705679e-03
4.473705679e-03 7.908469057e-04 0.000000000e+00 0.000000000e+00 3.122439182e-03 7.908469057e-04
7.908469057e-04 1.880961534e-03 1.952187871e-02 1.880961534e-03 1.880961534e-03 7.908469057e-04
7.908469057e-04 7.908469057e-04 6.255108460e-02 7.908469057e-04 1.880961534e-03 7.908469057e-04

5.387183270e-03 1.084324601e-02 9.523284555e-04 5.387183270e-03 7.120315975e-03 5.387183270e-03
7.120315975e-03 0.000000000e+00 2.126979571e-02 0.000000000e+00 5.387183270e-03 5.387183270e-03
5.387183270e-03 1.491524291e-01 0.000000000e+00 5.040898412e-01 0.000000000e+00 7.120315975e-03
1.203201343e-01 9.523284555e-04 0.000000000e+00 0.000000000e+00 5.387183270e-03 5.387183270e-03
5.387183270e-03 6.686338043e-02 7.120315975e-03 5.387183270e-03 3.760004196e-03 5.387183270e-03
5.387183270e-03 5.387183270e-03 5.387183270e-03 7.120315975e-03 5.387183270e-03 5.387183270e-03

0.000000000e+00 0.000000000e+00 0.000000000e+00 0.000000000e+00 0.000000000e+00 0.000000000e+00
0.000000000e+00 0.000000000e+00 0.000000000e+00 0.000000000e+00 0.000000000e+00 0.000000000e+00
0.000000000e+00 0.000000000e+00 0.000000000e+00 0.000000000e+00 0.000000000e+00 0.000000000e+00
0.000000000e+00 0.000000000e+00 0.000000000e+00 0.000000000e+00 0.000000000e+00 0.000000000e+00
0.000000000e+00 0.000000000e+00 0.000000000e+00 0.000000000e+00 0.000000000e+00 0.000000000e+00
0.000000000e+00 0.000000000e+00 0.000000000e+00 0.000000000e+00 0.000000000e+00 0.000000000e+00

