3.615614073e-03 2.178050747e-03 9.157575329e-04 3.615614073e-03 9.157575329e-04 2.178050747e-03
1.042684817e-02 2.895879588e-16 9.157575329e-04 9.157575329e-04 2.895879588e-16 9.157575329e-04
1.232091563e-02 2.178050747e-03 1.690138114e-01 2.259684545e-01 2.178050747e-03 9.157575329e-04
3.615614073e-03 5.898316040e-02 2.895879588e-16 0.000000000e+00 2.895879588e-16 9.157575329e-04
9.157575329e-04 9.157575329e-04 2.751816948e-01 2.088785799e-01 9.157575329e-04 9.157575329e-04
9.157575329e-04 2.895879588e-16 6.846884553e-03 9.157575329e-04 9.157575329e-04 2.895879588e-16

1.026148642e-03 1.026148642e-03 1.026148642e-03 4.051462683e-03 1.026148642e-03 1.380615543e-02
1.824779002e-02 1.026148642e-03 1.026148642e-03 1.026148642e-03 1.026148642e-03 2.055659271e-02
1.026148642e-03 5.168566040e-02 6.609335744e-02 9.636056498e-03 1.026148642e-03 4.051462683e-03
1.168376531e-02 4.340080344e-02 0.000000000e+00 0.000000000e+00 1.026148642e-03 1.026148642e-03
1.824779002e-02 1.893877875e-01 0.000000000e+00 3.164046587e-01 7.672250606e-03 5.804773306e-03
1.824779002e-02 1.026148642e-03 1.467422290e-01 3.283675654e-02 4.051462683e-03 4.051462683e-03

8.916093168e-04 8.916093168e-04 8.916093168e-04 8.916093168e-04 4.008193841e-02 7.320205012e-02
8.916093168e-04 8.916093168e-04 8.916093168e-04 6.666334526e-03 3.520271555e-03 2.819516224e-16
8.916093168e-04 8.916093168e-04 5.234693799e-02 8.916093168e-04 0.000000000e+00 6.248155841e-01
8.916093168e-04 2.853149814e-02 0.000000000e+00 0.000000000e+00 8.916093168e-04 1.786139827e-02
6.666334526e-03 4.248180381e-02 0.000000000e+00 2.632016889e-02 8.916093168e-04 8.916093168e-04
2.200917625e-02 0.000000000e+00 3.771048279e-02 3.520271555e-03 8.916093168e-04 8.916093168e-04

2.369537846e-03 9.962679404e-04 2.369537846e-03 5.292248240e-02 1.458372125e-01 1.553028021e-02
9.962679404e-04 9.962679404e-04 3.933487039e-03 9.962679404e-04 1.391170419e-01 0.000000000e+00
9.962679404e-04 9.962679404e-04 1.526199085e-01 0.000000000e+00 0.000000000e+00 3.229433676e-01
9.962679404e-04 2.940967524e-02 0.000000000e+00 0.000000000e+00 7.448840251e-03 5.635742532e-03
1.995799969e-02 2.225116287e-02 0.000000000e+00 3.952011104e-02 5.635742532e-03 9.962679404e-04
7.448840251e-03 0.000000000e+00 1.134354257e-02 2.369537846e-03 9.962679404e-04 2.369537846e-03

0.000000000e+00 0.000000000e+00 0.000000000e+00 0.000000000e+00 0.000000000e+00 0.000000000e+00
0.000000000e+00 0.000000000e+00 0.000000000e+00 0.000000000e+00 0.000000000e+00 0.000000000e+00
0.000000000e+00 0.000000000e+00 0.000000000e+00 0.000000000e+00 0.000000000e+00 0.000000000e+00
0.000000000e+00 0.000000000e+00 0.000000000e+00 0.000000000e+00 0.000000000e+00 0.000000000e+00
0.000000000e+00 0.000000000e+00 0.000000000e+00 0.000000000e+00 0.000000000e+00 0.000000000e+00
0.000000000e+00 0.000000000e+00 0.000000000e+00 0.000000000e+00 0.000000000e+00 0.000000000e+00

