2.940021151e-16 2.211250527e-03 1.862478685e-02 2.940021151e-16 2.211250527e-03 2.940021151e-16
6.951250835e-03 2.975092226e-02 9.061106054e-02 5.722096267e-02 2.940021151e-16 2.940021151e-16
2.940021151e-16 0.000000000e+00 2.940021151e-16 2.434857330e-01 2.940021151e-16 3.670726467e-03
2.940021151e-16 1.392527616e-01 2.399518551e-01 1.584939717e-01 2.940021151e-16 2.940021151e-16
2.940021151e-16 2.940021151e-16 9.297163207e-04 2.940021151e-16 2.940021151e-16 2.940021151e-16
2.940021151e-16 2.211250527e-03 2.940021151e-16 2.211250527e-03 2.211250527e-03 2.940021151e-16

3.384758319e-03 8.572867194e-04 2.038982933e-03 9.761097390e-03 8.572867194e-04 8.572867194e-04
1.717382180e-02 0.000000000e+00 6.019046026e-02 8.572867194e-04 8.572867194e-04 8.572867194e-04
8.572867194e-04 0.000000000e+00 0.000000000e+00 2.116193062e-02 2.321593293e-02 8.572867194e-04
9.761097390e-03 2.038982933e-03 7.098936392e-01 6.019046026e-02 2.038982933e-03 3.384758319e-03
3.384758319e-03 6.409713254e-03 2.321593293e-02 9.761097390e-03 2.038982933e-03 8.572867194e-04
8.572867194e-04 8.050357351e-03 2.038982933e-03 8.050357351e-03 3.384758319e-03 8.572867194e-04

5.019368870e-03 5.931483937e-01 2.110384645e-03 8.873074413e-04 6.634170504e-03 5.019368870e-03
8.873074413e-04 0.000000000e+00 0.000000000e+00 1.577880553e-02 8.873074413e-04 3.503286795e-03
1.577880553e-02 0.000000000e+00 0.000000000e+00 1.981758279e-02 5.019368870e-03 3.503286795e-03
5.019368870e-03 0.000000000e+00 2.222909281e-01 2.402891539e-02 5.019368870e-03 5.019368870e-03
3.503286795e-03 5.019368870e-03 6.634170504e-03 5.019368870e-03 3.503286795e-03 5.019368870e-03
3.503286795e-03 6.634170504e-03 3.503286795e-03 6.634170504e-03 6.634170504e-03 5.019368870e-03

