2.506265664e-03 2.506265664e-03 2.506265664e-03 2.506265664e-03 2.506265664e-03 2.506265664e-03
2.506265664e-03 2.506265664e-03 1.002506266e-01 1.253132832e-01 2.506265664e-03 2.506265664e-03
2.506265664e-03 2.431077694e-01 0.000000000e+00 3.132832080e-01 2.506265664e-03 2.506265664e-03
2.506265664e-03 4.761904762e-02 5.012531329e-03 8.771929825e-02 1.002506266e-02 2.506265664e-03
2.506265664e-03 2.506265664e-03 2.506265664e-03 2.506265664e-03 2.506265664e-03 2.506265664e-03
2.506265664e-03 2.506265664e-03 2.506265664e-03 2.506265664e-03 2.506265664e-03 2.506265664e-03

2.506265664e-13 1.002506266e-02 2.506265664e-13 2.506265664e-13 2.506265664e-13 2.506265664e-13
2.506265664e-13 0.000000000e+00 0.000000000e+00 2.506265664e-13 2.506265664e-13 2.506265664e-13
2.506265664e-13 2.506265664e-13 0.000000000e+00 2.506265664e-13 2.506265664e-13 2.506265664e-13
2.506265664e-13 8.496240601e-01 1.403508772e-01 2.506265664e-13 2.506265664e-13 2.506265664e-13
2.506265664e-13 2.506265664e-13 2.506265664e-13 2.506265664e-13 2.506265664e-13 2.506265664e-13
2.506265664e-13 2.506265664e-13 2.506265664e-13 2.506265664e-13 2.506265664e-13 2.506265664e-13

2.506265664e-03 9.774436090e-02 5.012531329e-03 2.506265664e-03 2.506265664e-03 2.506265664e-03
2.506265664e-03 0.000000000e+00 0.000000000e+00 2.506265664e-03 2.506265664e-03 2.506265664e-03
2.506265664e-03 0.000000000e+00 0.000000000e+00 2.506265664e-03 2.506265664e-03 2.506265664e-03
2.506265664e-03 8.145363408e-01 0.000000000e+00 2.506265664e-03 1.002506266e-02 2.506265664e-03
2.506265664e-03 2.506265664e-03 7.518796993e-03 2.506265664e-03 2.506265664e-03 2.506265664e-03
2.506265664e-03 2.506265664e-03 2.506265664e-03 2.506265664e-03 2.506265664e-03 2.506265664e-03

2.255639098e-02 2.506265664e-03 1.503759399e-02 2.506265664e-03 7.518796993e-03 2.506265664e-03
3.258145363e-02 0.000000000e+00 0.000000000e+00 8.521303258e-02 9.523809524e-02 2.506265664e-03
2.506265664e-03 0.000000000e+00 0.000000000e+00 0.000000000e+00 5.012531329e-03 9.022556391e-02
1.553884712e-01 0.000000000e+00 0.000000000e+00 2.756892231e-02 2.180451128e-01 1.503759399e-02
3.508771930e-02 5.012531329e-03 4.761904762e-02 1.503759399e-02 2.506265664e-03 2.506265664e-03
3.508771930e-02 2.506265664e-03 1.503759399e-02 4.761904762e-02 2.506265664e-03 7.518796993e-03

