2.506265664e-13 2.506265664e-13 2.506265664e-13 2.506265664e-13 2.506265664e-13 2.506265664e-13
2.506265664e-13 2.506265664e-13 2.506265664e-03 7.518796993e-03 2.506265664e-13 2.506265664e-13
2.506265664e-13 2.506265664e-13 0.000000000e+00 2.506265664e-03 2.932330827e-01 2.506265664e-13
2.506265664e-13 2.506265664e-13 2.506265664e-03 7.518796993e-03 9.774436090e-02 2.506265664e-13
2.506265664e-13 2.506265664e-13 5.588972431e-01 2.506265664e-02 2.506265664e-13 2.506265664e-13
2.506265664e-13 2.506265664e-13 2.506265664e-13 2.506265664e-13 2.506265664e-03 2.506265664e-13

5.012531329e-03 1.754385965e-02 7.518796993e-03 7.518796993e-03 7.518796993e-03 7.518796993e-03
5.012531329e-03 2.506265664e-03 6.265664160e-02 2.506265664e-03 2.506265664e-03 2.506265664e-03
5.012531329e-03 2.506265664e-03 0.000000000e+00 0.000000000e+00 1.378446115e-01 7.518796993e-03
2.506265664e-03 1.027568922e-01 4.260651629e-02 5.012531329e-03 1.503759399e-02 2.506265664e-03
2.506265664e-03 1.228070175e-01 1.428571429e-01 2.230576441e-01 0.000000000e+00 1.002506266e-02
5.012531329e-03 1.002506266e-02 2.506265664e-03 2.506265664e-03 2.005012531e-02 5.012531329e-03

5.012531329e-03 5.012531329e-03 7.518796993e-03 1.253132832e-02 7.518796993e-03 7.518796993e-03
5.012531329e-03 1.253132832e-02 7.268170426e-02 2.506265664e-03 2.506265664e-03 8.771929825e-02
7.518796993e-03 0.000000000e+00 0.000000000e+00 0.000000000e+00 0.000000000e+00 2.506265664e-03
7.518796993e-03 5.513784461e-02 8.771929825e-02 5.012531329e-03 3.508771930e-02 3.258145363e-02
2.506265664e-03 4.761904762e-02 1.102756892e-01 2.807017544e-01 0.000000000e+00 7.518796993e-03
5.012531329e-03 7.518796993e-03 5.012531329e-03 1.002506266e-02 4.761904762e-02 1.503759399e-02

3.500000000e-02 3.500000000e-02 3.500000000e-02 3.500000000e-02 3.500000000e-02 3.500000000e-02
3.500000000e-02 3.500000000e-02 3.500000000e-02 3.500000000e-02 3.500000000e-02 3.500000000e-02
3.500000000e-02 0.000000000e+00 0.000000000e+00 0.000000000e+00 0.000000000e+00 0.000000000e+00
3.500000000e-02 3.500000000e-02 3.500000000e-02 0.000000000e+00 3.500000000e-02 3.500000000e-02
3.500000000e-02 3.500000000e-02 3.250000000e-02 3.500000000e-02 0.000000000e+00 3.500000000e-02
3.500000000e-02 3.250000000e-02 3.250000000e-02 3.250000000e-02 3.250000000e-02 3.250000000e-02

3.750000000e-02 3.750000000e-02 3.750000000e-02 3.750000000e-02 3.750000000e-02 3.750000000e-02
3.750000000e-02 3.750000000e-02 3.750000000e-02 3.500000000e-02 3.750000000e-02 3.750000000e-02
3.750000000e-02 0.000000000e+00 0.000000000e+00 0.000000000e+00 0.000000000e+00 0.000000000e+00
3.750000000e-02 3.750000000e-02 3.750000000e-02 0.000000000e+00 3.750000000e-02 3.750000000e-02
3.750000000e-02 3.750000000e-02 0.000000000e+00 0.000000000e+00 0.000000000e+00 3.750000000e-02
3.750000000e-02 3.750000000e-02 3.500000000e-02 3.500000000e-02 3.500000000e-02 3.500000000e-02

