2.213161600e-16 2.213161600e-16 2.213161600e-16 2.213161600e-16 2.213161600e-16 2.213161600e-16
2.213161600e-16 2.213161600e-16 0.000000000e+00 2.213161600e-16 6.998631487e-04 2.213161600e-16
2.213161600e-16 2.213161600e-16 4.839663144e-01 4.872035430e-01 2.213161600e-16 2.213161600e-16
2.213161600e-16 2.213161600e-16 1.402019270e-02 1.244552227e-02 1.664564472e-03 2.213161600e-16
2.213161600e-16 2.213161600e-16 2.213161600e-16 2.213161600e-16 2.213161600e-16 2.213161600e-16
2.213161600e-16 2.213161600e-16 2.213161600e-16 2.213161600e-16 2.213161600e-16 2.213161600e-16

1.977242914e-16 1.977242914e-16 1.977242914e-16 6.252591096e-04 1.977242914e-16 1.977242914e-16
1.977242914e-16 1.977242914e-16 0.000000000e+00 0.000000000e+00 1.977242914e-16 1.977242914e-16
1.977242914e-16 1.977242914e-16 0.000000000e+00 1.977242914e-16 1.977242914e-16 1.977242914e-16
1.977242914e-16 1.977242914e-16 1.265996712e-01 8.727750697e-01 1.977242914e-16 1.977242914e-16
1.977242914e-16 1.977242914e-16 1.977242914e-16 1.977242914e-16 1.977242914e-16 1.977242914e-16
1.977242914e-16 1.977242914e-16 1.977242914e-16 1.977242914e-16 1.977242914e-16 1.977242914e-16

2.651012101e-16 2.651012101e-16 2.651012101e-16 2.453700363e-01 2.651012101e-16 2.651012101e-16
2.651012101e-16 2.651012101e-16 0.000000000e+00 0.000000000e+00 1.370808298e-01 2.651012101e-16
2.651012101e-16 0.000000000e+00 0.000000000e+00 0.000000000e+00 2.651012101e-16 2.651012101e-16
1.788814412e-01 2.651012101e-16 2.651012101e-16 2.851307404e-01 2.651012101e-16 2.651012101e-16
2.651012101e-16 1.487946777e-01 2.651012101e-16 4.742274614e-03 2.651012101e-16 2.651012101e-16
2.651012101e-16 2.651012101e-16 2.651012101e-16 2.651012101e-16 2.651012101e-16 2.651012101e-16

1.924112313e-16 1.924112313e-16 1.924112313e-16 7.888156508e-02 1.924112313e-16 1.924112313e-16
1.924112313e-16 0.000000000e+00 0.000000000e+00 0.000000000e+00 1.924112313e-16 1.924112313e-16
1.924112313e-16 0.000000000e+00 0.000000000e+00 0.000000000e+00 1.924112313e-16 1.924112313e-16
1.924112313e-16 1.924112313e-16 0.000000000e+00 1.924112313e-16 1.924112313e-16 1.924112313e-16
1.924112313e-16 1.924112313e-16 1.924112313e-16 9.211184349e-01 1.924112313e-16 1.924112313e-16
1.924112313e-16 1.924112313e-16 1.924112313e-16 1.924112313e-16 1.924112313e-16 1.924112313e-16

