3.013108869e-16 3.013108869e-16 9.528286866e-04 9.528286866e-04 3.013108869e-16 3.013108869e-16
1.235264396e-01 3.013108869e-16 3.013108869e-16 3.013108869e-16 3.013108869e-16 5.390013004e-03
2.352036268e-02 3.013108869e-16 1.084894166e-02 9.528286866e-04 9.528286866e-04 2.266221307e-03
1.084894166e-02 2.266221307e-03 2.788846691e-01 0.000000000e+00 1.694395634e-02 1.694395634e-02
9.528286866e-04 9.528286866e-04 4.799263761e-02 3.013108869e-16 6.412277683e-02 3.761979219e-03
3.013108869e-16 9.528286866e-04 9.528286866e-04 2.678036946e-01 1.172565593e-01 3.013108869e-16

2.015486410e-03 3.345753554e-03 3.345753554e-03 3.345753554e-03 6.335849973e-03 3.345753554e-03
2.015486410e-03 3.345753554e-03 8.474076488e-04 3.345753554e-03 9.648613937e-03 7.957587864e-03
4.793661559e-03 8.474076488e-04 2.294840069e-02 2.501534250e-02 8.474076488e-04 1.901557096e-01
3.345753554e-03 3.345753554e-03 6.573318955e-01 0.000000000e+00 9.648613937e-03 2.015486410e-03
3.345753554e-03 8.474076488e-04 0.000000000e+00 0.000000000e+00 3.345753554e-03 2.015486410e-03
2.015486410e-03 8.474076488e-04 8.474076488e-04 7.957587864e-03 4.793661559e-03 4.793661559e-03

7.611699722e-04 7.611699722e-04 7.611699722e-04 1.810377493e-03 3.005268059e-03 7.611699722e-04
7.611699722e-04 7.611699722e-04 7.611699722e-04 7.611699722e-04 7.611699722e-04 1.810377493e-03
8.666708653e-03 1.186546558e-02 7.832457579e-01 1.088495115e-01 0.000000000e+00 3.019420841e-02
7.611699722e-04 7.611699722e-04 0.000000000e+00 0.000000000e+00 1.878931025e-02 7.611699722e-04
7.611699722e-04 1.810377493e-03 0.000000000e+00 0.000000000e+00 7.611699722e-04 7.611699722e-04
7.611699722e-04 3.005268059e-03 1.024104162e-02 3.005268059e-03 7.611699722e-04 7.611699722e-04

0.000000000e+00 0.000000000e+00 0.000000000e+00 0.000000000e+00 0.000000000e+00 0.000000000e+00
0.000000000e+00 0.000000000e+00 0.000000000e+00 0.000000000e+00 0.000000000e+00 0.000000000e+00
0.000000000e+00 0.000000000e+00 0.000000000e+00 0.000000000e+00 0.000000000e+00 0.000000000e+00
0.000000000e+00 0.000000000e+00 0.000000000e+00 0.000000000e+00 0.000000000e+00 0.000000000e+00
0.000000000e+00 0.000000000e+00 0.000000000e+00 0.000000000e+00 0.000000000e+00 0.000000000e+00
0.000000000e+00 0.000000000e+00 0.000000000e+00 0.000000000e+00 0.000000000e+00 0.000000000e+00

