2.764169529e-16 2.764169529e-16 2.764169529e-16 2.764169529e-16 2.764169529e-16 2.764169529e-16
2.764169529e-16 2.764169529e-16 1.801513874e-01 8.208309777e-03 2.764169529e-16 2.764169529e-16
2.764169529e-16 2.764169529e-16 2.580350779e-02 2.937996668e-01 1.191317154e-01 2.764169529e-16
2.764169529e-16 2.764169529e-16 1.644351257e-01 1.554406756e-02 1.929262196e-01 2.764169529e-16
2.764169529e-16 2.764169529e-16 2.764169529e-16 2.764169529e-16 2.764169529e-16 2.764169529e-16
2.764169529e-16 2.764169529e-16 2.764169529e-16 2.764169529e-16 2.764169529e-16 2.764169529e-16

2.282664552e-16 2.282664552e-16 2.282664552e-16 2.282664552e-16 2.282664552e-16 1.808380062e-01
2.282664552e-16 2.282664552e-16 2.282664552e-16 2.282664552e-16 0.000000000e+00 2.282664552e-16
2.282664552e-16 2.282664552e-16 9.711908418e-03 2.282664552e-16 2.849992145e-03 2.282664552e-16
2.282664552e-16 2.282664552e-16 6.571083652e-01 0.000000000e+00 1.487698861e-01 2.282664552e-16
2.282664552e-16 7.218419120e-04 2.282664552e-16 2.282664552e-16 2.282664552e-16 2.282664552e-16
2.282664552e-16 2.282664552e-16 2.282664552e-16 2.282664552e-16 2.282664552e-16 2.282664552e-16

2.089813488e-16 2.089813488e-16 2.089813488e-16 2.089813488e-16 2.089813488e-16 2.089813488e-16
2.089813488e-16 6.608570507e-04 3.325198153e-01 2.089813488e-16 0.000000000e+00 2.089813488e-16
2.089813488e-16 2.089813488e-16 2.089813488e-16 0.000000000e+00 2.089813488e-16 2.089813488e-16
2.089813488e-16 2.089813488e-16 6.668193276e-01 0.000000000e+00 0.000000000e+00 2.089813488e-16
2.089813488e-16 2.089813488e-16 2.089813488e-16 2.089813488e-16 2.089813488e-16 2.089813488e-16
2.089813488e-16 2.089813488e-16 2.089813488e-16 2.089813488e-16 2.089813488e-16 2.089813488e-16

2.103380329e-16 2.103380329e-16 2.103380329e-16 2.103380329e-16 2.103380329e-16 2.103380329e-16
2.626149081e-03 1.180574762e-01 2.103380329e-16 0.000000000e+00 0.000000000e+00 3.718286236e-02
2.103380329e-16 2.103380329e-16 2.103380329e-16 0.000000000e+00 2.103380329e-16 2.103380329e-16
2.103380329e-16 2.103380329e-16 8.373875252e-01 0.000000000e+00 0.000000000e+00 2.103380329e-16
2.103380329e-16 1.581995715e-03 2.103380329e-16 0.000000000e+00 2.103380329e-16 2.103380329e-16
2.103380329e-16 2.103380329e-16 1.581995715e-03 1.581995715e-03 2.103380329e-16 2.103380329e-16

