8.578343124e-04 2.040285335e-03 2.040285335e-03 1.337231352e-02 3.195468036e-01 8.578343124e-04
8.578343124e-04 8.578343124e-04 2.040285335e-03 1.169138962e-01 2.712710282e-16 1.140554176e-01
8.578343124e-04 8.578343124e-04 8.578343124e-04 8.578343124e-04 3.947486233e-01 8.055499527e-03
8.578343124e-04 2.712710282e-16 8.578343124e-04 4.852643675e-03 8.578343124e-04 4.852643675e-03
8.578343124e-04 2.712710282e-16 2.712710282e-16 2.712710282e-16 8.578343124e-04 2.040285335e-03
8.578343124e-04 8.578343124e-04 8.578343124e-04 8.578343124e-04 8.578343124e-04 2.712710282e-16

2.168564658e-16 2.168564658e-16 2.168564658e-16 1.068994603e-02 2.168564658e-16 2.168564658e-16
2.168564658e-16 2.168564658e-16 2.168564658e-16 4.024641358e-01 0.000000000e+00 2.168564658e-16
2.168564658e-16 2.168564658e-16 2.168564658e-16 2.168564658e-16 5.810329033e-01 5.127254573e-03
2.168564658e-16 2.168564658e-16 2.168564658e-16 0.000000000e+00 6.857603575e-04 2.168564658e-16
2.168564658e-16 2.168564658e-16 2.168564658e-16 2.168564658e-16 2.168564658e-16 2.168564658e-16
2.168564658e-16 2.168564658e-16 2.168564658e-16 2.168564658e-16 2.168564658e-16 2.168564658e-16

2.223818967e-16 2.223818967e-16 2.223818967e-16 4.960682496e-01 2.223818967e-16 2.223818967e-16
2.223818967e-16 2.223818967e-16 4.476071249e-01 2.223818967e-16 0.000000000e+00 2.223818967e-16
2.223818967e-16 2.223818967e-16 7.032333042e-04 0.000000000e+00 5.562139219e-02 2.223818967e-16
2.223818967e-16 2.223818967e-16 2.223818967e-16 0.000000000e+00 0.000000000e+00 2.223818967e-16
2.223818967e-16 2.223818967e-16 2.223818967e-16 2.223818967e-16 2.223818967e-16 2.223818967e-16
2.223818967e-16 2.223818967e-16 2.223818967e-16 2.223818967e-16 2.223818967e-16 2.223818967e-16

1.773306804e-16 1.773306804e-16 1.773306804e-16 1.000000000e+00 1.773306804e-16 1.773306804e-16
1.773306804e-16 1.773306804e-16 1.773306804e-16 0.000000000e+00 0.000000000e+00 1.773306804e-16
1.773306804e-16 1.773306804e-16 1.773306804e-16 0.000000000e+00 1.773306804e-16 1.773306804e-16
1.773306804e-16 1.773306804e-16 1.773306804e-16 0.000000000e+00 0.000000000e+00 1.773306804e-16
1.773306804e-16 1.773306804e-16 1.773306804e-16 0.000000000e+00 1.773306804e-16 1.773306804e-16
1.773306804e-16 1.773306804e-16 1.773306804e-16 1.773306804e-16 1.773306804e-16 1.773306804e-16

