2.298979652e-16 2.298979652e-16 2.298979652e-16 2.298979652e-16 2.298979652e-16 2.298979652e-16
2.298979652e-16 2.298979652e-16 1.163643959e-01 2.298979652e-16 2.298979652e-16 2.298979652e-16
2.298979652e-16 1.729109998e-03 1.729109998e-03 2.298979652e-16 7.270011994e-04 2.298979652e-16
2.298979652e-16 2.298979652e-16 4.331818357e-01 0.000000000e+00 4.462685472e-01 2.298979652e-16
2.298979652e-16 2.298979652e-16 2.298979652e-16 2.298979652e-16 2.298979652e-16 2.298979652e-16
2.298979652e-16 2.298979652e-16 2.298979652e-16 2.298979652e-16 2.298979652e-16 2.298979652e-16

6.627081527e-04 2.095667186e-16 2.095667186e-16 6.223165864e-03 6.627081527e-04 2.095667186e-16
2.095667186e-16 8.591468721e-02 8.864339706e-01 2.095667186e-16 2.616518933e-03 6.627081527e-04
6.627081527e-04 2.095667186e-16 0.000000000e+00 0.000000000e+00 6.627081527e-04 2.095667186e-16
2.095667186e-16 6.627081527e-04 6.627081527e-04 0.000000000e+00 7.545618838e-03 6.627081527e-04
6.627081527e-04 6.627081527e-04 6.627081527e-04 6.627081527e-04 6.627081527e-04 2.095667186e-16
6.627081527e-04 6.627081527e-04 2.095667186e-16 6.627081527e-04 2.095667186e-16 6.627081527e-04

2.864496428e-03 2.294281571e-16 2.294281571e-16 4.104135641e-03 7.255155358e-04 2.294281571e-16
2.294281571e-16 0.000000000e+00 5.938324600e-01 0.000000000e+00 3.682033930e-01 4.104135641e-03
7.255155358e-04 2.294281571e-16 0.000000000e+00 0.000000000e+00 7.255155358e-04 2.294281571e-16
2.294281571e-16 7.255155358e-04 7.255155358e-04 0.000000000e+00 5.424493860e-03 2.294281571e-16
7.255155358e-04 7.255155358e-04 7.255155358e-04 7.255155358e-04 1.130966793e-02 2.294281571e-16
2.294281571e-16 7.255155358e-04 7.255155358e-04 7.255155358e-04 7.255155358e-04 7.255155358e-04

