2.506265664e-13 2.506265664e-13 2.506265664e-13 2.506265664e-13 2.506265664e-13 2.506265664e-13
2.506265664e-13 0.000000000e+00 2.506265664e-13 5.012531329e-03 2.506265664e-13 2.506265664e-13
2.506265664e-13 4.010025063e-02 7.167919799e-01 1.779448622e-01 2.506265664e-13 2.506265664e-13
2.506265664e-13 2.506265664e-13 2.005012531e-02 4.010025063e-02 2.506265664e-13 2.506265664e-13
2.506265664e-13 2.506265664e-13 2.506265664e-13 2.506265664e-13 2.506265664e-13 2.506265664e-13
2.506265664e-13 2.506265664e-13 2.506265664e-13 2.506265664e-13 2.506265664e-13 2.506265664e-13

2.506265664e-03 2.506265664e-03 2.506265664e-03 5.012531329e-03 2.506265664e-03 2.506265664e-03
3.007518797e-02 0.000000000e+00 0.000000000e+00 2.506265664e-03 7.518796993e-03 2.506265664e-03
2.506265664e-03 0.000000000e+00 5.012531329e-03 7.142857143e-01 4.511278195e-02 2.506265664e-03
2.506265664e-03 2.506265664e-03 6.516290727e-02 2.506265664e-03 2.506265664e-03 2.506265664e-03
1.002506266e-02 7.518796993e-03 3.508771930e-02 7.518796993e-03 2.506265664e-03 2.506265664e-03
1.002506266e-02 2.506265664e-03 2.506265664e-03 2.506265664e-03 7.518796993e-03 2.506265664e-03

2.506265664e-03 0.000000000e+00 2.506265664e-03 2.506265664e-03 2.506265664e-03 2.506265664e-03
2.506265664e-03 0.000000000e+00 0.000000000e+00 2.506265664e-03 2.506265664e-03 2.506265664e-03
2.506265664e-03 0.000000000e+00 0.000000000e+00 9.172932331e-01 2.506265664e-03 2.506265664e-03
2.506265664e-03 2.506265664e-03 2.506265664e-03 2.506265664e-03 1.002506266e-02 2.506265664e-03
2.506265664e-03 2.506265664e-03 2.506265664e-03 2.506265664e-03 2.506265664e-03 2.506265664e-03
2.506265664e-03 2.506265664e-03 2.506265664e-03 2.506265664e-03 2.506265664e-03 2.506265664e-03

2.506265664e-03 0.000000000e+00 2.506265664e-13 8.496240601e-01 2.506265664e-13 2.506265664e-13
2.506265664e-03 0.000000000e+00 0.000000000e+00 0.000000000e+00 2.506265664e-13 2.506265664e-13
2.506265664e-13 0.000000000e+00 0.000000000e+00 2.756892231e-02 2.506265664e-03 0.000000000e+00
2.506265664e-13 9.774436090e-02 2.506265664e-03 2.506265664e-13 1.002506266e-02 2.506265664e-13
2.506265664e-03 2.506265664e-13 2.506265664e-13 2.506265664e-03 2.506265664e-13 2.506265664e-13
2.506265664e-13 2.506265664e-13 2.506265664e-13 2.506265664e-13 2.506265664e-13 2.506265664e-13

