2.928896217e-16 2.928896217e-16 5.239368833e-03 5.239368833e-03 2.928896217e-16 5.239368833e-03
2.928896217e-16 2.202883235e-03 1.942538360e-01 1.443800274e-02 9.261983078e-04 2.202883235e-03
2.250661888e-01 1.139793840e-01 2.928896217e-16 0.000000000e+00 9.261983078e-04 2.202883235e-03
2.928896217e-16 2.202883235e-03 2.250661888e-01 1.676598027e-01 2.202883235e-03 2.928896217e-16
2.928896217e-16 2.928896217e-16 2.928896217e-16 2.928896217e-16 2.928896217e-16 2.928896217e-16
2.928896217e-16 2.202883235e-03 2.202883235e-03 2.068619150e-02 3.656836571e-03 2.202883235e-03

3.415950359e-02 2.635061544e-02 1.002422106e-02 2.890823771e-02 3.375682347e-16 7.981308135e-03
3.375682347e-16 3.375682347e-16 1.598876555e-01 1.002422106e-02 3.375682347e-16 3.375682347e-16
1.898285684e-02 1.708624245e-01 0.000000000e+00 0.000000000e+00 1.419299592e-01 6.038604158e-03
3.375682347e-16 3.957785052e-02 0.000000000e+00 3.375682347e-16 2.890823771e-02 3.375682347e-16
5.967419696e-02 3.375682347e-16 3.684874696e-02 1.419299592e-01 3.375682347e-16 3.375682347e-16
3.684874696e-02 2.890823771e-02 3.375682347e-16 1.215441673e-02 3.375682347e-16 3.375682347e-16

5.747792650e-03 9.541467307e-03 1.016075790e-03 2.751605369e-02 3.251442528e-02 1.156907545e-02
2.416649118e-03 9.541467307e-03 7.432385388e-02 2.020633119e-01 1.016075790e-03 6.253610221e-02
2.035480565e-02 1.118823740e-01 0.000000000e+00 0.000000000e+00 3.334054037e-01 1.016075790e-03
4.011692827e-03 2.508160326e-02 0.000000000e+00 0.000000000e+00 4.011692827e-03 1.016075790e-03
1.016075790e-03 0.000000000e+00 9.541467307e-03 1.367063183e-02 1.016075790e-03 2.508160326e-02
4.011692827e-03 1.016075790e-03 1.016075790e-03 1.016075790e-03 1.016075790e-03 1.016075790e-03

