2.556826973e-16 5.929545808e-01 1.578837671e-01 8.085396820e-04 8.085396820e-04 2.556826973e-16
9.423602995e-02 2.556826973e-16 4.072500388e-02 2.556826973e-16 2.556826973e-16 1.923042285e-03
7.592597931e-03 8.903010975e-02 4.573791136e-03 2.556826973e-16 2.556826973e-16 2.556826973e-16
2.556826973e-16 2.556826973e-16 2.556826973e-16 0.000000000e+00 2.556826973e-16 8.085396820e-04
8.085396820e-04 2.556826973e-16 2.556826973e-16 2.556826973e-16 1.923042285e-03 8.085396820e-04
2.556826973e-16 2.556826973e-16 1.923042285e-03 2.556826973e-16 3.192294192e-03 2.556826973e-16

7.756456303e-04 3.076843106e-02 7.756456303e-04 2.452806849e-16 3.062421172e-03 2.452806849e-16
7.756456303e-04 0.000000000e+00 5.615850172e-01 0.000000000e+00 1.844806604e-03 7.756456303e-04
1.844806604e-03 2.482066017e-02 3.339456665e-01 2.452806849e-16 2.482066017e-02 7.756456303e-04
2.452806849e-16 2.452806849e-16 4.387714279e-03 0.000000000e+00 4.387714279e-03 2.452806849e-16
7.756456303e-04 2.452806849e-16 2.452806849e-16 7.756456303e-04 7.756456303e-04 7.756456303e-04
7.756456303e-04 2.452806849e-16 2.452806849e-16 2.452806849e-16 7.756456303e-04 2.452806849e-16

2.461004296e-16 2.490361251e-02 1.850972074e-03 7.782378909e-04 1.850972074e-03 2.461004296e-16
1.850972074e-03 0.000000000e+00 1.213152811e-02 0.000000000e+00 7.782378909e-04 7.782378909e-04
4.290600903e-01 4.777201100e-01 0.000000000e+00 0.000000000e+00 7.782378909e-04 2.461004296e-16
1.850972074e-03 2.461004296e-16 2.297346196e-02 0.000000000e+00 2.461004296e-16 7.782378909e-04
7.782378909e-04 1.383924417e-02 7.782378909e-04 7.782378909e-04 7.782378909e-04 7.782378909e-04
7.782378909e-04 1.850972074e-03 2.461004296e-16 7.782378909e-04 7.782378909e-04 2.461004296e-16

1.899425739e-16 9.363224914e-03 6.006511584e-04 6.006511584e-04 6.006511584e-04 1.899425739e-16
6.006511584e-04 0.000000000e+00 6.006511584e-04 0.000000000e+00 1.899425739e-16 1.899425739e-16
6.006511584e-04 9.780019167e-01 0.000000000e+00 0.000000000e+00 1.899425739e-16 1.899425739e-16
6.006511584e-04 0.000000000e+00 3.397796057e-03 0.000000000e+00 6.006511584e-04 1.899425739e-16
1.899425739e-16 6.006511584e-04 1.899425739e-16 6.006511584e-04 0.000000000e+00 6.006511584e-04
1.899425739e-16 6.006511584e-04 1.899425739e-16 1.428597262e-03 6.006511584e-04 1.899425739e-16

1.977547305e-16 6.253553664e-04 6.253553664e-04 6.253553664e-04 1.487354102e-03 1.977547305e-16
1.487354102e-03 0.000000000e+00 6.253553664e-04 0.000000000e+00 1.977547305e-16 1.977547305e-16
2.469041840e-03 0.000000000e+00 0.000000000e+00 0.000000000e+00 1.977547305e-16 6.253553664e-04
1.977547305e-16 0.000000000e+00 3.848855321e-02 0.000000000e+00 1.977547305e-16 6.253553664e-04
1.977547305e-16 9.433191798e-01 1.977547305e-16 1.977547305e-16 0.000000000e+00 6.253553664e-04
1.977547305e-16 6.253553664e-04 1.977547305e-16 7.120318672e-03 6.253553664e-04 0.000000000e+00

2.181310508e-16 6.477487066e-03 9.280683780e-03 5.157390274e-03 1.640608609e-03 2.181310508e-16
8.112879638e-01 0.000000000e+00 2.181310508e-16 0.000000000e+00 2.181310508e-16 2.181310508e-16
0.000000000e+00 0.000000000e+00 0.000000000e+00 0.000000000e+00 6.897909490e-04 2.181310508e-16
2.181310508e-16 0.000000000e+00 3.902046861e-03 0.000000000e+00 2.181310508e-16 6.897909490e-04
1.497121824e-01 2.723447827e-03 0.000000000e+00 2.181310508e-16 0.000000000e+00 1.640608609e-03
2.181310508e-16 5.157390274e-03 2.181310508e-16 1.640608609e-03 2.181310508e-16 0.000000000e+00

9.134832981e-04 1.624428540e-02 3.623619703e-02 1.423979536e-02 6.829880682e-03 9.134832981e-04
1.337189048e-01 0.000000000e+00 0.000000000e+00 0.000000000e+00 4.596323778e-01 3.606634890e-03
0.000000000e+00 0.000000000e+00 0.000000000e+00 0.000000000e+00 9.134832981e-04 1.306307584e-01
9.134832981e-04 0.000000000e+00 1.829959456e-02 0.000000000e+00 0.000000000e+00 9.134832981e-04
8.578071744e-03 1.275571451e-01 0.000000000e+00 9.134832981e-04 0.000000000e+00 9.134832981e-04
9.134832981e-04 2.473777618e-02 5.167441876e-03 3.606634890e-03 3.606634890e-03 0.000000000e+00

6.696603585e-04 3.788171044e-03 7.624776903e-03 6.696603585e-04 6.696603585e-04 6.696603585e-04
0.000000000e+00 0.000000000e+00 0.000000000e+00 0.000000000e+00 9.009839917e-03 2.643967786e-03
0.000000000e+00 0.000000000e+00 0.000000000e+00 0.000000000e+00 0.000000000e+00 7.624776903e-03
1.592729726e-03 0.000000000e+00 6.288450605e-03 0.000000000e+00 0.000000000e+00 6.696603585e-04
6.696603585e-04 3.010431221e-02 0.000000000e+00 6.696603585e-04 0.000000000e+00 6.696603585e-04
6.696603585e-04 9.169755245e-01 2.643967786e-03 6.696603585e-04 5.006879004e-03 0.000000000e+00

1.935855068e-16 1.935855068e-16 6.121711237e-04 1.935855068e-16 1.935855068e-16 1.935855068e-16
0.000000000e+00 0.000000000e+00 0.000000000e+00 0.000000000e+00 1.935855068e-16 1.935855068e-16
0.000000000e+00 0.000000000e+00 0.000000000e+00 0.000000000e+00 0.000000000e+00 5.748597516e-03
1.935855068e-16 0.000000000e+00 0.000000000e+00 0.000000000e+00 0.000000000e+00 1.935855068e-16
0.000000000e+00 9.333642647e-01 0.000000000e+00 1.935855068e-16 0.000000000e+00 1.935855068e-16
1.935855068e-16 5.966279554e-02 6.121711237e-04 1.935855068e-16 1.935855068e-16 0.000000000e+00

