2.506265664e-13 2.506265664e-13 2.506265664e-13 2.506265664e-13 2.506265664e-13 2.506265664e-13
2.506265664e-13 2.506265664e-13 5.764411028e-02 1.478696742e-01 2.506265664e-13 2.506265664e-13
2.506265664e-13 6.265664160e-02 8.020050125e-02 1.052631579e-01 2.506265664e-13 2.506265664e-13
2.506265664e-13 1.077694236e-01 6.015037594e-02 3.784461153e-01 2.506265664e-13 2.506265664e-13
2.506265664e-13 2.506265664e-13 2.506265664e-13 2.506265664e-13 2.506265664e-13 2.506265664e-13
2.506265664e-13 2.506265664e-13 2.506265664e-13 2.506265664e-13 2.506265664e-13 2.506265664e-13

2.506265664e-13 2.506265664e-13 2.506265664e-13 2.506265664e-13 2.506265664e-13 2.506265664e-13
2.506265664e-13 0.000000000e+00 2.506265664e-13 2.506265664e-13 2.506265664e-13 2.506265664e-13
2.506265664e-13 2.506265664e-13 2.506265664e-13 2.506265664e-13 2.506265664e-13 2.506265664e-13
2.506265664e-13 1.000000000e+00 2.506265664e-13 0.000000000e+00 2.506265664e-13 2.506265664e-13
2.506265664e-13 2.506265664e-13 2.506265664e-13 2.506265664e-13 2.506265664e-13 2.506265664e-13
2.506265664e-13 2.506265664e-13 2.506265664e-13 2.506265664e-13 2.506265664e-13 2.506265664e-13

2.506265664e-13 5.012531329e-03 2.506265664e-13 5.012531329e-03 2.506265664e-13 2.506265664e-13
2.506265664e-13 0.000000000e+00 1.503759399e-02 2.456140351e-01 2.506265664e-13 2.506265664e-13
2.506265664e-13 0.000000000e+00 2.506265664e-13 0.000000000e+00 2.506265664e-13 2.506265664e-13
2.506265664e-13 6.441102757e-01 5.012531329e-03 0.000000000e+00 2.506265664e-13 2.506265664e-13
2.506265664e-13 1.002506266e-02 2.506265664e-13 6.766917293e-02 2.506265664e-13 2.506265664e-13
2.506265664e-13 2.506265664e-13 2.506265664e-13 2.506265664e-13 2.506265664e-03 2.506265664e-13

2.506265664e-13 2.506265664e-13 2.506265664e-13 9.824561403e-01 2.506265664e-13 2.506265664e-13
0.000000000e+00 0.000000000e+00 2.506265664e-13 0.000000000e+00 2.506265664e-13 2.506265664e-13
2.506265664e-13 0.000000000e+00 2.506265664e-13 0.000000000e+00 2.506265664e-13 2.506265664e-13
2.506265664e-13 2.506265664e-13 2.506265664e-13 0.000000000e+00 2.506265664e-13 2.506265664e-13
2.506265664e-13 2.506265664e-13 2.506265664e-13 1.754385965e-02 2.506265664e-13 2.506265664e-13
2.506265664e-13 2.506265664e-13 2.506265664e-13 2.506265664e-13 2.506265664e-13 2.506265664e-13

