2.454900024e-16 2.454900024e-16 2.454900024e-16 2.454900024e-16 2.454900024e-16 2.454900024e-16
2.454900024e-16 2.454900024e-16 2.878223015e-02 7.763075505e-04 2.454900024e-16 2.454900024e-16
2.454900024e-16 1.733845389e-02 9.808110655e-02 2.454900024e-16 1.846380925e-03 2.454900024e-16
2.454900024e-16 2.454900024e-16 9.808110655e-02 6.802512666e-01 5.000130616e-02 2.454900024e-16
2.454900024e-16 2.454900024e-16 2.454900024e-16 2.484184161e-02 2.454900024e-16 2.454900024e-16
2.454900024e-16 2.454900024e-16 2.454900024e-16 2.454900024e-16 2.454900024e-16 2.454900024e-16

2.358111700e-16 2.358111700e-16 2.358111700e-16 2.358111700e-16 2.358111700e-16 2.358111700e-16
2.358111700e-16 2.358111700e-16 2.358111700e-16 2.358111700e-16 2.358111700e-16 2.358111700e-16
2.358111700e-16 2.944190734e-03 3.273358435e-01 0.000000000e+00 2.358111700e-16 1.665485786e-02
2.358111700e-16 2.358111700e-16 0.000000000e+00 5.191127367e-01 1.297340527e-01 2.358111700e-16
2.358111700e-16 2.358111700e-16 2.358111700e-16 4.218318448e-03 2.358111700e-16 2.358111700e-16
2.358111700e-16 2.358111700e-16 2.358111700e-16 2.358111700e-16 2.358111700e-16 2.358111700e-16

2.183573638e-16 2.183573638e-16 1.869940928e-02 1.542213144e-02 2.183573638e-16 2.183573638e-16
2.183573638e-16 2.183573638e-16 2.101999026e-01 2.183573638e-16 2.183573638e-16 2.183573638e-16
2.183573638e-16 2.183573638e-16 0.000000000e+00 0.000000000e+00 0.000000000e+00 2.183573638e-16
2.183573638e-16 2.183573638e-16 0.000000000e+00 7.487491375e-01 2.183573638e-16 6.905066137e-04
2.183573638e-16 2.183573638e-16 1.642310756e-03 3.906095272e-03 2.183573638e-16 2.183573638e-16
2.183573638e-16 2.183573638e-16 2.183573638e-16 6.905066137e-04 2.183573638e-16 2.183573638e-16

9.036040094e-04 9.036040094e-04 1.829577030e-01 9.036040094e-04 9.036040094e-04 9.036040094e-04
9.036040094e-04 5.820036233e-02 2.297879532e-01 0.000000000e+00 1.215739796e-02 9.036040094e-04
2.149144634e-03 9.036040094e-04 0.000000000e+00 0.000000000e+00 0.000000000e+00 9.036040094e-04
9.036040094e-04 9.036040094e-04 0.000000000e+00 0.000000000e+00 2.263735934e-01 2.504847475e-01
9.036040094e-04 9.036040094e-04 9.036040094e-04 9.036040094e-04 1.215739796e-02 9.036040094e-04
9.036040094e-04 9.036040094e-04 9.036040094e-04 6.756015770e-03 9.036040094e-04 9.036040094e-04

