2.506265664e-13 2.506265664e-13 2.506265664e-13 2.506265664e-13 2.506265664e-13 2.506265664e-13
2.506265664e-13 2.506265664e-13 2.506265664e-13 2.506265664e-13 2.506265664e-13 2.506265664e-13
2.506265664e-13 2.506265664e-13 1.127819549e-01 2.005012531e-02 2.506265664e-13 2.506265664e-13
2.506265664e-13 2.756892231e-02 4.812030075e-01 3.558897243e-01 2.506265664e-13 2.506265664e-13
2.506265664e-13 0.000000000e+00 2.506265664e-13 2.506265664e-03 2.506265664e-13 2.506265664e-13
2.506265664e-13 2.506265664e-13 2.506265664e-13 2.506265664e-13 2.506265664e-13 2.506265664e-13

2.506265664e-13 2.506265664e-13 2.506265664e-13 2.506265664e-13 2.506265664e-13 2.506265664e-13
2.506265664e-13 2.506265664e-03 2.506265664e-03 2.506265664e-03 2.506265664e-13 2.506265664e-13
1.754385965e-02 2.506265664e-03 6.265664160e-02 2.255639098e-02 2.506265664e-03 2.506265664e-13
2.506265664e-13 2.506265664e-13 0.000000000e+00 8.621553885e-01 2.506265664e-13 2.506265664e-13
2.506265664e-13 0.000000000e+00 0.000000000e+00 2.506265664e-03 2.506265664e-03 2.506265664e-13
2.506265664e-13 2.506265664e-13 2.506265664e-13 1.754385965e-02 2.506265664e-13 2.506265664e-13

2.506265664e-13 2.506265664e-03 2.506265664e-03 2.506265664e-13 2.506265664e-03 2.506265664e-13
2.506265664e-13 2.506265664e-03 2.506265664e-03 2.506265664e-03 2.506265664e-03 2.506265664e-13
2.506265664e-02 2.506265664e-03 3.007518797e-02 2.506265664e-03 2.506265664e-03 2.506265664e-13
2.506265664e-13 0.000000000e+00 0.000000000e+00 0.000000000e+00 1.754385965e-02 2.506265664e-03
5.012531329e-03 0.000000000e+00 0.000000000e+00 2.506265664e-13 6.992481203e-01 6.265664160e-02
2.506265664e-03 2.506265664e-13 2.506265664e-13 1.303258145e-01 2.506265664e-13 2.506265664e-13

2.506265664e-03 2.506265664e-03 2.506265664e-03 2.506265664e-03 2.506265664e-03 2.506265664e-03
2.506265664e-03 2.506265664e-03 5.012531329e-03 2.506265664e-03 2.506265664e-03 2.506265664e-03
3.007518797e-02 2.506265664e-03 2.506265664e-03 2.506265664e-03 2.506265664e-03 2.506265664e-03
2.506265664e-03 0.000000000e+00 0.000000000e+00 0.000000000e+00 0.000000000e+00 3.082706767e-01
2.506265664e-03 0.000000000e+00 0.000000000e+00 0.000000000e+00 5.739348371e-01 2.506265664e-03
2.506265664e-03 2.506265664e-03 2.506265664e-03 2.255639098e-02 2.506265664e-03 2.506265664e-03

2.506265664e-03 2.506265664e-03 2.506265664e-03 2.506265664e-03 2.506265664e-03 2.506265664e-03
2.506265664e-03 7.518796993e-03 1.503759399e-02 2.506265664e-03 2.506265664e-03 2.506265664e-03
1.528822055e-01 1.253132832e-02 7.769423559e-02 0.000000000e+00 6.416040100e-01 2.506265664e-03
2.506265664e-03 0.000000000e+00 0.000000000e+00 0.000000000e+00 0.000000000e+00 1.754385965e-02
2.506265664e-03 0.000000000e+00 0.000000000e+00 0.000000000e+00 0.000000000e+00 2.506265664e-03
1.002506266e-02 2.506265664e-03 2.506265664e-03 2.005012531e-02 2.506265664e-03 2.506265664e-03

