2.454900024e-16 2.454900024e-16 2.454900024e-16 2.454900024e-16 2.454900024e-16 2.454900024e-16
2.454900024e-16 2.454900024e-16 2.878223015e-02 7.763075505e-04 2.454900024e-16 2.454900024e-16
2.454900024e-16 1.733845389e-02 9.808110655e-02 2.454900024e-16 1.846380925e-03 2.454900024e-16
2.454900024e-16 2.454900024e-16 9.808110655e-02 6.802512666e-01 5.000130616e-02 2.454900024e-16
2.454900024e-16 2.454900024e-16 2.454900024e-16 2.484184161e-02 2.454900024e-16 2.454900024e-16
2.454900024e-16 2.454900024e-16 2.454900024e-16 2.454900024e-16 2.454900024e-16 2.454900024e-16

1.773306804e-16 1.773306804e-16 1.773306804e-16 1.773306804e-16 1.773306804e-16 1.773306804e-16
1.773306804e-16 1.773306804e-16 1.773306804e-16 1.773306804e-16 1.773306804e-16 1.773306804e-16
1.773306804e-16 1.773306804e-16 1.773306804e-16 0.000000000e+00 1.773306804e-16 1.773306804e-16
1.773306804e-16 1.773306804e-16 1.773306804e-16 1.000000000e+00 1.773306804e-16 1.773306804e-16
1.773306804e-16 0.000000000e+00 1.773306804e-16 1.773306804e-16 1.773306804e-16 1.773306804e-16
1.773306804e-16 1.773306804e-16 1.773306804e-16 1.773306804e-16 1.773306804e-16 1.773306804e-16

2.187564652e-16 2.187564652e-16 2.187564652e-16 2.187564652e-16 2.187564652e-16 2.187564652e-16
2.187564652e-16 2.187564652e-16 2.187564652e-16 2.187564652e-16 2.187564652e-16 2.187564652e-16
2.187564652e-16 2.187564652e-16 3.867104499e-02 0.000000000e+00 2.187564652e-16 2.187564652e-16
2.187564652e-16 2.187564652e-16 8.513011491e-02 0.000000000e+00 7.887986366e-01 2.187564652e-16
2.187564652e-16 0.000000000e+00 2.187564652e-16 0.000000000e+00 2.187564652e-16 8.740020351e-02
2.187564652e-16 2.187564652e-16 2.187564652e-16 2.187564652e-16 2.187564652e-16 2.187564652e-16

2.373571789e-16 1.073364453e-01 2.373571789e-16 2.373571789e-16 2.373571789e-16 2.373571789e-16
2.373571789e-16 2.373571789e-16 0.000000000e+00 2.373571789e-16 2.373571789e-16 2.373571789e-16
2.373571789e-16 2.373571789e-16 2.373571789e-16 0.000000000e+00 2.373571789e-16 3.780612505e-02
1.073364453e-01 2.373571789e-16 0.000000000e+00 0.000000000e+00 7.505893044e-04 2.373571789e-16
2.373571789e-16 0.000000000e+00 2.373571789e-16 0.000000000e+00 2.373571789e-16 6.759543176e-01
2.373571789e-16 2.373571789e-16 7.081607746e-02 2.373571789e-16 2.373571789e-16 2.373571789e-16

2.360186921e-16 3.156704242e-02 2.360186921e-16 7.008667586e-03 2.360186921e-16 2.360186921e-16
2.360186921e-16 2.360186921e-16 0.000000000e+00 2.360186921e-16 2.360186921e-16 2.360186921e-16
2.360186921e-16 2.360186921e-16 2.360186921e-16 0.000000000e+00 6.940357343e-01 5.240201266e-02
6.581494539e-02 2.360186921e-16 0.000000000e+00 0.000000000e+00 0.000000000e+00 2.360186921e-16
2.360186921e-16 0.000000000e+00 2.360186921e-16 0.000000000e+00 2.360186921e-16 0.000000000e+00
2.360186921e-16 2.360186921e-16 1.484252410e-01 2.360186921e-16 7.463566374e-04 2.360186921e-16

