6.992106110e-04 8.512206944e-01 6.565942473e-03 6.992106110e-04 1.663012467e-03 2.211098095e-16
1.243391833e-02 2.211098095e-16 5.740591673e-02 6.992106110e-04 2.211098095e-16 6.992106110e-04
1.663012467e-03 5.530322212e-02 6.992106110e-04 2.211098095e-16 2.211098095e-16 6.992106110e-04
3.955332516e-03 6.992106110e-04 2.211098095e-16 2.211098095e-16 2.211098095e-16 6.992106110e-04
6.992106110e-04 2.211098095e-16 2.211098095e-16 2.211098095e-16 2.211098095e-16 6.992106110e-04
2.211098095e-16 6.992106110e-04 6.992106110e-04 6.992106110e-04 6.992106110e-04 2.211098095e-16

2.189708412e-16 7.194671871e-01 2.189708412e-16 2.189708412e-16 6.924465993e-04 2.189708412e-16
2.733932924e-03 0.000000000e+00 2.272128125e-01 2.189708412e-16 2.189708412e-16 2.189708412e-16
1.646924845e-03 2.189708412e-16 0.000000000e+00 2.189708412e-16 2.189708412e-16 2.189708412e-16
2.189708412e-16 4.659977117e-02 1.646924845e-03 2.189708412e-16 2.189708412e-16 2.189708412e-16
2.189708412e-16 2.189708412e-16 2.189708412e-16 2.189708412e-16 2.189708412e-16 2.189708412e-16
2.189708412e-16 2.189708412e-16 2.189708412e-16 2.189708412e-16 2.189708412e-16 2.189708412e-16

2.196024339e-16 3.928367762e-03 2.196024339e-16 2.196024339e-16 2.196024339e-16 2.196024339e-16
2.196024339e-16 0.000000000e+00 0.000000000e+00 1.651675185e-03 2.196024339e-16 2.196024339e-16
6.287776994e-01 0.000000000e+00 0.000000000e+00 2.196024339e-16 2.196024339e-16 2.196024339e-16
2.196024339e-16 2.196024339e-16 3.344238127e-01 2.196024339e-16 2.196024339e-16 2.196024339e-16
2.196024339e-16 3.121844505e-02 2.196024339e-16 2.196024339e-16 2.196024339e-16 2.196024339e-16
2.196024339e-16 2.196024339e-16 2.196024339e-16 2.196024339e-16 2.196024339e-16 2.196024339e-16

1.032209010e-02 3.675740841e-01 2.866784815e-16 6.100881545e-02 2.866784815e-16 2.866784815e-16
1.612111572e-02 0.000000000e+00 0.000000000e+00 0.000000000e+00 2.866784815e-16 2.866784815e-16
2.866784815e-16 0.000000000e+00 0.000000000e+00 4.815696933e-02 2.866784815e-16 2.866784815e-16
7.442926696e-02 0.000000000e+00 1.482381922e-01 2.866784815e-16 2.866784815e-16 2.866784815e-16
2.168990147e-01 2.866784815e-16 2.866784815e-16 2.866784815e-16 2.866784815e-16 1.032209010e-02
2.866784815e-16 2.866784815e-16 2.866784815e-16 2.455020597e-02 2.237815542e-02 2.866784815e-16

