2.713250728e-16 2.713250728e-16 2.713250728e-16 2.713250728e-16 2.713250728e-16 2.713250728e-16
2.713250728e-16 2.713250728e-16 2.713250728e-16 2.713250728e-16 2.713250728e-16 8.580052164e-04
2.040691816e-03 2.713250728e-16 0.000000000e+00 2.713250728e-16 2.713250728e-16 8.580052164e-04
2.713250728e-16 2.713250728e-16 2.713250728e-16 1.614060642e-01 1.255978277e-01 2.378444737e-01
2.713250728e-16 2.713250728e-16 2.713250728e-16 1.718821528e-02 2.713250728e-16 2.815376356e-01
2.713250728e-16 2.713250728e-16 2.713250728e-16 2.040691816e-03 1.706283895e-01 2.713250728e-16

1.078098646e-03 8.527091546e-02 6.329584261e-02 2.564165162e-03 2.564165162e-03 1.450510859e-02
1.078098646e-03 1.362103307e-01 2.661262358e-02 6.098646909e-03 6.098646909e-03 4.256572836e-03
2.159729484e-02 1.078098646e-03 0.000000000e+00 0.000000000e+00 6.098646909e-03 2.564165162e-03
1.227526992e-02 6.098646909e-03 4.276618417e-02 3.182530501e-02 1.917160625e-02 3.997137905e-02
1.078098646e-03 1.078098646e-03 1.078098646e-03 2.159729484e-02 0.000000000e+00 7.886069824e-02
4.256572836e-03 1.078098646e-03 1.078098646e-03 3.449915668e-02 3.197518069e-01 2.564165162e-03

2.517433609e-03 1.424075501e-02 4.178997388e-03 2.517433609e-03 4.178997388e-03 4.178997388e-03
2.517433609e-03 9.010638920e-02 9.939386855e-03 3.924290623e-02 1.882220639e-02 1.621457482e-01
4.178997388e-03 0.000000000e+00 0.000000000e+00 0.000000000e+00 0.000000000e+00 1.058450449e-03
2.517433609e-03 2.517433609e-03 4.198677642e-02 2.691656518e-01 1.031576144e-01 7.913762941e-03
1.058450449e-03 1.058450449e-03 1.058450449e-03 2.120368715e-02 0.000000000e+00 8.055787547e-02
5.987499918e-03 2.517433609e-03 1.058450449e-03 2.612761222e-02 7.123083390e-02 1.058450449e-03

0.000000000e+00 0.000000000e+00 0.000000000e+00 0.000000000e+00 0.000000000e+00 0.000000000e+00
0.000000000e+00 0.000000000e+00 0.000000000e+00 0.000000000e+00 0.000000000e+00 0.000000000e+00
0.000000000e+00 0.000000000e+00 0.000000000e+00 0.000000000e+00 0.000000000e+00 0.000000000e+00
0.000000000e+00 0.000000000e+00 0.000000000e+00 0.000000000e+00 0.000000000e+00 0.000000000e+00
0.000000000e+00 0.000000000e+00 0.000000000e+00 0.000000000e+00 0.000000000e+00 0.000000000e+00
0.000000000e+00 0.000000000e+00 0.000000000e+00 0.000000000e+00 0.000000000e+00 0.000000000e+00

0.000000000e+00 0.000000000e+00 0.000000000e+00 0.000000000e+00 0.000000000e+00 0.000000000e+00
0.000000000e+00 0.000000000e+00 0.000000000e+00 0.000000000e+00 0.000000000e+00 0.000000000e+00
0.000000000e+00 0.000000000e+00 0.000000000e+00 0.000000000e+00 0.000000000e+00 0.000000000e+00
0.000000000e+00 0.000000000e+00 0.000000000e+00 0.000000000e+00 0.000000000e+00 0.000000000e+00
0.000000000e+00 0.000000000e+00 0.000000000e+00 0.000000000e+00 0.000000000e+00 0.000000000e+00
0.000000000e+00 0.000000000e+00 0.000000000e+00 0.000000000e+00 0.000000000e+00 0.000000000e+00

