2.298979652e-16 2.298979652e-16 2.298979652e-16 2.298979652e-16 2.298979652e-16 2.298979652e-16
2.298979652e-16 2.298979652e-16 1.163643959e-01 2.298979652e-16 2.298979652e-16 2.298979652e-16
2.298979652e-16 1.729109998e-03 1.729109998e-03 2.298979652e-16 7.270011994e-04 2.298979652e-16
2.298979652e-16 2.298979652e-16 4.331818357e-01 0.000000000e+00 4.462685472e-01 2.298979652e-16
2.298979652e-16 2.298979652e-16 2.298979652e-16 2.298979652e-16 2.298979652e-16 2.298979652e-16
2.298979652e-16 2.298979652e-16 2.298979652e-16 2.298979652e-16 2.298979652e-16 2.298979652e-16

8.140596674e-04 2.574282700e-16 8.140596674e-04 8.140596674e-04 8.140596674e-04 8.140596674e-04
2.574282700e-16 8.140596674e-04 4.605016888e-03 8.140596674e-04 6.086515656e-03 8.140596674e-04
8.140596674e-04 1.936171097e-03 7.933905016e-02 0.000000000e+00 0.000000000e+00 2.574282700e-16
2.574282700e-16 8.140596674e-04 5.292748295e-01 0.000000000e+00 2.867077024e-01 1.936171097e-03
8.140596674e-04 6.195747509e-02 2.574282700e-16 1.268993434e-02 8.140596674e-04 8.140596674e-04
8.140596674e-04 8.140596674e-04 8.140596674e-04 8.140596674e-04 8.140596674e-04 8.140596674e-04

8.518450033e-04 8.518450033e-04 8.518450033e-04 8.518450033e-04 8.518450033e-04 8.518450033e-04
8.518450033e-04 8.518450033e-04 1.902554638e-02 8.518450033e-04 4.360208414e-01 8.518450033e-04
8.518450033e-04 9.107982621e-02 2.897296300e-01 0.000000000e+00 0.000000000e+00 8.518450033e-04
8.518450033e-04 8.518450033e-04 4.818763027e-03 0.000000000e+00 0.000000000e+00 8.518450033e-04
8.518450033e-04 1.218163036e-01 0.000000000e+00 8.518450033e-04 8.518450033e-04 8.518450033e-04
8.518450033e-04 8.518450033e-04 1.706480919e-02 8.518450033e-04 8.518450033e-04 8.518450033e-04

7.239411954e-04 7.239411954e-04 7.239411954e-04 7.239411954e-04 7.239411954e-04 7.239411954e-04
7.239411954e-04 7.239411954e-04 1.721832041e-03 7.239411954e-04 0.000000000e+00 7.239411954e-04
7.239411954e-04 7.239411954e-04 6.449078205e-01 0.000000000e+00 0.000000000e+00 7.239411954e-04
7.239411954e-04 7.239411954e-04 0.000000000e+00 0.000000000e+00 0.000000000e+00 7.239411954e-04
7.239411954e-04 5.412722921e-03 0.000000000e+00 7.239411954e-04 3.208428830e-01 7.239411954e-04
7.239411954e-04 7.239411954e-04 9.740152896e-03 7.239411954e-04 7.239411954e-04 7.239411954e-04

