2.506265664e-13 2.506265664e-13 2.506265664e-13 2.506265664e-13 2.506265664e-13 2.506265664e-13
2.506265664e-13 2.506265664e-13 2.506265664e-03 1.754385965e-02 2.506265664e-13 2.506265664e-13
2.506265664e-13 2.506265664e-13 2.506265664e-13 2.355889724e-01 3.258145363e-02 2.506265664e-13
2.506265664e-13 5.513784461e-02 4.937343358e-01 1.378446115e-01 2.506265664e-13 2.506265664e-13
2.506265664e-13 2.506265664e-13 2.506265664e-02 2.506265664e-13 2.506265664e-13 2.506265664e-13
2.506265664e-13 2.506265664e-13 2.506265664e-13 2.506265664e-13 2.506265664e-13 2.506265664e-13

1.002506266e-02 2.506265664e-13 2.506265664e-13 2.506265664e-13 2.506265664e-13 2.506265664e-13
2.506265664e-13 2.506265664e-13 2.506265664e-13 2.506265664e-13 2.506265664e-13 2.506265664e-13
2.506265664e-13 2.506265664e-13 0.000000000e+00 2.506265664e-03 2.506265664e-13 2.506265664e-13
2.506265664e-13 2.506265664e-13 5.012531329e-03 9.824561403e-01 2.506265664e-13 2.506265664e-13
2.506265664e-13 2.506265664e-13 2.506265664e-13 2.506265664e-13 0.000000000e+00 2.506265664e-13
2.506265664e-13 2.506265664e-13 2.506265664e-13 2.506265664e-13 2.506265664e-13 2.506265664e-13

2.506265664e-13 2.506265664e-13 2.506265664e-13 2.506265664e-13 2.506265664e-13 2.506265664e-13
5.012531329e-03 0.000000000e+00 2.506265664e-13 7.142857143e-01 2.506265664e-13 2.506265664e-13
2.506265664e-13 2.506265664e-13 0.000000000e+00 1.002506266e-02 2.506265664e-13 2.506265664e-13
2.506265664e-13 2.506265664e-13 2.681704261e-01 0.000000000e+00 2.506265664e-13 2.506265664e-13
2.506265664e-13 2.506265664e-13 2.506265664e-03 2.506265664e-13 0.000000000e+00 2.506265664e-13
2.506265664e-13 2.506265664e-13 2.506265664e-13 2.506265664e-13 2.506265664e-13 2.506265664e-13

2.506265664e-13 2.506265664e-13 2.506265664e-13 2.506265664e-13 2.506265664e-13 2.506265664e-13
5.213032581e-01 0.000000000e+00 0.000000000e+00 2.506265664e-13 4.035087719e-01 2.506265664e-13
2.506265664e-13 2.506265664e-13 0.000000000e+00 2.506265664e-13 2.506265664e-13 2.506265664e-13
2.506265664e-13 7.518796992e-02 0.000000000e+00 0.000000000e+00 2.506265664e-13 2.506265664e-13
2.506265664e-13 2.506265664e-13 2.506265664e-13 2.506265664e-13 0.000000000e+00 2.506265664e-13
2.506265664e-13 2.506265664e-13 2.506265664e-13 2.506265664e-13 2.506265664e-13 2.506265664e-13

3.750000000e-02 3.750000000e-02 3.750000000e-02 3.750000000e-02 3.750000000e-02 3.750000000e-02
3.500000000e-02 0.000000000e+00 0.000000000e+00 0.000000000e+00 3.750000000e-02 3.750000000e-02
3.500000000e-02 3.500000000e-02 0.000000000e+00 3.500000000e-02 3.500000000e-02 3.500000000e-02
3.500000000e-02 0.000000000e+00 0.000000000e+00 0.000000000e+00 3.500000000e-02 3.500000000e-02
3.500000000e-02 3.500000000e-02 3.500000000e-02 3.500000000e-02 0.000000000e+00 3.500000000e-02
3.500000000e-02 3.500000000e-02 3.500000000e-02 3.500000000e-02 3.500000000e-02 3.500000000e-02

