2.438840668e-16 2.438840668e-16 2.438840668e-16 2.438840668e-16 2.438840668e-16 2.438840668e-16
2.438840668e-16 2.438840668e-16 5.766282743e-03 2.438840668e-16 2.438840668e-16 2.438840668e-16
2.438840668e-16 2.019791277e-01 3.674614457e-02 3.191247846e-01 2.438840668e-16 2.438840668e-16
2.438840668e-16 2.438840668e-16 2.438840668e-16 0.000000000e+00 2.438840668e-16 2.438840668e-16
2.438840668e-16 2.438840668e-16 4.362730816e-03 4.320209295e-01 2.438840668e-16 2.438840668e-16
2.438840668e-16 2.438840668e-16 2.438840668e-16 2.438840668e-16 2.438840668e-16 2.438840668e-16

2.278573320e-16 2.278573320e-16 2.278573320e-16 2.278573320e-16 2.278573320e-16 2.278573320e-16
2.278573320e-16 2.278573320e-16 7.205481507e-04 2.278573320e-16 7.205481507e-04 2.278573320e-16
2.278573320e-16 1.713761975e-03 4.076035868e-03 5.317968868e-01 1.609309464e-02 2.278573320e-16
2.278573320e-16 7.205481507e-04 0.000000000e+00 0.000000000e+00 2.278573320e-16 2.278573320e-16
2.278573320e-16 2.305754082e-02 0.000000000e+00 4.196599392e-01 2.278573320e-16 7.205481507e-04
2.278573320e-16 2.278573320e-16 2.278573320e-16 7.205481507e-04 2.278573320e-16 2.278573320e-16

9.012376833e-04 9.012376833e-04 2.143516530e-03 9.012376833e-04 9.012376833e-04 2.143516530e-03
9.012376833e-04 9.012376833e-04 9.012376833e-04 3.558286483e-03 2.360273914e-01 9.012376833e-04
9.012376833e-04 3.558286483e-03 2.660439678e-02 2.190007570e-01 0.000000000e+00 3.558286483e-03
9.012376833e-04 2.143516530e-03 0.000000000e+00 0.000000000e+00 5.098170218e-03 2.440615623e-02
2.143516530e-03 3.842324090e-01 0.000000000e+00 4.539407151e-02 9.012376833e-04 2.143516530e-03
5.098170218e-03 0.000000000e+00 9.012376833e-04 2.012870801e-02 9.012376833e-04 9.012376833e-04

7.293901034e-04 7.293901034e-04 7.293901034e-04 7.293901034e-04 7.293901034e-04 7.293901034e-04
7.293901034e-04 7.293901034e-04 1.529767700e-01 7.293901034e-04 3.673835119e-02 0.000000000e+00
7.293901034e-04 7.293901034e-04 7.725107861e-01 0.000000000e+00 0.000000000e+00 7.293901034e-04
7.293901034e-04 7.293901034e-04 0.000000000e+00 0.000000000e+00 7.293901034e-04 2.879794081e-03
7.293901034e-04 7.293901034e-04 0.000000000e+00 8.304861924e-03 7.293901034e-04 7.293901034e-04
7.293901034e-04 0.000000000e+00 7.293901034e-04 9.813464371e-03 7.293901034e-04 7.293901034e-04

0.000000000e+00 0.000000000e+00 0.000000000e+00 0.000000000e+00 0.000000000e+00 0.000000000e+00
0.000000000e+00 0.000000000e+00 0.000000000e+00 0.000000000e+00 0.000000000e+00 0.000000000e+00
0.000000000e+00 0.000000000e+00 0.000000000e+00 0.000000000e+00 0.000000000e+00 0.000000000e+00
0.000000000e+00 0.000000000e+00 0.000000000e+00 0.000000000e+00 0.000000000e+00 0.000000000e+00
0.000000000e+00 0.000000000e+00 0.000000000e+00 0.000000000e+00 0.000000000e+00 0.000000000e+00
0.000000000e+00 0.000000000e+00 0.000000000e+00 0.000000000e+00 0.000000000e+00 0.000000000e+00

