2.690804015e-16 1.540306097e-01 8.509069426e-04 4.813456554e-03 2.023809181e-03 2.690804015e-16
8.509069426e-04 1.103131198e-01 8.509069426e-04 8.509069426e-04 2.690804015e-16 2.690804015e-16
2.260898849e-01 2.690804015e-16 4.466796230e-01 8.509069426e-04 2.690804015e-16 8.509069426e-04
2.023809181e-03 2.304316405e-02 8.509069426e-04 2.690804015e-16 2.690804015e-16 8.509069426e-04
8.509069426e-04 8.509069426e-04 8.509069426e-04 2.690804015e-16 2.690804015e-16 2.690804015e-16
8.509069426e-04 8.509069426e-04 2.023809181e-03 1.704601725e-02 8.509069426e-04 2.690804015e-16

2.492110513e-16 2.492110513e-16 2.492110513e-16 2.492110513e-16 2.492110513e-16 2.492110513e-16
2.492110513e-16 2.967833945e-01 4.458022812e-03 2.492110513e-16 2.492110513e-16 2.492110513e-16
3.426134714e-01 0.000000000e+00 2.492110513e-16 1.100452945e-01 2.492110513e-16 2.492110513e-16
2.492110513e-16 2.460998169e-01 0.000000000e+00 2.492110513e-16 2.492110513e-16 2.492110513e-16
2.492110513e-16 2.492110513e-16 2.492110513e-16 2.492110513e-16 2.492110513e-16 2.492110513e-16
2.492110513e-16 2.492110513e-16 2.492110513e-16 2.492110513e-16 2.492110513e-16 2.492110513e-16

2.264810139e-16 2.264810139e-16 2.264810139e-16 7.161958508e-04 2.264810139e-16 2.264810139e-16
2.264810139e-16 9.048640774e-02 2.841016799e-02 2.264810139e-16 2.264810139e-16 2.264810139e-16
7.298053221e-01 0.000000000e+00 0.000000000e+00 0.000000000e+00 2.264810139e-16 2.264810139e-16
2.264810139e-16 1.424272746e-01 0.000000000e+00 2.264810139e-16 2.264810139e-16 2.264810139e-16
2.264810139e-16 2.264810139e-16 2.264810139e-16 2.264810139e-16 2.264810139e-16 2.264810139e-16
2.264810139e-16 2.264810139e-16 2.264810139e-16 8.154631691e-03 2.264810139e-16 2.264810139e-16

2.107535458e-16 2.107535458e-16 2.107535458e-16 2.107535458e-16 2.107535458e-16 2.107535458e-16
2.107535458e-16 5.673616089e-02 4.982959937e-03 2.107535458e-16 0.000000000e+00 2.107535458e-16
1.089782688e-01 0.000000000e+00 0.000000000e+00 0.000000000e+00 2.107535458e-16 2.107535458e-16
2.107535458e-16 8.286361491e-01 0.000000000e+00 0.000000000e+00 2.107535458e-16 2.107535458e-16
2.107535458e-16 2.107535458e-16 2.107535458e-16 2.107535458e-16 2.107535458e-16 2.107535458e-16
2.107535458e-16 2.107535458e-16 2.107535458e-16 6.664612296e-04 2.107535458e-16 2.107535458e-16

