2.764169529e-16 2.764169529e-16 2.764169529e-16 2.764169529e-16 2.764169529e-16 2.764169529e-16
2.764169529e-16 2.764169529e-16 1.801513874e-01 8.208309777e-03 2.764169529e-16 2.764169529e-16
2.764169529e-16 2.764169529e-16 2.580350779e-02 2.937996668e-01 1.191317154e-01 2.764169529e-16
2.764169529e-16 2.764169529e-16 1.644351257e-01 1.554406756e-02 1.929262196e-01 2.764169529e-16
2.764169529e-16 2.764169529e-16 2.764169529e-16 2.764169529e-16 2.764169529e-16 2.764169529e-16
2.764169529e-16 2.764169529e-16 2.764169529e-16 2.764169529e-16 2.764169529e-16 2.764169529e-16

2.282664552e-16 2.282664552e-16 2.282664552e-16 2.282664552e-16 2.282664552e-16 1.808380062e-01
2.282664552e-16 2.282664552e-16 2.282664552e-16 2.282664552e-16 0.000000000e+00 2.282664552e-16
2.282664552e-16 2.282664552e-16 9.711908418e-03 2.282664552e-16 2.849992145e-03 2.282664552e-16
2.282664552e-16 2.282664552e-16 6.571083652e-01 0.000000000e+00 1.487698861e-01 2.282664552e-16
2.282664552e-16 7.218419120e-04 2.282664552e-16 2.282664552e-16 2.282664552e-16 2.282664552e-16
2.282664552e-16 2.282664552e-16 2.282664552e-16 2.282664552e-16 2.282664552e-16 2.282664552e-16

1.989586957e-16 1.989586957e-16 1.989586957e-16 1.989586957e-16 1.989586957e-16 1.989586957e-16
1.989586957e-16 6.291626389e-04 1.411821904e-01 1.989586957e-16 0.000000000e+00 1.989586957e-16
1.989586957e-16 1.989586957e-16 1.989586957e-16 0.000000000e+00 1.989586957e-16 1.989586957e-16
1.989586957e-16 0.000000000e+00 8.581886469e-01 0.000000000e+00 1.989586957e-16 1.989586957e-16
1.989586957e-16 1.989586957e-16 1.989586957e-16 1.989586957e-16 1.989586957e-16 1.989586957e-16
1.989586957e-16 1.989586957e-16 1.989586957e-16 1.989586957e-16 1.989586957e-16 1.989586957e-16

2.318061707e-16 2.318061707e-16 2.318061707e-16 2.318061707e-16 2.318061707e-16 2.318061707e-16
7.330354753e-04 4.565996260e-01 2.318061707e-16 0.000000000e+00 0.000000000e+00 3.784008794e-01
2.318061707e-16 2.318061707e-16 2.318061707e-16 0.000000000e+00 2.318061707e-16 2.318061707e-16
1.743462005e-03 0.000000000e+00 0.000000000e+00 0.000000000e+00 1.617899616e-01 2.318061707e-16
2.318061707e-16 2.318061707e-16 2.318061707e-16 2.318061707e-16 2.318061707e-16 2.318061707e-16
2.318061707e-16 2.318061707e-16 2.318061707e-16 7.330354753e-04 2.318061707e-16 2.318061707e-16

