2.177046088e-16 2.177046088e-16 2.177046088e-16 2.177046088e-16 2.177046088e-16 2.177046088e-16
2.177046088e-16 2.177046088e-16 1.750720152e-01 2.177046088e-16 2.177046088e-16 2.177046088e-16
2.177046088e-16 0.000000000e+00 2.032271361e-02 7.814903472e-01 2.177046088e-16 2.177046088e-16
2.177046088e-16 2.718123539e-03 2.177046088e-16 1.224242982e-02 2.718123539e-03 2.177046088e-16
2.177046088e-16 2.718123539e-03 2.177046088e-16 2.718123539e-03 2.177046088e-16 2.177046088e-16
2.177046088e-16 2.177046088e-16 2.177046088e-16 2.177046088e-16 2.177046088e-16 2.177046088e-16

2.084722686e-16 2.084722686e-16 2.084722686e-16 2.084722686e-16 2.084722686e-16 2.084722686e-16
2.084722686e-16 2.084722686e-16 1.320654298e-02 2.084722686e-16 2.084722686e-16 2.084722686e-16
2.084722686e-16 0.000000000e+00 2.084722686e-16 7.652112334e-01 2.084722686e-16 2.084722686e-16
2.084722686e-16 0.000000000e+00 0.000000000e+00 2.084722686e-16 2.084722686e-16 2.084722686e-16
2.084722686e-16 2.084722686e-16 2.084722686e-16 2.084722686e-16 2.084722686e-16 2.084722686e-16
2.215822236e-01 2.084722686e-16 2.084722686e-16 2.084722686e-16 2.084722686e-16 2.084722686e-16

2.531698273e-16 7.802660380e-02 2.531698273e-16 2.531698273e-16 2.531698273e-16 2.531698273e-16
2.531698273e-16 0.000000000e+00 1.281436049e-01 2.531698273e-16 2.531698273e-16 2.531698273e-16
2.531698273e-16 0.000000000e+00 2.531698273e-16 3.993604569e-01 2.531698273e-16 2.531698273e-16
2.531698273e-16 0.000000000e+00 0.000000000e+00 2.531698273e-16 2.531698273e-16 2.531698273e-16
2.531698273e-16 0.000000000e+00 3.279392013e-01 2.531698273e-16 2.531698273e-16 2.531698273e-16
6.572953981e-02 2.531698273e-16 8.005932892e-04 2.531698273e-16 2.531698273e-16 2.531698273e-16

1.790031783e-16 3.202106199e-03 1.790031783e-16 1.790031783e-16 1.790031783e-16 1.790031783e-16
1.790031783e-16 0.000000000e+00 0.000000000e+00 1.790031783e-16 1.790031783e-16 1.790031783e-16
1.790031783e-16 0.000000000e+00 0.000000000e+00 1.790031783e-16 1.790031783e-16 1.790031783e-16
1.790031783e-16 0.000000000e+00 0.000000000e+00 1.790031783e-16 1.790031783e-16 1.790031783e-16
1.790031783e-16 0.000000000e+00 1.790031783e-16 1.790031783e-16 1.790031783e-16 1.790031783e-16
1.790031783e-16 1.790031783e-16 9.967978938e-01 1.790031783e-16 1.790031783e-16 1.790031783e-16

