2.506265664e-13 2.506265664e-13 2.506265664e-13 2.506265664e-13 2.506265664e-13 2.506265664e-13
2.506265664e-13 0.000000000e+00 2.506265664e-13 5.012531329e-03 2.506265664e-13 2.506265664e-13
2.506265664e-13 4.010025063e-02 7.167919799e-01 1.779448622e-01 2.506265664e-13 2.506265664e-13
2.506265664e-13 2.506265664e-13 2.005012531e-02 4.010025063e-02 2.506265664e-13 2.506265664e-13
2.506265664e-13 2.506265664e-13 2.506265664e-13 2.506265664e-13 2.506265664e-13 2.506265664e-13
2.506265664e-13 2.506265664e-13 2.506265664e-13 2.506265664e-13 2.506265664e-13 2.506265664e-13

2.506265664e-13 2.506265664e-13 2.506265664e-13 2.506265664e-13 2.506265664e-13 2.506265664e-13
2.506265664e-13 0.000000000e+00 0.000000000e+00 2.506265664e-13 7.493734336e-01 7.518796993e-03
2.506265664e-13 2.506265664e-03 3.007518797e-02 5.012531329e-03 2.506265664e-13 2.506265664e-13
2.506265664e-13 2.255639098e-02 0.000000000e+00 1.704260652e-01 1.253132832e-02 2.506265664e-13
2.506265664e-13 2.506265664e-13 2.506265664e-13 2.506265664e-13 2.506265664e-13 2.506265664e-13
2.506265664e-13 2.506265664e-13 2.506265664e-13 2.506265664e-13 2.506265664e-13 2.506265664e-13

2.506265664e-13 2.506265664e-13 2.506265664e-13 2.506265664e-13 2.506265664e-13 2.506265664e-13
2.506265664e-13 0.000000000e+00 0.000000000e+00 0.000000000e+00 1.428571429e-01 2.506265664e-13
2.506265664e-13 2.506265664e-13 3.934837093e-01 4.636591479e-01 2.506265664e-13 2.506265664e-13
2.506265664e-13 2.506265664e-13 0.000000000e+00 2.506265664e-13 2.506265664e-13 2.506265664e-13
2.506265664e-13 2.506265664e-13 0.000000000e+00 2.506265664e-13 2.506265664e-13 2.506265664e-13
2.506265664e-13 2.506265664e-13 2.506265664e-13 2.506265664e-13 2.506265664e-13 2.506265664e-13

2.506265664e-03 2.506265664e-13 2.506265664e-13 2.506265664e-03 2.506265664e-13 2.506265664e-13
2.506265664e-13 0.000000000e+00 0.000000000e+00 0.000000000e+00 5.488721804e-01 1.253132832e-02
2.506265664e-13 2.506265664e-03 0.000000000e+00 3.909774436e-01 2.506265664e-03 2.506265664e-13
2.506265664e-13 2.506265664e-13 0.000000000e+00 0.000000000e+00 2.506265664e-13 2.506265664e-13
2.506265664e-03 2.506265664e-03 0.000000000e+00 2.506265664e-13 2.506265664e-03 2.506265664e-13
2.506265664e-13 5.012531329e-03 2.506265664e-02 2.506265664e-13 2.506265664e-13 2.506265664e-13

1.253132832e-02 5.012531329e-03 1.253132832e-02 1.253132832e-02 2.506265664e-03 1.002506266e-02
1.503759399e-02 0.000000000e+00 0.000000000e+00 0.000000000e+00 1.503759399e-02 1.503759399e-02
1.503759399e-02 2.506265664e-03 0.000000000e+00 7.167919799e-01 1.002506266e-02 7.518796993e-03
1.503759399e-02 0.000000000e+00 0.000000000e+00 0.000000000e+00 2.506265664e-03 1.503759399e-02
1.253132832e-02 0.000000000e+00 0.000000000e+00 1.002506266e-02 1.253132832e-02 5.012531329e-03
1.503759399e-02 5.012531329e-03 2.255639098e-02 2.005012531e-02 2.506265664e-03 1.002506266e-02

