2.325537037e-16 2.325537037e-16 2.325537037e-16 2.325537037e-16 2.325537037e-16 2.325537037e-16
2.325537037e-16 2.325537037e-16 2.325537037e-16 1.307745579e-02 2.325537037e-16 2.325537037e-16
2.325537037e-16 2.325537037e-16 0.000000000e+00 1.991513731e-02 2.981762502e-01 2.325537037e-16
2.325537037e-16 2.170887582e-02 3.110360694e-02 2.325537037e-16 2.325537037e-16 2.325537037e-16
2.325537037e-16 2.325537037e-16 6.160186739e-01 2.325537037e-16 2.325537037e-16 2.325537037e-16
2.325537037e-16 2.325537037e-16 2.325537037e-16 2.325537037e-16 2.325537037e-16 2.325537037e-16

2.340670560e-16 2.340670560e-16 2.340670560e-16 2.340670560e-16 2.340670560e-16 2.340670560e-16
2.340670560e-16 2.340670560e-16 2.340670560e-16 5.881974676e-01 2.340670560e-16 2.340670560e-16
2.340670560e-16 2.340670560e-16 0.000000000e+00 2.340670560e-16 2.340670560e-16 2.340670560e-16
2.340670560e-16 1.798649604e-01 2.340670560e-16 0.000000000e+00 1.966705619e-01 3.526701023e-02
2.340670560e-16 2.340670560e-16 0.000000000e+00 2.340670560e-16 2.340670560e-16 2.340670560e-16
2.340670560e-16 2.340670560e-16 2.340670560e-16 2.340670560e-16 2.340670560e-16 2.340670560e-16

1.773306804e-16 1.773306804e-16 1.773306804e-16 1.773306804e-16 1.773306804e-16 1.773306804e-16
1.773306804e-16 1.773306804e-16 1.773306804e-16 1.773306804e-16 1.773306804e-16 1.773306804e-16
1.773306804e-16 1.773306804e-16 0.000000000e+00 1.773306804e-16 1.773306804e-16 1.773306804e-16
1.773306804e-16 0.000000000e+00 0.000000000e+00 0.000000000e+00 1.773306804e-16 1.000000000e+00
1.773306804e-16 1.773306804e-16 0.000000000e+00 1.773306804e-16 1.773306804e-16 1.773306804e-16
1.773306804e-16 1.773306804e-16 1.773306804e-16 1.773306804e-16 1.773306804e-16 1.773306804e-16

2.039748509e-16 2.039748509e-16 2.039748509e-16 2.039748509e-16 2.039748509e-16 2.039748509e-16
2.039748509e-16 2.039748509e-16 2.039748509e-16 2.065277158e-01 2.039748509e-16 2.039748509e-16
2.039748509e-16 2.039748509e-16 0.000000000e+00 2.039748509e-16 2.039748509e-16 2.039748509e-16
2.039748509e-16 0.000000000e+00 0.000000000e+00 0.000000000e+00 0.000000000e+00 0.000000000e+00
2.039748509e-16 2.039748509e-16 0.000000000e+00 7.919381473e-01 2.039748509e-16 2.039748509e-16
2.039748509e-16 2.039748509e-16 2.039748509e-16 1.534136911e-03 2.039748509e-16 2.039748509e-16

1.777877872e-16 1.777877872e-16 1.777877872e-16 1.777877872e-16 5.622143478e-04 1.777877872e-16
1.777877872e-16 1.777877872e-16 1.777877872e-16 0.000000000e+00 1.777877872e-16 1.777877872e-16
1.777877872e-16 0.000000000e+00 0.000000000e+00 1.777877872e-16 1.777877872e-16 1.777877872e-16
1.777877872e-16 0.000000000e+00 0.000000000e+00 0.000000000e+00 0.000000000e+00 0.000000000e+00
1.777877872e-16 1.777877872e-16 0.000000000e+00 9.994377857e-01 1.777877872e-16 1.777877872e-16
1.777877872e-16 1.777877872e-16 1.777877872e-16 1.777877872e-16 1.777877872e-16 1.777877872e-16

