2.899661792e-16 2.899661792e-16 2.899661792e-16 2.899661792e-16 2.899661792e-16 2.899661792e-16
9.169535707e-04 2.899661792e-16 2.899661792e-16 2.899661792e-16 2.899661792e-16 1.429389155e-02
2.934251426e-02 2.899661792e-16 5.187072702e-03 3.399679507e-02 2.899661792e-16 9.169535707e-04
1.233700753e-02 2.706832734e-02 2.366578982e-01 2.577205719e-01 2.899661792e-16 9.169535707e-04
2.899661792e-16 0.000000000e+00 2.899661792e-16 1.044046630e-02 2.899661792e-16 9.169535707e-04
3.620336296e-03 9.169535707e-04 1.889819308e-01 1.757684202e-01 2.899661792e-16 2.899661792e-16

3.039779225e-16 9.612625936e-04 3.039779225e-16 2.286280631e-03 3.795278157e-03 9.612625936e-04
3.039779225e-16 3.039779225e-16 9.612625936e-04 3.039779225e-16 3.039779225e-16 9.612625936e-04
9.069253438e-02 3.541523247e-01 3.563958792e-02 9.026743575e-03 3.039779225e-16 1.709393478e-02
7.187114238e-03 3.039779225e-16 0.000000000e+00 2.051141481e-01 9.612625936e-04 3.039779225e-16
3.318204854e-02 0.000000000e+00 0.000000000e+00 4.065645772e-02 9.612625936e-04 9.612625936e-04
3.039779225e-16 1.293315630e-02 8.771910615e-02 8.476570306e-02 9.026743575e-03 3.039779225e-16

9.478379769e-04 9.478379769e-04 9.478379769e-04 9.478379769e-04 9.478379769e-04 9.478379769e-04
2.254351332e-03 9.478379769e-04 9.478379769e-04 9.478379769e-04 9.478379769e-04 1.275253691e-02
1.484491363e-01 1.166423949e-01 6.933239822e-02 3.742274789e-03 9.478379769e-04 9.478379769e-04
1.079211726e-02 0.000000000e+00 0.000000000e+00 0.000000000e+00 5.361781287e-03 9.478379769e-04
3.033081526e-02 0.000000000e+00 0.000000000e+00 9.478379769e-04 3.608332849e-01 9.478379769e-04
3.742274789e-03 1.850845837e-01 2.566812527e-02 9.478379769e-04 8.900679611e-03 9.478379769e-04

9.768895645e-04 9.768895645e-04 9.768895645e-04 2.645486288e-02 9.768895645e-04 7.303953097e-03
9.768895645e-04 9.768895645e-04 9.768895645e-04 8.614371484e-02 9.768895645e-04 1.112289968e-02
6.012431971e-02 3.372147960e-02 1.907574952e-01 9.768895645e-04 2.323448041e-03 1.956979727e-02
2.181835621e-02 0.000000000e+00 0.000000000e+00 0.000000000e+00 0.000000000e+00 2.323448041e-03
2.883762859e-02 0.000000000e+00 0.000000000e+00 0.000000000e+00 4.247003395e-01 9.768895645e-04
5.526121884e-03 1.737182598e-02 2.883762859e-02 9.173488762e-03 1.314340692e-02 9.768895645e-04

8.507038029e-04 8.507038029e-04 8.507038029e-04 3.598039019e-02 8.507038029e-04 8.507038029e-04
2.023326030e-03 8.507038029e-04 8.507038029e-04 8.507038029e-04 8.507038029e-04 8.507038029e-04
2.303766288e-02 3.358767503e-03 1.661171667e-01 0.000000000e+00 8.507038029e-04 5.961501113e-01
3.358767503e-03 0.000000000e+00 0.000000000e+00 0.000000000e+00 0.000000000e+00 8.507038029e-04
1.144566045e-02 0.000000000e+00 0.000000000e+00 0.000000000e+00 0.000000000e+00 9.686144066e-03
8.507038029e-04 6.360494473e-03 2.936564375e-02 6.360494473e-03 9.367289525e-02 2.023326030e-03

