2.416592223e-16 2.416592223e-16 5.713679542e-03 5.604326938e-01 3.017205855e-03 2.416592223e-16
2.416592223e-16 2.416592223e-16 8.701135332e-03 2.416592223e-16 2.255887549e-02 4.322931587e-03
2.416592223e-16 2.416592223e-16 3.849135223e-02 3.419170733e-01 4.322931587e-03 2.416592223e-16
1.817568837e-03 2.416592223e-16 2.416592223e-16 0.000000000e+00 2.416592223e-16 7.176165341e-03
2.416592223e-16 2.416592223e-16 2.416592223e-16 2.416592223e-16 7.641935600e-04 7.641935600e-04
2.416592223e-16 2.416592223e-16 2.416592223e-16 2.416592223e-16 2.416592223e-16 2.416592223e-16

3.797772177e-03 1.506506153e-01 7.036058755e-02 2.839496998e-02 3.797772177e-03 9.618942755e-04
6.753500067e-02 9.618942755e-04 3.780602714e-01 0.000000000e+00 1.710516785e-02 5.441295719e-03
9.618942755e-04 1.741214630e-01 0.000000000e+00 2.148344368e-02 9.618942755e-04 9.618942755e-04
2.287783032e-03 9.618942755e-04 5.109652816e-02 0.000000000e+00 9.618942755e-04 2.287783032e-03
9.618942755e-04 9.618942755e-04 2.287783032e-03 2.287783032e-03 2.287783032e-03 9.618942755e-04
9.618942755e-04 9.618942755e-04 9.618942755e-04 2.287783032e-03 9.618942755e-04 9.618942755e-04

1.069312610e-01 8.802314637e-01 2.024956161e-16 3.622351703e-03 2.024956161e-16 2.024956161e-16
2.024956161e-16 0.000000000e+00 0.000000000e+00 0.000000000e+00 2.024956161e-16 2.024956161e-16
2.024956161e-16 6.013186704e-03 0.000000000e+00 6.403473633e-04 2.024956161e-16 2.024956161e-16
2.024956161e-16 2.024956161e-16 6.403473633e-04 0.000000000e+00 2.024956161e-16 6.403473633e-04
6.403473633e-04 2.024956161e-16 2.024956161e-16 2.024956161e-16 2.024956161e-16 6.403473633e-04
2.024956161e-16 2.024956161e-16 2.024956161e-16 2.024956161e-16 2.024956161e-16 2.024956161e-16

4.201581767e-01 3.832227757e-01 0.000000000e+00 1.723912376e-01 7.682422665e-04 2.429395357e-16
3.033191047e-03 0.000000000e+00 0.000000000e+00 0.000000000e+00 7.682422665e-04 7.682422665e-04
2.429395357e-16 1.197571174e-02 0.000000000e+00 7.682422665e-04 7.682422665e-04 7.682422665e-04
2.429395357e-16 2.429395357e-16 7.682422665e-04 0.000000000e+00 2.429395357e-16 7.682422665e-04
7.682422665e-04 2.429395357e-16 2.429395357e-16 2.429395357e-16 0.000000000e+00 7.682422665e-04
2.429395357e-16 2.429395357e-16 2.429395357e-16 7.682422665e-04 2.429395357e-16 7.682422665e-04

