3.061815931e-16 3.061815931e-16 9.682312118e-04 9.682312118e-04 3.061815931e-16 3.061815931e-16
3.061815931e-16 3.061815931e-16 3.061815931e-16 9.092182437e-03 3.061815931e-16 3.061815931e-16
9.682312118e-04 3.061815931e-16 0.000000000e+00 1.319598455e-01 1.097223054e-01 3.061815931e-16
3.061815931e-16 3.061815931e-16 1.684490982e-01 3.061815931e-16 2.030694997e-01 9.682312118e-04
1.509323087e-02 3.061815931e-16 9.682312118e-04 1.128482219e-01 1.066141007e-01 8.835502080e-02
3.061815931e-16 3.061815931e-16 3.061815931e-16 4.613254663e-02 3.822791809e-03 3.061815931e-16

2.453425088e-16 2.453425088e-16 2.453425088e-16 2.453425088e-16 2.453425088e-16 2.453425088e-16
2.453425088e-16 2.453425088e-16 2.453425088e-16 2.453425088e-16 2.453425088e-16 2.453425088e-16
2.453425088e-16 2.453425088e-16 0.000000000e+00 2.240662716e-01 2.453425088e-16 2.453425088e-16
2.453425088e-16 1.856244952e-01 2.453425088e-16 0.000000000e+00 1.349778213e-01 2.453425088e-16
2.453425088e-16 2.453425088e-16 0.000000000e+00 4.553314119e-01 2.453425088e-16 2.453425088e-16
2.453425088e-16 2.453425088e-16 2.453425088e-16 2.453425088e-16 2.453425088e-16 2.453425088e-16

1.876786326e-16 1.876786326e-16 1.876786326e-16 1.876786326e-16 1.876786326e-16 1.876786326e-16
1.876786326e-16 1.876786326e-16 1.876786326e-16 1.876786326e-16 1.876786326e-16 1.876786326e-16
1.876786326e-16 1.876786326e-16 0.000000000e+00 9.565872849e-01 1.876786326e-16 1.876786326e-16
1.876786326e-16 0.000000000e+00 0.000000000e+00 0.000000000e+00 1.876786326e-16 1.876786326e-16
1.876786326e-16 1.876786326e-16 0.000000000e+00 4.341271507e-02 1.876786326e-16 1.876786326e-16
1.876786326e-16 1.876786326e-16 1.876786326e-16 1.876786326e-16 1.876786326e-16 1.876786326e-16

1.978141691e-16 1.978141691e-16 1.978141691e-16 1.978141691e-16 1.978141691e-16 1.978141691e-16
1.978141691e-16 1.978141691e-16 1.978141691e-16 1.978141691e-16 1.978141691e-16 1.978141691e-16
1.978141691e-16 1.978141691e-16 0.000000000e+00 8.665216064e-01 1.978141691e-16 1.978141691e-16
1.978141691e-16 0.000000000e+00 0.000000000e+00 0.000000000e+00 0.000000000e+00 0.000000000e+00
1.978141691e-16 1.978141691e-16 0.000000000e+00 1.334783936e-01 1.978141691e-16 1.978141691e-16
1.978141691e-16 1.978141691e-16 1.978141691e-16 1.978141691e-16 1.978141691e-16 1.978141691e-16

2.076775396e-16 2.076775396e-16 2.076775396e-16 2.076775396e-16 2.076775396e-16 2.076775396e-16
2.076775396e-16 2.076775396e-16 2.076775396e-16 0.000000000e+00 2.076775396e-16 2.076775396e-16
1.315619756e-02 0.000000000e+00 0.000000000e+00 7.791662628e-01 2.076775396e-16 2.076775396e-16
2.076775396e-16 0.000000000e+00 0.000000000e+00 0.000000000e+00 0.000000000e+00 0.000000000e+00
2.076775396e-16 2.076775396e-16 0.000000000e+00 2.076775396e-01 2.076775396e-16 2.076775396e-16
2.076775396e-16 2.076775396e-16 2.076775396e-16 2.076775396e-16 2.076775396e-16 2.076775396e-16

