2.931334000e-16 4.669013184e-02 2.931334000e-16 2.931334000e-16 2.931334000e-16 2.931334000e-16
2.931334000e-16 2.931334000e-16 9.269692022e-04 2.931334000e-16 2.931334000e-16 2.931334000e-16
2.931334000e-16 0.000000000e+00 1.645284446e-01 1.263362627e-01 2.931334000e-16 2.931334000e-16
5.243729670e-03 1.910461285e-01 2.931334000e-16 1.843430075e-01 2.931334000e-16 2.931334000e-16
2.931334000e-16 9.269692022e-04 1.451806963e-01 1.140742515e-01 2.931334000e-16 2.931334000e-16
2.931334000e-16 2.931334000e-16 2.070340905e-02 2.931334000e-16 2.931334000e-16 2.931334000e-16

5.443827197e-03 5.443827197e-03 2.288847388e-03 3.799539031e-03 5.443827197e-03 7.195183051e-03
9.623417817e-04 9.623417817e-04 9.623417817e-04 7.195183051e-03 3.799539031e-03 5.443827197e-03
1.927836498e-02 0.000000000e+00 3.567959969e-02 1.927836498e-02 9.623417817e-04 2.288847388e-03
1.711312576e-02 0.000000000e+00 0.000000000e+00 3.567959969e-02 1.095725810e-02 9.623417817e-04
1.500142374e-02 9.623417817e-04 5.690943475e-01 6.476298224e-02 3.799539031e-03 9.036877699e-03
5.443827197e-03 1.095725810e-02 1.059656024e-01 5.443827197e-03 1.294767607e-02 5.443827197e-03

8.692995633e-04 2.067554451e-03 8.692995633e-04 8.692995633e-04 8.692995633e-04 8.692995633e-04
8.692995633e-04 0.000000000e+00 2.079849668e-01 8.692995633e-04 8.692995633e-04 8.692995633e-04
2.067554451e-03 0.000000000e+00 8.692995633e-04 2.443268534e-01 8.692995633e-04 8.692995633e-04
2.067554451e-03 0.000000000e+00 0.000000000e+00 1.918651249e-01 8.692995633e-04 8.692995633e-04
8.692995633e-04 0.000000000e+00 3.061629148e-01 8.692995633e-04 8.692995633e-04 8.692995633e-04
8.692995633e-04 8.692995633e-04 1.941538554e-02 8.692995633e-04 4.917500929e-03 8.692995633e-04

2.074544447e-16 2.074544447e-16 2.074544447e-16 2.074544447e-16 2.074544447e-16 2.074544447e-16
2.074544447e-16 0.000000000e+00 0.000000000e+00 2.074544447e-16 2.074544447e-16 2.074544447e-16
2.074544447e-16 0.000000000e+00 0.000000000e+00 2.074544447e-16 2.074544447e-16 2.074544447e-16
2.074544447e-16 0.000000000e+00 0.000000000e+00 6.981160981e-01 2.074544447e-16 2.074544447e-16
2.074544447e-16 0.000000000e+00 2.074544447e-16 2.074544447e-16 2.074544447e-16 2.074544447e-16
2.074544447e-16 2.074544447e-16 3.018839019e-01 2.074544447e-16 2.074544447e-16 2.074544447e-16

