3.709474205e-03 2.971055653e-16 2.971055653e-16 3.243186613e-02 7.024627384e-03 2.971055653e-16
9.395302920e-04 2.971055653e-16 3.709474205e-03 1.767423831e-01 9.395302920e-04 9.395302920e-04
9.395302920e-04 2.971055653e-16 2.073659120e-01 2.971055653e-16 1.634558238e-01 4.223620658e-02
2.098395492e-02 2.971055653e-16 1.634558238e-01 0.000000000e+00 1.700731496e-01 2.971055653e-16
2.971055653e-16 2.971055653e-16 2.971055653e-16 9.395302920e-04 9.395302920e-04 2.971055653e-16
9.395302920e-04 2.234592216e-03 2.971055653e-16 2.971055653e-16 2.971055653e-16 2.971055653e-16

7.389943438e-04 2.336905304e-16 7.389943438e-04 7.389943438e-04 1.757634663e-03 7.389943438e-04
1.757634663e-03 2.336905304e-16 7.389943438e-04 2.917713754e-03 7.389943438e-04 7.389943438e-04
7.389943438e-04 2.336905304e-16 2.931454215e-02 0.000000000e+00 0.000000000e+00 7.389943438e-04
7.389943438e-04 7.389943438e-04 1.713007907e-01 0.000000000e+00 7.567302079e-01 1.757634663e-03
2.917713754e-03 5.525271456e-03 2.336905304e-16 7.389943438e-04 1.757634663e-03 7.389943438e-04
7.389943438e-04 1.757634663e-03 9.942683112e-03 7.389943438e-04 7.389943438e-04 7.389943438e-04

7.467801274e-03 9.379275872e-03 7.467801274e-03 1.137241755e-02 9.379275872e-03 9.379275872e-03
9.379275872e-03 2.375569505e-03 5.650088314e-03 9.379275872e-03 9.988039403e-04 3.943499729e-03
5.650088314e-03 9.988039403e-04 4.809947006e-01 0.000000000e+00 0.000000000e+00 2.375569505e-03
7.467801274e-03 1.776152482e-02 7.467801274e-03 0.000000000e+00 0.000000000e+00 9.379275872e-03
1.137241755e-02 4.490082961e-02 0.000000000e+00 8.502865363e-02 2.465525152e-02 7.467801274e-03
9.379275872e-03 7.467801274e-03 1.633222151e-01 9.379275872e-03 9.379275872e-03 9.379275872e-03

7.799948245e-04 7.799948245e-04 1.855150790e-03 5.831821550e-03 7.799948245e-04 3.079592756e-03
7.799948245e-04 7.799948245e-04 7.799948245e-04 1.215891599e-02 0.000000000e+00 1.855150790e-03
7.799948245e-04 7.799948245e-04 6.986368934e-01 0.000000000e+00 0.000000000e+00 3.079592756e-03
7.799948245e-04 3.079592756e-03 0.000000000e+00 0.000000000e+00 0.000000000e+00 7.799948245e-04
7.799948245e-04 5.023880033e-02 0.000000000e+00 1.562545158e-02 1.049431763e-02 7.799948245e-04
7.799948245e-04 7.799948245e-04 1.808048077e-01 7.799948245e-04 7.799948245e-04 7.799948245e-04

