2.433033205e-16 7.693926550e-04 7.693926550e-04 7.693926550e-04 7.693926550e-04 7.693926550e-04
7.693926550e-04 2.433033205e-16 1.829934439e-03 7.693926550e-04 2.433033205e-16 7.693926550e-04
2.433033205e-16 3.037733037e-03 2.655884520e-02 1.199364452e-02 2.433033205e-16 7.693926550e-04
5.752551844e-03 5.401938113e-02 2.433033205e-16 7.457712576e-01 7.693926550e-04 7.693926550e-04
7.693926550e-04 7.693926550e-04 1.074365900e-01 7.693926550e-04 2.433033205e-16 2.433033205e-16
2.433033205e-16 7.693926550e-04 3.052038707e-02 2.433033205e-16 7.693926550e-04 7.693926550e-04

2.426061762e-16 2.426061762e-16 2.426061762e-16 2.426061762e-16 2.426061762e-16 2.426061762e-16
2.426061762e-16 2.426061762e-16 2.426061762e-16 2.426061762e-16 2.426061762e-16 2.426061762e-16
2.426061762e-16 2.426061762e-16 1.778361740e-01 0.000000000e+00 2.426061762e-16 2.426061762e-16
2.426061762e-16 1.443217453e-01 0.000000000e+00 2.426061762e-16 1.175267933e-01 2.426061762e-16
2.426061762e-16 2.426061762e-16 5.554615674e-01 3.029028930e-03 2.426061762e-16 2.426061762e-16
2.426061762e-16 2.426061762e-16 1.824691074e-03 2.426061762e-16 2.426061762e-16 2.426061762e-16

1.971914540e-16 1.971914540e-16 1.971914540e-16 1.971914540e-16 1.971914540e-16 1.971914540e-16
1.971914540e-16 1.971914540e-16 1.971914540e-16 1.971914540e-16 1.971914540e-16 1.971914540e-16
1.971914540e-16 1.971914540e-16 0.000000000e+00 0.000000000e+00 1.262585041e-01 1.971914540e-16
1.971914540e-16 1.971914540e-16 0.000000000e+00 0.000000000e+00 1.971914540e-16 1.971914540e-16
1.971914540e-16 1.971914540e-16 1.971914540e-16 8.737414959e-01 1.971914540e-16 1.971914540e-16
1.971914540e-16 1.971914540e-16 1.971914540e-16 1.971914540e-16 1.971914540e-16 1.971914540e-16

2.388567167e-16 2.388567167e-16 2.607345659e-02 2.388567167e-16 2.388567167e-16 2.388567167e-16
2.388567167e-16 2.388567167e-16 2.388567167e-16 1.343190026e-02 2.388567167e-16 2.388567167e-16
2.388567167e-16 2.388567167e-16 0.000000000e+00 0.000000000e+00 0.000000000e+00 2.388567167e-16
2.388567167e-16 2.388567167e-16 0.000000000e+00 0.000000000e+00 0.000000000e+00 2.388567167e-16
2.388567167e-16 2.388567167e-16 1.807173884e-01 2.329003026e-01 2.388567167e-16 2.388567167e-16
2.388567167e-16 2.388567167e-16 2.388567167e-16 5.468769521e-01 2.388567167e-16 2.388567167e-16

