2.699258974e-16 2.699258974e-16 2.699258974e-16 2.699258974e-16 2.699258974e-16 2.699258974e-16
2.699258974e-16 2.699258974e-16 1.134898598e-01 2.699258974e-16 2.699258974e-16 2.699258974e-16
2.699258974e-16 4.771660812e-02 2.465177752e-01 1.078440280e-01 2.699258974e-16 2.699258974e-16
2.699258974e-16 2.030168330e-03 2.699258974e-16 4.110594138e-01 2.311556955e-02 2.699258974e-16
2.699258974e-16 8.535806354e-04 2.030168330e-03 4.534282829e-02 2.699258974e-16 2.699258974e-16
2.699258974e-16 2.699258974e-16 2.699258974e-16 2.699258974e-16 2.699258974e-16 2.699258974e-16

2.084836627e-16 2.084836627e-16 2.084836627e-16 2.084836627e-16 2.084836627e-16 2.084836627e-16
2.084836627e-16 2.084836627e-16 2.084836627e-16 2.084836627e-16 2.602996575e-03 2.084836627e-16
2.084836627e-16 2.084836627e-16 4.246386960e-02 8.749036343e-01 2.084836627e-16 2.084836627e-16
2.084836627e-16 0.000000000e+00 0.000000000e+00 2.084836627e-16 2.084836627e-16 2.084836627e-16
2.084836627e-16 2.084836627e-16 2.084836627e-16 5.214521389e-02 2.084836627e-16 2.084836627e-16
2.788428564e-02 2.084836627e-16 2.084836627e-16 2.084836627e-16 2.084836627e-16 2.084836627e-16

2.692493394e-16 2.692493394e-16 2.692493394e-16 2.692493394e-16 2.692493394e-16 2.692493394e-16
2.692493394e-16 2.692493394e-16 2.692493394e-16 2.692493394e-16 2.305763134e-02 2.692493394e-16
2.692493394e-16 2.692493394e-16 2.625350189e-01 2.513441146e-02 2.692493394e-16 2.692493394e-16
2.692493394e-16 0.000000000e+00 0.000000000e+00 0.000000000e+00 2.692493394e-16 2.692493394e-16
8.033117923e-02 0.000000000e+00 2.692493394e-16 2.964383183e-01 6.990420369e-02 2.692493394e-16
2.692493394e-16 2.692493394e-16 2.425992370e-01 2.692493394e-16 2.692493394e-16 2.692493394e-16

2.110205346e-16 2.110205346e-16 2.110205346e-16 2.110205346e-16 2.110205346e-16 2.110205346e-16
2.110205346e-16 2.110205346e-16 2.110205346e-16 2.110205346e-16 2.110205346e-16 2.110205346e-16
2.110205346e-16 2.110205346e-16 3.917792260e-02 2.110205346e-16 2.110205346e-16 2.110205346e-16
0.000000000e+00 0.000000000e+00 0.000000000e+00 0.000000000e+00 2.110205346e-16 2.110205346e-16
9.768253433e-02 0.000000000e+00 0.000000000e+00 2.110205346e-16 8.401046675e-01 2.110205346e-16
2.110205346e-16 2.110205346e-16 2.303487557e-02 2.110205346e-16 2.110205346e-16 2.110205346e-16

