2.899661792e-16 2.899661792e-16 2.899661792e-16 2.899661792e-16 2.899661792e-16 2.899661792e-16
9.169535707e-04 2.899661792e-16 2.899661792e-16 2.899661792e-16 2.899661792e-16 1.429389155e-02
2.934251426e-02 2.899661792e-16 5.187072702e-03 3.399679507e-02 2.899661792e-16 9.169535707e-04
1.233700753e-02 2.706832734e-02 2.366578982e-01 2.577205719e-01 2.899661792e-16 9.169535707e-04
2.899661792e-16 0.000000000e+00 2.899661792e-16 1.044046630e-02 2.899661792e-16 9.169535707e-04
3.620336296e-03 9.169535707e-04 1.889819308e-01 1.757684202e-01 2.899661792e-16 2.899661792e-16

9.271822077e-04 9.271822077e-04 9.271822077e-04 9.271822077e-04 9.271822077e-04 9.271822077e-04
9.271822077e-04 9.271822077e-04 9.271822077e-04 9.271822077e-04 9.271822077e-04 9.271822077e-04
1.247462711e-02 1.247462711e-02 1.247462711e-02 4.168110342e-02 9.271822077e-04 9.271822077e-04
2.932007582e-01 3.378217578e-01 0.000000000e+00 2.932007582e-16 3.200561972e-02 1.857402157e-02
9.271822077e-04 0.000000000e+00 0.000000000e+00 1.548296571e-01 9.271822077e-04 9.271822077e-04
1.055692993e-02 9.271822077e-04 9.271822077e-04 5.443544455e-02 9.271822077e-04 9.271822077e-04

2.045375318e-16 6.468044674e-04 2.045375318e-16 6.468044674e-04 6.468044674e-04 6.468044674e-04
1.538368949e-03 2.045375318e-16 6.468044674e-04 1.538368949e-03 2.045375318e-16 6.468044674e-04
6.073822189e-03 9.443253692e-01 1.538368949e-03 2.553727653e-03 2.045375318e-16 6.468044674e-04
2.045375318e-16 0.000000000e+00 0.000000000e+00 0.000000000e+00 6.468044674e-04 1.538368949e-03
3.658878600e-03 0.000000000e+00 0.000000000e+00 1.909356767e-02 6.468044674e-04 6.468044674e-04
6.468044674e-04 6.468044674e-04 3.658878600e-03 6.073822189e-03 6.468044674e-04 2.045375318e-16

3.260331793e-03 3.260331793e-03 3.260331793e-03 3.260331793e-03 3.260331793e-03 1.964028227e-03
4.671272683e-03 3.260331793e-03 8.257721478e-04 3.260331793e-03 8.257721478e-04 3.260331793e-03
1.111022142e-02 6.996624743e-01 4.671272683e-03 7.754419531e-03 1.964028227e-03 8.257721478e-04
0.000000000e+00 0.000000000e+00 0.000000000e+00 0.000000000e+00 3.260331793e-03 3.260331793e-03
0.000000000e+00 0.000000000e+00 0.000000000e+00 2.236249596e-02 4.671272683e-03 1.964028227e-03
3.260331793e-03 3.260331793e-03 5.318727862e-02 1.378952459e-01 3.260331793e-03 3.260331793e-03

