2.589625020e-16 2.589625020e-16 2.589625020e-16 2.589625020e-16 2.589625020e-16 2.589625020e-16
2.589625020e-16 2.589625020e-16 8.189113349e-04 8.189113349e-04 8.189113349e-04 2.589625020e-16
2.589625020e-16 3.457005446e-01 1.276556435e-02 1.254503612e-01 2.589625020e-16 2.589625020e-16
2.589625020e-16 3.233243780e-03 1.339065734e-01 9.324153883e-03 2.589625020e-16 2.589625020e-16
2.589625020e-16 2.589625020e-16 7.689993016e-03 3.594728317e-01 2.589625020e-16 2.589625020e-16
2.589625020e-16 2.589625020e-16 2.589625020e-16 2.589625020e-16 2.589625020e-16 2.589625020e-16

2.218146363e-16 2.218146363e-16 2.218146363e-16 2.218146363e-16 2.218146363e-16 2.218146363e-16
2.218146363e-16 2.218146363e-16 2.218146363e-16 2.218146363e-16 2.218146363e-16 2.218146363e-16
2.218146363e-16 2.218146363e-16 1.093435919e-02 2.769438771e-03 2.218146363e-16 2.218146363e-16
2.218146363e-16 1.668313615e-03 6.078553205e-01 0.000000000e+00 2.218146363e-16 2.218146363e-16
9.437406962e-03 0.000000000e+00 2.218146363e-16 3.620906777e-01 5.244483277e-03 2.218146363e-16
2.218146363e-16 2.218146363e-16 2.218146363e-16 2.218146363e-16 2.218146363e-16 2.218146363e-16

2.140249747e-16 2.140249747e-16 2.140249747e-16 2.140249747e-16 2.140249747e-16 2.140249747e-16
2.140249747e-16 2.140249747e-16 2.672181929e-03 2.140249747e-16 1.609725964e-03 2.140249747e-16
2.140249747e-16 1.518733053e-01 1.511614370e-02 2.140249747e-16 1.609725964e-03 2.140249747e-16
2.140249747e-16 2.140249747e-16 8.169453754e-01 0.000000000e+00 2.672181929e-03 2.140249747e-16
1.609725964e-03 0.000000000e+00 0.000000000e+00 0.000000000e+00 1.609725964e-03 2.140249747e-16
2.672181929e-03 2.140249747e-16 2.140249747e-16 1.609725964e-03 2.140249747e-16 2.140249747e-16

8.699235955e-04 8.699235955e-04 8.699235955e-04 8.699235955e-04 8.699235955e-04 8.699235955e-04
8.699235955e-04 9.301280113e-02 6.504195941e-03 8.699235955e-04 6.504195941e-03 8.699235955e-04
2.069038658e-03 8.699235955e-04 1.244015947e-01 0.000000000e+00 6.504195941e-03 2.069038658e-03
8.699235955e-04 2.648169495e-01 0.000000000e+00 0.000000000e+00 4.414913310e-01 8.699235955e-04
2.069038658e-03 0.000000000e+00 0.000000000e+00 0.000000000e+00 8.699235955e-04 8.699235955e-04
1.546967218e-02 1.942932300e-02 8.699235955e-04 8.699235955e-04 8.699235955e-04 8.699235955e-04

7.083925414e-04 7.083925414e-04 7.083925414e-04 1.259719870e-02 7.083925414e-04 7.083925414e-04
7.083925414e-04 7.083925414e-04 2.091163807e-02 7.083925414e-04 7.083925414e-04 7.083925414e-04
2.445316800e-02 0.000000000e+00 2.796891044e-03 0.000000000e+00 4.007273358e-03 1.684850901e-03
7.083925414e-04 0.000000000e+00 0.000000000e+00 0.000000000e+00 8.807709158e-01 7.083925414e-04
6.652165458e-03 0.000000000e+00 0.000000000e+00 0.000000000e+00 7.083925414e-04 7.083925414e-04
1.918377290e-02 7.083925414e-04 1.419106000e-02 7.083925414e-04 7.083925414e-04 7.083925414e-04

