2.342554467e-16 2.342554467e-16 2.342554467e-16 2.342554467e-16 2.342554467e-16 2.342554467e-16
2.342554467e-16 2.342554467e-16 2.924766945e-03 3.727345924e-01 2.342554467e-16 2.342554467e-16
2.342554467e-16 2.342554467e-16 2.342554467e-16 0.000000000e+00 2.342554467e-16 2.342554467e-16
2.342554467e-16 1.154762931e-02 1.446524648e-01 4.681405465e-01 2.342554467e-16 2.342554467e-16
2.342554467e-16 2.342554467e-16 2.342554467e-16 2.342554467e-16 2.342554467e-16 2.342554467e-16
2.342554467e-16 2.342554467e-16 2.342554467e-16 2.342554467e-16 2.342554467e-16 2.342554467e-16

7.949486326e-04 7.949486326e-04 7.949486326e-04 7.949486326e-04 7.949486326e-04 1.890717140e-03
7.949486326e-04 5.277609893e-01 7.949486326e-04 4.496908550e-03 1.030585830e-01 7.949486326e-04
7.949486326e-04 7.949486326e-04 0.000000000e+00 0.000000000e+00 7.464971081e-03 7.949486326e-04
7.949486326e-04 4.496908550e-03 0.000000000e+00 7.949486326e-04 7.949486326e-04 7.949486326e-04
7.949486326e-04 1.890717140e-03 3.138633711e-03 7.949486326e-04 3.256270359e-01 7.949486326e-04
7.949486326e-04 7.949486326e-04 7.949486326e-04 7.949486326e-04 7.949486326e-04 1.890717140e-03

2.127711374e-16 2.127711374e-16 2.127711374e-16 2.127711374e-16 2.127711374e-16 2.127711374e-16
2.127711374e-16 5.410853610e-01 2.127711374e-16 6.728414146e-04 2.127711374e-16 2.127711374e-16
2.127711374e-16 2.127711374e-16 0.000000000e+00 0.000000000e+00 6.728414146e-04 2.127711374e-16
2.127711374e-16 2.127711374e-16 0.000000000e+00 0.000000000e+00 2.127711374e-16 2.127711374e-16
2.127711374e-16 0.000000000e+00 2.127711374e-16 2.127711374e-16 4.559686606e-01 2.127711374e-16
1.600295595e-03 2.127711374e-16 2.127711374e-16 2.127711374e-16 2.127711374e-16 2.127711374e-16

