2.554020676e-16 8.076522528e-04 2.554020676e-16 7.584264521e-03 8.076522528e-04 2.554020676e-16
2.554020676e-16 2.554020676e-16 8.076522528e-04 1.902209178e-01 8.076522528e-04 8.076522528e-04
8.076522528e-04 2.554020676e-16 2.618030028e-01 2.554020676e-16 4.812375630e-01 1.993671493e-02
8.076522528e-04 2.554020676e-16 6.038609059e-03 2.187179634e-02 8.076522528e-04 2.554020676e-16
8.076522528e-04 2.554020676e-16 2.554020676e-16 8.076522528e-04 2.554020676e-16 2.554020676e-16
8.076522528e-04 8.076522528e-04 8.076522528e-04 8.076522528e-04 2.554020676e-16 2.554020676e-16

2.611317070e-16 3.260327117e-03 2.611317070e-16 1.964025410e-03 2.611317070e-16 2.611317070e-16
2.611317070e-16 2.611317070e-16 2.611317070e-16 2.481410691e-01 1.654247413e-02 2.611317070e-16
2.611317070e-16 2.611317070e-16 2.611317070e-01 0.000000000e+00 2.611317070e-16 2.841772648e-01
2.611317070e-16 2.611317070e-16 0.000000000e+00 1.762029531e-01 7.754408409e-03 2.611317070e-16
2.611317070e-16 2.611317070e-16 2.611317070e-16 2.611317070e-16 2.611317070e-16 2.611317070e-16
2.611317070e-16 2.611317070e-16 8.257709635e-04 2.611317070e-16 2.611317070e-16 2.611317070e-16

2.160884726e-16 2.160884726e-16 2.160884726e-16 1.433168388e-01 2.160884726e-16 2.160884726e-16
2.160884726e-16 2.160884726e-16 2.160884726e-16 2.160884726e-16 7.896651742e-01 2.160884726e-16
2.160884726e-16 2.160884726e-16 0.000000000e+00 0.000000000e+00 0.000000000e+00 3.071890411e-02
2.160884726e-16 2.160884726e-16 0.000000000e+00 3.629908284e-02 2.160884726e-16 2.160884726e-16
2.160884726e-16 2.160884726e-16 2.160884726e-16 2.160884726e-16 2.160884726e-16 2.160884726e-16
2.160884726e-16 2.160884726e-16 2.160884726e-16 2.160884726e-16 2.160884726e-16 2.160884726e-16

8.148861263e-04 8.148861263e-04 8.148861263e-04 2.512635656e-01 1.938136759e-03 8.148861263e-04
8.148861263e-04 8.148861263e-04 3.446548691e-02 0.000000000e+00 5.522289910e-01 3.217351363e-03
3.217351363e-03 7.652194264e-03 0.000000000e+00 0.000000000e+00 0.000000000e+00 1.192859033e-01
3.217351363e-03 1.938136759e-03 0.000000000e+00 0.000000000e+00 6.092694879e-03 8.148861263e-04
8.148861263e-04 8.148861263e-04 8.148861263e-04 8.148861263e-04 8.148861263e-04 8.148861263e-04
8.148861263e-04 8.148861263e-04 8.148861263e-04 8.148861263e-04 8.148861263e-04 8.148861263e-04

