1.954249276e-03 1.105490332e-02 1.954249276e-03 1.065215716e-01 2.598318976e-16 2.598318976e-16
2.598318976e-16 0.000000000e+00 2.598318976e-16 5.529552203e-02 2.598318976e-16 2.598318976e-16
1.835139244e-02 1.835139244e-02 4.932738060e-01 2.761716464e-01 2.598318976e-16 2.598318976e-16
2.598318976e-16 2.598318976e-16 7.715810060e-03 2.598318976e-16 2.598318976e-16 2.598318976e-16
9.355457176e-03 2.598318976e-16 2.598318976e-16 2.598318976e-16 2.598318976e-16 2.598318976e-16
2.598318976e-16 2.598318976e-16 2.598318976e-16 2.598318976e-16 2.598318976e-16 2.598318976e-16

4.411462812e-03 7.798438173e-04 6.271345138e-01 6.402598663e-02 3.078996546e-03 7.798438173e-04
7.798438173e-04 0.000000000e+00 0.000000000e+00 3.078996546e-03 1.854791632e-03 7.798438173e-04
7.798438173e-04 0.000000000e+00 2.652405775e-01 1.854791632e-03 1.854791632e-03 7.798438173e-04
7.798438173e-04 7.798438173e-04 7.798438173e-04 7.798438173e-04 1.854791632e-03 1.854791632e-03
7.798438173e-04 7.798438173e-04 7.798438173e-04 1.854791632e-03 7.798438173e-04 7.798438173e-04
7.798438173e-04 3.078996546e-03 7.798438173e-04 1.854791632e-03 1.854791632e-03 1.854791632e-03

1.869911118e-02 0.000000000e+00 5.367045054e-01 7.640056342e-02 8.372292762e-04 3.305567079e-03
8.372292762e-04 0.000000000e+00 0.000000000e+00 1.991278024e-03 8.372292762e-04 2.713904874e-01
2.471487852e-02 0.000000000e+00 0.000000000e+00 3.321134067e-02 1.126436955e-02 8.372292762e-04
8.372292762e-04 8.372292762e-04 8.372292762e-04 8.372292762e-04 8.372292762e-04 4.736083988e-03
8.372292762e-04 8.372292762e-04 8.372292762e-04 8.372292762e-04 8.372292762e-04 8.372292762e-04
8.372292762e-04 8.372292762e-04 8.372292762e-04 8.372292762e-04 8.372292762e-04 8.372292762e-04

2.155125144e-02 0.000000000e+00 1.838153868e-16 9.784487486e-01 1.838153868e-16 1.838153868e-16
1.838153868e-16 0.000000000e+00 0.000000000e+00 0.000000000e+00 1.838153868e-16 1.838153868e-16
1.838153868e-16 0.000000000e+00 0.000000000e+00 1.838153868e-16 1.838153868e-16 0.000000000e+00
1.838153868e-16 1.838153868e-16 1.838153868e-16 1.838153868e-16 1.838153868e-16 1.838153868e-16
1.838153868e-16 1.838153868e-16 1.838153868e-16 1.838153868e-16 1.838153868e-16 1.838153868e-16
1.838153868e-16 1.838153868e-16 1.838153868e-16 1.838153868e-16 1.838153868e-16 1.838153868e-16

