8.578343124e-04 2.040285335e-03 2.040285335e-03 1.337231352e-02 3.195468036e-01 8.578343124e-04
8.578343124e-04 8.578343124e-04 2.040285335e-03 1.169138962e-01 2.712710282e-16 1.140554176e-01
8.578343124e-04 8.578343124e-04 8.578343124e-04 8.578343124e-04 3.947486233e-01 8.055499527e-03
8.578343124e-04 2.712710282e-16 8.578343124e-04 4.852643675e-03 8.578343124e-04 4.852643675e-03
8.578343124e-04 2.712710282e-16 2.712710282e-16 2.712710282e-16 8.578343124e-04 2.040285335e-03
8.578343124e-04 8.578343124e-04 8.578343124e-04 8.578343124e-04 8.578343124e-04 2.712710282e-16

2.168564658e-16 2.168564658e-16 2.168564658e-16 1.068994603e-02 2.168564658e-16 2.168564658e-16
2.168564658e-16 2.168564658e-16 2.168564658e-16 4.024641358e-01 0.000000000e+00 2.168564658e-16
2.168564658e-16 2.168564658e-16 2.168564658e-16 2.168564658e-16 5.810329033e-01 5.127254573e-03
2.168564658e-16 2.168564658e-16 2.168564658e-16 0.000000000e+00 6.857603575e-04 2.168564658e-16
2.168564658e-16 2.168564658e-16 2.168564658e-16 2.168564658e-16 2.168564658e-16 2.168564658e-16
2.168564658e-16 2.168564658e-16 2.168564658e-16 2.168564658e-16 2.168564658e-16 2.168564658e-16

2.119540784e-16 2.119540784e-16 2.119540784e-16 4.023809083e-01 2.119540784e-16 2.119540784e-16
2.119540784e-16 2.119540784e-16 5.938275419e-01 2.119540784e-16 0.000000000e+00 2.119540784e-16
2.119540784e-16 2.119540784e-16 3.791549820e-03 0.000000000e+00 2.119540784e-16 2.119540784e-16
2.119540784e-16 0.000000000e+00 2.119540784e-16 0.000000000e+00 2.119540784e-16 2.119540784e-16
2.119540784e-16 2.119540784e-16 2.119540784e-16 2.119540784e-16 2.119540784e-16 2.119540784e-16
2.119540784e-16 2.119540784e-16 2.119540784e-16 2.119540784e-16 2.119540784e-16 2.119540784e-16

1.782088925e-16 1.782088925e-16 1.782088925e-16 9.986596542e-01 1.782088925e-16 1.782088925e-16
1.782088925e-16 1.782088925e-16 1.782088925e-16 0.000000000e+00 0.000000000e+00 1.782088925e-16
1.782088925e-16 1.782088925e-16 1.340345825e-03 0.000000000e+00 1.782088925e-16 1.782088925e-16
1.782088925e-16 0.000000000e+00 0.000000000e+00 0.000000000e+00 1.782088925e-16 1.782088925e-16
1.782088925e-16 1.782088925e-16 1.782088925e-16 1.782088925e-16 1.782088925e-16 1.782088925e-16
1.782088925e-16 1.782088925e-16 1.782088925e-16 1.782088925e-16 1.782088925e-16 1.782088925e-16

