2.506265664e-13 2.506265664e-13 2.506265664e-13 2.506265664e-13 2.506265664e-13 2.506265664e-13
2.506265664e-13 2.506265664e-13 4.511278195e-02 7.293233083e-01 2.506265664e-13 2.506265664e-13
2.506265664e-13 1.428571429e-01 5.012531329e-03 2.506265664e-03 2.506265664e-13 2.506265664e-13
2.506265664e-13 7.017543860e-02 2.506265664e-03 0.000000000e+00 2.506265664e-03 2.506265664e-13
2.506265664e-13 2.506265664e-13 2.506265664e-13 2.506265664e-13 2.506265664e-13 2.506265664e-13
2.506265664e-13 2.506265664e-13 2.506265664e-13 2.506265664e-13 2.506265664e-13 2.506265664e-13

1.503759399e-02 2.506265664e-13 2.506265664e-13 2.506265664e-13 2.506265664e-13 2.506265664e-13
2.506265664e-13 0.000000000e+00 5.012531329e-03 0.000000000e+00 2.506265664e-13 2.506265664e-03
2.506265664e-03 2.506265664e-03 2.506265664e-13 9.398496241e-01 5.012531329e-03 2.506265664e-13
2.506265664e-13 1.002506266e-02 5.012531329e-03 0.000000000e+00 2.506265664e-13 2.506265664e-13
2.506265664e-13 2.506265664e-13 1.002506266e-02 2.506265664e-13 2.506265664e-13 2.506265664e-13
2.506265664e-13 2.506265664e-13 2.506265664e-13 2.506265664e-13 2.506265664e-13 2.506265664e-03

4.010025063e-02 2.506265664e-03 5.438596491e-01 2.506265664e-03 2.506265664e-03 2.506265664e-03
2.506265664e-03 0.000000000e+00 2.756892231e-02 0.000000000e+00 2.506265664e-03 5.012531329e-03
5.012531329e-03 2.506265664e-03 0.000000000e+00 0.000000000e+00 2.506265664e-03 2.506265664e-03
2.506265664e-03 2.731829574e-01 2.506265664e-03 0.000000000e+00 2.506265664e-03 2.506265664e-03
2.506265664e-03 2.506265664e-03 2.255639098e-02 2.506265664e-02 2.506265664e-03 2.506265664e-03
2.506265664e-03 2.506265664e-03 2.506265664e-03 2.506265664e-03 2.506265664e-03 2.506265664e-03

