2.458160131e-16 2.458160131e-16 2.458160131e-16 2.458160131e-16 2.458160131e-16 2.458160131e-16
2.458160131e-16 2.458160131e-16 2.458160131e-16 7.773384869e-04 4.397290523e-03 2.458160131e-16
2.458160131e-16 2.458160131e-16 4.114635367e-01 1.211750778e-02 2.458160131e-16 2.458160131e-16
2.458160131e-16 2.458160131e-16 2.683312923e-02 3.281507128e-01 2.154831459e-01 2.458160131e-16
2.458160131e-16 2.458160131e-16 2.458160131e-16 2.458160131e-16 7.773384869e-04 2.458160131e-16
2.458160131e-16 2.458160131e-16 2.458160131e-16 2.458160131e-16 2.458160131e-16 2.458160131e-16

2.084632152e-16 2.084632152e-16 2.084632152e-16 2.084632152e-16 2.084632152e-16 2.084632152e-16
2.084632152e-16 2.084632152e-16 2.602741280e-03 6.592185684e-04 7.505886306e-03 2.084632152e-16
2.084632152e-16 1.567894824e-03 8.991854510e-01 1.172274807e-02 0.000000000e+00 2.084632152e-16
2.084632152e-16 2.084632152e-16 2.084632152e-16 0.000000000e+00 5.813096837e-02 2.084632152e-16
2.084632152e-16 2.084632152e-16 7.505886306e-03 4.928808413e-03 6.190396897e-03 2.084632152e-16
2.084632152e-16 2.084632152e-16 2.084632152e-16 2.084632152e-16 2.084632152e-16 2.084632152e-16

2.009137587e-16 2.009137587e-16 2.009137587e-16 2.009137587e-16 2.009137587e-16 2.009137587e-16
6.353450907e-04 2.009137587e-16 1.511113805e-03 9.310063694e-01 3.594054576e-03 2.009137587e-16
2.009137587e-16 3.730150576e-02 0.000000000e+00 6.353450907e-04 0.000000000e+00 2.009137587e-16
2.009137587e-16 2.508483489e-03 0.000000000e+00 0.000000000e+00 1.511113805e-03 2.009137587e-16
2.009137587e-16 6.353450907e-04 6.353450907e-04 6.353450907e-04 1.875528864e-02 2.009137587e-16
2.009137587e-16 2.009137587e-16 2.009137587e-16 2.009137587e-16 6.353450907e-04 2.009137587e-16

7.073211637e-04 2.792661007e-03 7.073211637e-04 7.073211637e-04 7.073211637e-04 1.682302721e-03
7.073211637e-04 0.000000000e+00 7.073211637e-04 0.000000000e+00 1.682302721e-03 7.073211637e-04
7.073211637e-04 1.432152293e-01 0.000000000e+00 8.137660224e-01 0.000000000e+00 7.073211637e-04
7.073211637e-04 1.682302721e-03 0.000000000e+00 0.000000000e+00 1.682302721e-03 7.073211637e-04
7.073211637e-04 1.102604573e-02 7.073211637e-04 7.073211637e-04 6.642104678e-03 7.073211637e-04
7.073211637e-04 7.073211637e-04 7.073211637e-04 1.682302721e-03 7.073211637e-04 7.073211637e-04

0.000000000e+00 0.000000000e+00 0.000000000e+00 0.000000000e+00 0.000000000e+00 0.000000000e+00
0.000000000e+00 0.000000000e+00 0.000000000e+00 0.000000000e+00 0.000000000e+00 0.000000000e+00
0.000000000e+00 0.000000000e+00 0.000000000e+00 0.000000000e+00 0.000000000e+00 0.000000000e+00
0.000000000e+00 0.000000000e+00 0.000000000e+00 0.000000000e+00 0.000000000e+00 0.000000000e+00
0.000000000e+00 0.000000000e+00 0.000000000e+00 0.000000000e+00 0.000000000e+00 0.000000000e+00
0.000000000e+00 0.000000000e+00 0.000000000e+00 0.000000000e+00 0.000000000e+00 0.000000000e+00

