2.619178521e-16 2.619178521e-16 1.114365310e-02 2.619178521e-16 2.619178521e-16 2.619178521e-16
2.619178521e-16 2.619178521e-16 1.499305272e-01 2.619178521e-16 2.619178521e-16 2.619178521e-16
1.969938169e-03 9.922300832e-02 2.619178521e-16 1.101228915e-01 2.619178521e-16 2.619178521e-16
2.619178521e-16 2.619178521e-16 4.347896270e-01 1.919920978e-01 2.619178521e-16 2.619178521e-16
2.619178521e-16 2.619178521e-16 2.619178521e-16 2.619178521e-16 0.000000000e+00 8.282569725e-04
2.619178521e-16 2.619178521e-16 2.619178521e-16 2.619178521e-16 2.619178521e-16 2.619178521e-16

2.439677247e-16 2.439677247e-16 2.439677247e-16 2.439677247e-16 2.439677247e-16 2.439677247e-16
2.439677247e-16 2.439677247e-16 2.439677247e-16 3.060373108e-02 2.439677247e-16 7.244717227e-03
3.046028373e-03 2.439677247e-16 0.000000000e+00 2.905391599e-01 1.723093854e-02 2.439677247e-16
2.439677247e-16 2.439677247e-16 5.693969790e-01 2.439677247e-16 5.768260713e-03 5.768260713e-03
2.439677247e-16 2.439677247e-16 7.040192448e-02 0.000000000e+00 0.000000000e+00 2.439677247e-16
2.439677247e-16 2.439677247e-16 2.439677247e-16 2.439677247e-16 2.439677247e-16 2.439677247e-16

3.494025296e-03 3.494025296e-03 5.006099366e-03 3.494025296e-03 3.494025296e-03 3.494025296e-03
3.494025296e-03 3.494025296e-03 5.006099366e-03 1.007620574e-02 3.494025296e-03 5.006099366e-03
5.006099366e-03 3.494025296e-03 0.000000000e+00 4.457427329e-02 6.616632014e-03 3.494025296e-03
3.494025296e-03 3.494025296e-03 1.235744414e-01 0.000000000e+00 0.000000000e+00 3.494025296e-03
3.494025296e-03 3.494025296e-03 8.624923173e-02 0.000000000e+00 0.000000000e+00 6.324861390e-01
3.494025296e-03 5.006099366e-03 3.494025296e-03 5.006099366e-03 3.494025296e-03 3.494025296e-03

6.784334979e-03 2.158153209e-03 6.784334979e-03 3.582583705e-03 9.073916487e-04 6.784334979e-03
3.582583705e-03 3.582583705e-03 8.520868063e-03 1.033159391e-02 9.073916487e-04 2.158153209e-03
6.784334979e-03 5.132982303e-03 0.000000000e+00 4.487090456e-01 5.132982303e-03 2.158153209e-03
5.132982303e-03 9.073916487e-04 2.170987193e-01 0.000000000e+00 0.000000000e+00 2.158153209e-03
3.582583705e-03 1.033159391e-02 0.000000000e+00 0.000000000e+00 0.000000000e+00 2.002725175e-01
5.132982303e-03 3.582583705e-03 1.414483594e-02 8.520868063e-03 0.000000000e+00 5.132982303e-03

8.548699022e-03 1.224823323e-02 1.224823323e-02 3.594285181e-03 9.103553818e-04 6.806494053e-03
5.149747710e-03 5.149747710e-03 8.548699022e-03 5.149747710e-03 2.165202194e-03 2.165202194e-03
1.224823323e-02 2.465306998e-02 0.000000000e+00 1.583800865e-01 1.224823323e-02 2.165202194e-03
5.149747710e-03 2.165202194e-03 5.877295772e-01 0.000000000e+00 0.000000000e+00 9.103553818e-04
2.247191867e-02 0.000000000e+00 0.000000000e+00 0.000000000e+00 0.000000000e+00 5.863521246e-02
5.149747710e-03 1.036533909e-02 1.823693375e-02 0.000000000e+00 0.000000000e+00 6.806494053e-03

