2.418207324e-16 2.418207324e-16 3.643526086e-02 7.647042999e-04 7.647042999e-04 2.418207324e-16
7.647042999e-04 7.647042999e-04 1.119401107e-01 7.647042999e-04 2.418207324e-16 7.647042999e-04
1.028859367e-02 7.214778924e-02 2.418207324e-16 7.298989513e-01 7.647042999e-04 7.647042999e-04
7.647042999e-04 1.818783589e-03 2.447053759e-02 7.647042999e-04 2.418207324e-16 7.647042999e-04
7.647042999e-04 2.418207324e-16 2.418207324e-16 2.418207324e-16 2.418207324e-16 7.647042999e-04
2.418207324e-16 7.647042999e-04 7.647042999e-04 7.647042999e-04 7.647042999e-04 2.418207324e-16

2.293804091e-16 2.293804091e-16 2.293804091e-16 7.253645434e-04 2.293804091e-16 2.293804091e-16
2.293804091e-16 7.253645434e-04 2.293804091e-16 2.293804091e-16 2.293804091e-16 2.293804091e-16
7.253645434e-04 2.179693175e-01 0.000000000e+00 2.293804091e-16 0.000000000e+00 2.293804091e-16
2.293804091e-16 2.293804091e-16 6.041308176e-01 1.735476777e-01 2.293804091e-16 2.293804091e-16
2.293804091e-16 7.253645434e-04 2.293804091e-16 2.293804091e-16 2.293804091e-16 2.293804091e-16
2.293804091e-16 7.253645434e-04 2.293804091e-16 2.293804091e-16 7.253645434e-04 2.293804091e-16

2.536368370e-16 2.536368370e-16 8.020701034e-04 7.531845305e-03 2.536368370e-16 2.536368370e-16
2.536368370e-16 1.791384805e-02 6.070261499e-01 2.536368370e-16 8.020701034e-04 8.020701034e-04
2.536368370e-16 1.039818233e-01 0.000000000e+00 1.079132599e-02 0.000000000e+00 2.536368370e-16
8.020701034e-04 0.000000000e+00 8.831773001e-02 1.480314606e-01 1.079132599e-02 8.020701034e-04
2.536368370e-16 2.536368370e-16 2.536368370e-16 2.536368370e-16 0.000000000e+00 2.536368370e-16
2.536368370e-16 8.020701034e-04 2.536368370e-16 8.020701034e-04 2.536368370e-16 2.536368370e-16

8.250282231e-04 8.250282231e-04 2.576397082e-01 5.973391337e-01 8.250282231e-04 1.110021240e-02
8.250282231e-04 8.250282231e-04 4.382610325e-02 0.000000000e+00 2.036563687e-02 9.393800992e-03
8.250282231e-04 1.286091720e-02 0.000000000e+00 6.168524739e-03 0.000000000e+00 8.250282231e-04
8.250282231e-04 0.000000000e+00 4.667064409e-03 4.667064409e-03 0.000000000e+00 3.257394613e-03
8.250282231e-04 8.250282231e-04 8.250282231e-04 1.962258866e-03 0.000000000e+00 8.250282231e-04
8.250282231e-04 7.747433700e-03 8.250282231e-04 4.667064409e-03 1.962258866e-03 8.250282231e-04

