2.539868269e-16 4.076169754e-01 9.145000687e-03 8.031768688e-04 8.031768688e-04 2.539868269e-16
1.910287294e-03 2.539868269e-16 3.798919146e-01 1.910287294e-03 2.539868269e-16 2.539868269e-16
1.910287294e-03 1.597248746e-01 0.000000000e+00 1.910287294e-03 2.539868269e-16 2.539868269e-16
1.910287294e-03 8.031768688e-04 9.145000687e-03 1.608985198e-02 2.539868269e-16 8.031768688e-04
8.031768688e-04 2.539868269e-16 2.539868269e-16 2.539868269e-16 2.539868269e-16 8.031768688e-04
2.539868269e-16 8.031768688e-04 8.031768688e-04 8.031768688e-04 8.031768688e-04 8.031768688e-04

2.824828573e-16 4.263444342e-01 5.053206972e-03 2.124611814e-03 2.124611814e-03 2.824828573e-16
1.906099962e-01 0.000000000e+00 0.000000000e+00 1.392500098e-02 2.824828573e-16 2.824828573e-16
6.798757805e-02 2.824828573e-16 0.000000000e+00 1.201861937e-02 2.124611814e-03 2.824828573e-16
8.932892292e-04 1.554109837e-01 9.551107001e-02 5.053206972e-03 2.824828573e-16 2.124611814e-03
2.124611814e-03 2.824828573e-16 2.124611814e-03 2.824828573e-16 2.824828573e-16 2.124611814e-03
8.932892292e-04 2.824828573e-16 2.124611814e-03 2.124611814e-03 5.053206972e-03 2.124611814e-03

2.427887123e-16 4.851935870e-01 4.343136519e-03 4.343136519e-03 7.677653211e-04 2.427887123e-16
3.031307961e-03 0.000000000e+00 0.000000000e+00 1.895211496e-02 7.677653211e-04 2.427887123e-16
7.209705990e-03 0.000000000e+00 0.000000000e+00 2.427887123e-16 1.032977770e-02 7.677653211e-04
7.677653211e-04 4.368964039e-01 0.000000000e+00 1.895211496e-02 2.427887123e-16 2.427887123e-16
7.677653211e-04 2.427887123e-16 7.677653211e-04 7.677653211e-04 2.427887123e-16 7.677653211e-04
7.677653211e-04 7.677653211e-04 7.677653211e-04 7.677653211e-04 7.677653211e-04 7.677653211e-04

1.785537907e-01 1.005989362e-03 1.679896213e-01 8.564035195e-02 7.521524828e-03 9.446750624e-03
2.369339267e-01 0.000000000e+00 0.000000000e+00 2.483262203e-02 2.392659413e-03 5.690735194e-03
1.005989362e-03 0.000000000e+00 0.000000000e+00 0.000000000e+00 1.353492557e-02 3.971869368e-03
9.446750624e-03 0.000000000e+00 0.000000000e+00 1.785537907e-01 7.521524828e-03 1.005989362e-03
2.392659413e-03 1.005989362e-03 1.353492557e-02 1.005989362e-03 2.392659413e-03 9.446750624e-03
9.446750624e-03 7.521524828e-03 2.392659413e-03 2.392659413e-03 3.971869368e-03 9.446750624e-03

