2.418207324e-16 2.418207324e-16 3.643526086e-02 7.647042999e-04 7.647042999e-04 2.418207324e-16
7.647042999e-04 7.647042999e-04 1.119401107e-01 7.647042999e-04 2.418207324e-16 7.647042999e-04
1.028859367e-02 7.214778924e-02 2.418207324e-16 7.298989513e-01 7.647042999e-04 7.647042999e-04
7.647042999e-04 1.818783589e-03 2.447053759e-02 7.647042999e-04 2.418207324e-16 7.647042999e-04
7.647042999e-04 2.418207324e-16 2.418207324e-16 2.418207324e-16 2.418207324e-16 7.647042999e-04
2.418207324e-16 7.647042999e-04 7.647042999e-04 7.647042999e-04 7.647042999e-04 2.418207324e-16

6.433273011e-04 6.433273011e-04 1.588039031e-02 2.034379552e-16 6.433273011e-04 2.034379552e-16
6.433273011e-04 2.034379552e-16 9.014193043e-01 6.433273011e-04 2.034379552e-16 2.034379552e-16
6.433273011e-04 7.498037778e-02 0.000000000e+00 6.433273011e-04 2.034379552e-16 2.034379552e-16
2.034379552e-16 6.433273011e-04 6.433273011e-04 2.034379552e-16 2.034379552e-16 2.034379552e-16
2.034379552e-16 2.034379552e-16 2.034379552e-16 2.034379552e-16 0.000000000e+00 6.433273011e-04
2.034379552e-16 6.433273011e-04 2.034379552e-16 2.034379552e-16 6.433273011e-04 2.034379552e-16

2.127324726e-16 2.127324726e-16 6.989699308e-01 2.127324726e-16 2.127324726e-16 2.127324726e-16
2.127324726e-16 0.000000000e+00 2.127324726e-16 2.811715042e-01 2.127324726e-16 2.127324726e-16
2.127324726e-16 1.985856496e-02 0.000000000e+00 2.127324726e-16 2.127324726e-16 2.127324726e-16
2.127324726e-16 2.127324726e-16 2.127324726e-16 0.000000000e+00 2.127324726e-16 2.127324726e-16
2.127324726e-16 2.127324726e-16 2.127324726e-16 2.127324726e-16 0.000000000e+00 2.127324726e-16
2.127324726e-16 2.127324726e-16 2.127324726e-16 2.127324726e-16 2.127324726e-16 2.127324726e-16

1.818640186e-16 1.818640186e-16 9.871553185e-01 1.818640186e-16 1.818640186e-16 1.818640186e-16
1.818640186e-16 0.000000000e+00 0.000000000e+00 1.818640186e-16 1.818640186e-16 1.818640186e-16
1.818640186e-16 1.818640186e-16 0.000000000e+00 1.284468153e-02 1.818640186e-16 1.818640186e-16
1.818640186e-16 1.818640186e-16 0.000000000e+00 0.000000000e+00 1.818640186e-16 1.818640186e-16
1.818640186e-16 1.818640186e-16 1.818640186e-16 1.818640186e-16 0.000000000e+00 1.818640186e-16
1.818640186e-16 1.818640186e-16 1.818640186e-16 1.818640186e-16 1.818640186e-16 1.818640186e-16

0.000000000e+00 0.000000000e+00 0.000000000e+00 0.000000000e+00 0.000000000e+00 0.000000000e+00
0.000000000e+00 0.000000000e+00 0.000000000e+00 0.000000000e+00 0.000000000e+00 0.000000000e+00
0.000000000e+00 0.000000000e+00 0.000000000e+00 0.000000000e+00 0.000000000e+00 0.000000000e+00
0.000000000e+00 0.000000000e+00 0.000000000e+00 0.000000000e+00 0.000000000e+00 0.000000000e+00
0.000000000e+00 0.000000000e+00 0.000000000e+00 0.000000000e+00 0.000000000e+00 0.000000000e+00
0.000000000e+00 0.000000000e+00 0.000000000e+00 0.000000000e+00 0.000000000e+00 0.000000000e+00

