2.420312041e-16 2.420312041e-16 2.420312041e-16 2.420312041e-16 2.420312041e-16 2.420312041e-16
2.420312041e-16 2.420312041e-16 2.420312041e-16 7.653698700e-04 2.420312041e-16 2.420312041e-16
2.420312041e-16 7.653698700e-04 2.449183584e-02 5.328054679e-01 1.820366590e-03 2.420312041e-16
2.420312041e-16 2.420312041e-16 3.587336121e-01 3.855060131e-02 1.820366590e-03 2.420312041e-16
2.420312041e-16 5.722474511e-03 2.259359998e-02 2.420312041e-16 1.193093551e-02 2.420312041e-16
2.420312041e-16 2.420312041e-16 2.420312041e-16 2.420312041e-16 2.420312041e-16 2.420312041e-16

1.815253347e-16 1.815253347e-16 1.815253347e-16 1.815253347e-16 1.815253347e-16 1.815253347e-16
1.815253347e-16 1.815253347e-16 1.815253347e-16 1.815253347e-16 1.815253347e-16 1.815253347e-16
1.815253347e-16 1.815253347e-16 1.149947736e-02 1.815253347e-16 1.815253347e-16 1.815253347e-16
1.815253347e-16 1.815253347e-16 0.000000000e+00 9.885005226e-01 1.815253347e-16 1.815253347e-16
1.815253347e-16 1.815253347e-16 1.815253347e-16 0.000000000e+00 1.815253347e-16 1.815253347e-16
1.815253347e-16 1.815253347e-16 1.815253347e-16 1.815253347e-16 1.815253347e-16 1.815253347e-16

1.822720095e-16 1.822720095e-16 1.822720095e-16 5.763947039e-04 1.822720095e-16 1.822720095e-16
1.822720095e-16 1.822720095e-16 2.275734273e-03 1.822720095e-16 1.822720095e-16 1.822720095e-16
1.822720095e-16 5.763947039e-04 2.275734273e-03 0.000000000e+00 5.763947039e-04 1.822720095e-16
1.822720095e-16 1.822720095e-16 0.000000000e+00 0.000000000e+00 9.925665579e-01 1.822720095e-16
1.822720095e-16 1.822720095e-16 5.763947039e-04 0.000000000e+00 5.763947039e-04 1.822720095e-16
1.822720095e-16 1.822720095e-16 1.822720095e-16 1.822720095e-16 1.822720095e-16 1.822720095e-16

8.078350898e-04 8.078350898e-04 2.554598857e-16 8.078350898e-04 2.554598857e-16 8.078350898e-04
8.078350898e-04 8.078350898e-04 1.209974104e-01 8.078350898e-04 8.078350898e-04 2.554598857e-16
8.078350898e-04 3.855593273e-01 3.189512305e-03 0.000000000e+00 8.078350898e-04 2.554598857e-16
0.000000000e+00 2.554598857e-16 0.000000000e+00 0.000000000e+00 0.000000000e+00 9.941342490e-02
8.078350898e-04 3.751857621e-01 8.078350898e-04 0.000000000e+00 1.921366473e-03 2.554598857e-16
8.078350898e-04 8.078350898e-04 8.078350898e-04 8.078350898e-04 2.554598857e-16 8.078350898e-04

