2.764169529e-16 2.764169529e-16 2.764169529e-16 2.764169529e-16 2.764169529e-16 2.764169529e-16
2.764169529e-16 2.764169529e-16 1.801513874e-01 8.208309777e-03 2.764169529e-16 2.764169529e-16
2.764169529e-16 2.764169529e-16 2.580350779e-02 2.937996668e-01 1.191317154e-01 2.764169529e-16
2.764169529e-16 2.764169529e-16 1.644351257e-01 1.554406756e-02 1.929262196e-01 2.764169529e-16
2.764169529e-16 2.764169529e-16 2.764169529e-16 2.764169529e-16 2.764169529e-16 2.764169529e-16
2.764169529e-16 2.764169529e-16 2.764169529e-16 2.764169529e-16 2.764169529e-16 2.764169529e-16

2.282664552e-16 2.282664552e-16 2.282664552e-16 2.282664552e-16 2.282664552e-16 1.808380062e-01
2.282664552e-16 2.282664552e-16 2.282664552e-16 2.282664552e-16 0.000000000e+00 2.282664552e-16
2.282664552e-16 2.282664552e-16 9.711908418e-03 2.282664552e-16 2.849992145e-03 2.282664552e-16
2.282664552e-16 2.282664552e-16 6.571083652e-01 0.000000000e+00 1.487698861e-01 2.282664552e-16
2.282664552e-16 7.218419120e-04 2.282664552e-16 2.282664552e-16 2.282664552e-16 2.282664552e-16
2.282664552e-16 2.282664552e-16 2.282664552e-16 2.282664552e-16 2.282664552e-16 2.282664552e-16

1.977514657e-16 1.977514657e-16 1.977514657e-16 6.253450424e-04 1.977514657e-16 6.253450424e-04
1.977514657e-16 1.487329547e-03 8.995883197e-01 1.977514657e-16 0.000000000e+00 6.253450424e-04
1.977514657e-16 1.977514657e-16 6.253450424e-04 0.000000000e+00 1.977514657e-16 1.977514657e-16
1.977514657e-16 6.253450424e-04 0.000000000e+00 0.000000000e+00 9.579762558e-02 1.977514657e-16
1.977514657e-16 1.977514657e-16 1.977514657e-16 1.977514657e-16 1.977514657e-16 1.977514657e-16
1.977514657e-16 1.977514657e-16 1.977514657e-16 1.977514657e-16 1.977514657e-16 1.977514657e-16

1.896578292e-16 1.896578292e-16 1.896578292e-16 6.828783208e-03 1.896578292e-16 1.896578292e-16
1.896578292e-16 5.997507165e-04 9.601125182e-01 0.000000000e+00 0.000000000e+00 5.997507165e-04
1.896578292e-16 1.896578292e-16 1.896578292e-16 0.000000000e+00 1.896578292e-16 1.896578292e-16
1.896578292e-16 0.000000000e+00 0.000000000e+00 0.000000000e+00 3.185919716e-02 1.896578292e-16
1.896578292e-16 1.896578292e-16 1.896578292e-16 1.896578292e-16 1.896578292e-16 1.896578292e-16
1.896578292e-16 1.896578292e-16 1.896578292e-16 1.896578292e-16 1.896578292e-16 1.896578292e-16

