2.699258974e-16 2.699258974e-16 2.699258974e-16 2.699258974e-16 2.699258974e-16 2.699258974e-16
2.699258974e-16 2.699258974e-16 1.134898598e-01 2.699258974e-16 2.699258974e-16 2.699258974e-16
2.699258974e-16 4.771660812e-02 2.465177752e-01 1.078440280e-01 2.699258974e-16 2.699258974e-16
2.699258974e-16 2.030168330e-03 2.699258974e-16 4.110594138e-01 2.311556955e-02 2.699258974e-16
2.699258974e-16 8.535806354e-04 2.030168330e-03 4.534282829e-02 2.699258974e-16 2.699258974e-16
2.699258974e-16 2.699258974e-16 2.699258974e-16 2.699258974e-16 2.699258974e-16 2.699258974e-16

2.108810441e-16 2.108810441e-16 2.108810441e-16 2.108810441e-16 2.108810441e-16 2.108810441e-16
2.108810441e-16 2.108810441e-16 2.108810441e-16 2.108810441e-16 2.108810441e-16 2.108810441e-16
2.108810441e-16 2.108810441e-16 2.108810441e-16 0.000000000e+00 2.108810441e-16 2.108810441e-16
2.108810441e-16 4.953008017e-01 0.000000000e+00 2.108810441e-16 5.046991983e-01 2.108810441e-16
2.108810441e-16 2.108810441e-16 2.108810441e-16 2.108810441e-16 2.108810441e-16 2.108810441e-16
2.108810441e-16 2.108810441e-16 2.108810441e-16 2.108810441e-16 2.108810441e-16 2.108810441e-16

1.926561243e-16 1.926561243e-16 1.926561243e-16 1.926561243e-16 1.926561243e-16 1.926561243e-16
1.926561243e-16 1.926561243e-16 1.926561243e-16 1.926561243e-16 1.926561243e-16 1.926561243e-16
1.926561243e-16 1.926561243e-16 0.000000000e+00 0.000000000e+00 1.926561243e-16 1.926561243e-16
1.926561243e-16 9.189980778e-01 0.000000000e+00 0.000000000e+00 1.926561243e-16 8.100192216e-02
1.926561243e-16 1.926561243e-16 1.926561243e-16 1.926561243e-16 1.926561243e-16 1.926561243e-16
1.926561243e-16 1.926561243e-16 1.926561243e-16 1.926561243e-16 1.926561243e-16 1.926561243e-16

2.311193274e-16 2.311193274e-16 2.311193274e-16 2.311193274e-16 2.311193274e-16 2.311193274e-16
2.311193274e-16 2.311193274e-16 2.311193274e-16 2.311193274e-16 2.311193274e-16 2.311193274e-16
2.311193274e-16 3.482287437e-02 0.000000000e+00 0.000000000e+00 0.000000000e+00 6.052063190e-01
2.311193274e-16 9.960909288e-02 0.000000000e+00 0.000000000e+00 0.000000000e+00 2.603617137e-01
2.311193274e-16 2.311193274e-16 2.311193274e-16 2.311193274e-16 2.311193274e-16 2.311193274e-16
2.311193274e-16 2.311193274e-16 2.311193274e-16 2.311193274e-16 2.311193274e-16 2.311193274e-16

