2.744496586e-16 2.064192470e-03 2.744496586e-16 2.142357209e-02 9.556486801e-02 2.744496586e-16
2.744496586e-16 2.744496586e-16 0.000000000e+00 2.744496586e-16 2.142357209e-02 1.211900248e-01
2.744496586e-16 3.426606728e-03 3.162170066e-01 3.627439778e-01 2.744496586e-16 2.744496586e-16
2.744496586e-16 2.744496586e-16 2.744496586e-16 1.938381483e-02 2.744496586e-16 2.350296963e-02
4.909504744e-03 2.744496586e-16 2.744496586e-16 2.744496586e-16 2.744496586e-16 8.149890202e-03
2.744496586e-16 2.744496586e-16 2.744496586e-16 2.744496586e-16 2.744496586e-16 2.744496586e-16

2.290347240e-03 2.290347240e-03 2.290347240e-03 1.541341345e-01 5.447394466e-03 5.447394466e-03
2.290347240e-03 5.447394466e-03 0.000000000e+00 0.000000000e+00 1.915028314e-01 9.686989417e-02
2.290347240e-03 2.290347240e-03 0.000000000e+00 9.629723918e-04 1.608062407e-01 9.629723918e-04
7.199897962e-03 9.629723918e-04 9.042799448e-03 3.045186082e-01 7.199897962e-03 2.290347240e-03
3.802028820e-03 3.802028820e-03 9.629723918e-04 9.629723918e-04 9.629723918e-04 2.290347240e-03
3.802028820e-03 9.042799448e-03 2.290347240e-03 9.629723918e-04 2.290347240e-03 2.290347240e-03

2.535478799e-16 2.535478799e-16 2.535478799e-16 2.346766070e-01 2.535478799e-16 2.535478799e-16
2.535478799e-16 5.994769497e-03 0.000000000e+00 0.000000000e+00 2.346766070e-01 2.535478799e-16
8.017887964e-04 0.000000000e+00 0.000000000e+00 0.000000000e+00 2.284518964e-01 2.535478799e-16
2.535478799e-16 2.535478799e-16 2.535478799e-16 2.953983314e-01 2.535478799e-16 2.535478799e-16
2.535478799e-16 2.535478799e-16 2.535478799e-16 2.535478799e-16 2.535478799e-16 2.535478799e-16
2.535478799e-16 2.535478799e-16 2.535478799e-16 2.535478799e-16 2.535478799e-16 2.535478799e-16

2.150614709e-16 2.150614709e-16 2.150614709e-16 2.150614709e-16 2.150614709e-16 2.150614709e-16
2.150614709e-16 0.000000000e+00 0.000000000e+00 0.000000000e+00 2.150614709e-16 2.150614709e-16
2.150614709e-16 0.000000000e+00 0.000000000e+00 0.000000000e+00 1.678772329e-02 2.150614709e-16
2.150614709e-16 2.150614709e-16 0.000000000e+00 2.150614709e-16 3.839803651e-01 2.150614709e-16
2.150614709e-16 2.150614709e-16 2.150614709e-16 5.992319116e-01 2.150614709e-16 2.150614709e-16
2.150614709e-16 2.150614709e-16 2.150614709e-16 2.150614709e-16 2.150614709e-16 2.150614709e-16

