6.992106110e-04 8.512206944e-01 6.565942473e-03 6.992106110e-04 1.663012467e-03 2.211098095e-16
1.243391833e-02 2.211098095e-16 5.740591673e-02 6.992106110e-04 2.211098095e-16 6.992106110e-04
1.663012467e-03 5.530322212e-02 6.992106110e-04 2.211098095e-16 2.211098095e-16 6.992106110e-04
3.955332516e-03 6.992106110e-04 2.211098095e-16 2.211098095e-16 2.211098095e-16 6.992106110e-04
6.992106110e-04 2.211098095e-16 2.211098095e-16 2.211098095e-16 2.211098095e-16 6.992106110e-04
2.211098095e-16 6.992106110e-04 6.992106110e-04 6.992106110e-04 6.992106110e-04 2.211098095e-16

2.079317431e-16 8.864600092e-01 2.079317431e-16 2.079317431e-16 2.079317431e-16 2.079317431e-16
6.575379061e-04 0.000000000e+00 2.269770494e-02 2.079317431e-16 2.079317431e-16 2.079317431e-16
8.846740289e-03 2.079317431e-16 2.269770494e-02 6.575379061e-04 2.079317431e-16 2.079317431e-16
2.079317431e-16 5.798276483e-02 2.079317431e-16 0.000000000e+00 2.079317431e-16 2.079317431e-16
2.079317431e-16 2.079317431e-16 2.079317431e-16 2.079317431e-16 2.079317431e-16 2.079317431e-16
2.079317431e-16 2.079317431e-16 2.079317431e-16 2.079317431e-16 2.079317431e-16 2.079317431e-16

2.105359798e-16 6.420422510e-01 2.105359798e-16 2.105359798e-16 2.105359798e-16 2.105359798e-16
2.105359798e-16 0.000000000e+00 3.553291285e-01 2.105359798e-16 2.105359798e-16 2.105359798e-16
2.628620522e-03 0.000000000e+00 2.105359798e-16 0.000000000e+00 2.105359798e-16 2.105359798e-16
2.105359798e-16 2.105359798e-16 2.105359798e-16 0.000000000e+00 2.105359798e-16 2.105359798e-16
2.105359798e-16 2.105359798e-16 2.105359798e-16 2.105359798e-16 2.105359798e-16 2.105359798e-16
2.105359798e-16 2.105359798e-16 2.105359798e-16 2.105359798e-16 2.105359798e-16 2.105359798e-16

1.773306804e-16 1.000000000e+00 1.773306804e-16 1.773306804e-16 1.773306804e-16 1.773306804e-16
0.000000000e+00 0.000000000e+00 1.773306804e-16 0.000000000e+00 1.773306804e-16 1.773306804e-16
1.773306804e-16 0.000000000e+00 1.773306804e-16 0.000000000e+00 1.773306804e-16 1.773306804e-16
1.773306804e-16 1.773306804e-16 1.773306804e-16 0.000000000e+00 1.773306804e-16 1.773306804e-16
1.773306804e-16 1.773306804e-16 1.773306804e-16 1.773306804e-16 1.773306804e-16 1.773306804e-16
1.773306804e-16 1.773306804e-16 1.773306804e-16 1.773306804e-16 1.773306804e-16 1.773306804e-16

