3.709474205e-03 2.971055653e-16 2.971055653e-16 3.243186613e-02 7.024627384e-03 2.971055653e-16
9.395302920e-04 2.971055653e-16 3.709474205e-03 1.767423831e-01 9.395302920e-04 9.395302920e-04
9.395302920e-04 2.971055653e-16 2.073659120e-01 2.971055653e-16 1.634558238e-01 4.223620658e-02
2.098395492e-02 2.971055653e-16 1.634558238e-01 0.000000000e+00 1.700731496e-01 2.971055653e-16
2.971055653e-16 2.971055653e-16 2.971055653e-16 9.395302920e-04 9.395302920e-04 2.971055653e-16
9.395302920e-04 2.234592216e-03 2.971055653e-16 2.971055653e-16 2.971055653e-16 2.971055653e-16

2.109959347e-16 2.109959347e-16 2.109959347e-16 1.696770853e-01 2.109959347e-16 2.109959347e-16
2.109959347e-16 2.109959347e-16 2.646769302e-02 2.109959347e-16 7.984938677e-01 2.109959347e-16
2.109959347e-16 2.109959347e-16 0.000000000e+00 0.000000000e+00 3.774410024e-03 2.109959347e-16
2.109959347e-16 2.109959347e-16 1.586943930e-03 0.000000000e+00 2.109959347e-16 2.109959347e-16
2.109959347e-16 2.109959347e-16 2.109959347e-16 2.109959347e-16 2.109959347e-16 2.109959347e-16
2.109959347e-16 2.109959347e-16 2.109959347e-16 2.109959347e-16 2.109959347e-16 2.109959347e-16

2.330248911e-16 2.330248911e-16 1.752628253e-03 5.750906929e-01 2.330248911e-16 2.330248911e-16
1.752628253e-03 0.000000000e+00 3.018448031e-01 0.000000000e+00 1.053773204e-01 2.330248911e-16
6.919765492e-03 2.330248911e-16 0.000000000e+00 0.000000000e+00 5.509533386e-03 2.330248911e-16
2.330248911e-16 2.330248911e-16 1.752628253e-03 0.000000000e+00 2.330248911e-16 2.330248911e-16
2.330248911e-16 2.330248911e-16 2.330248911e-16 2.330248911e-16 2.330248911e-16 2.330248911e-16
2.330248911e-16 2.330248911e-16 2.330248911e-16 2.330248911e-16 2.330248911e-16 2.330248911e-16

