2.418207324e-16 2.418207324e-16 3.643526086e-02 7.647042999e-04 7.647042999e-04 2.418207324e-16
7.647042999e-04 7.647042999e-04 1.119401107e-01 7.647042999e-04 2.418207324e-16 7.647042999e-04
1.028859367e-02 7.214778924e-02 2.418207324e-16 7.298989513e-01 7.647042999e-04 7.647042999e-04
7.647042999e-04 1.818783589e-03 2.447053759e-02 7.647042999e-04 2.418207324e-16 7.647042999e-04
7.647042999e-04 2.418207324e-16 2.418207324e-16 2.418207324e-16 2.418207324e-16 7.647042999e-04
2.418207324e-16 7.647042999e-04 7.647042999e-04 7.647042999e-04 7.647042999e-04 2.418207324e-16

2.409295216e-16 2.409295216e-16 5.696426836e-03 2.409295216e-16 4.309878305e-03 2.409295216e-16
2.409295216e-16 2.409295216e-16 1.812080609e-03 1.025067589e-02 2.409295216e-16 2.409295216e-16
2.409295216e-16 0.000000000e+00 0.000000000e+00 5.658763012e-01 1.880698632e-02 2.409295216e-16
2.409295216e-16 2.409295216e-16 3.344407654e-01 2.409295216e-16 7.618860440e-04 2.409295216e-16
2.409295216e-16 2.409295216e-16 4.047194447e-02 5.696426836e-03 2.409295216e-16 2.409295216e-16
2.409295216e-16 2.409295216e-16 2.409295216e-16 1.187662804e-02 2.409295216e-16 2.409295216e-16

3.311471424e-03 6.270929939e-03 1.820367583e-01 2.652280445e-16 4.744543497e-03 2.652280445e-16
3.311471424e-03 2.652280445e-16 1.171179934e-01 9.549749799e-03 2.652280445e-16 2.652280445e-16
1.994834809e-03 0.000000000e+00 0.000000000e+00 5.414844960e-01 5.402154273e-02 2.652280445e-16
2.652280445e-16 0.000000000e+00 5.888721450e-02 0.000000000e+00 2.652280445e-16 1.994834809e-03
2.652280445e-16 2.652280445e-16 1.994834809e-03 2.652280445e-16 2.652280445e-16 2.652280445e-16
2.652280445e-16 2.652280445e-16 2.652280445e-16 1.128448977e-02 1.994834809e-03 2.652280445e-16

2.325178199e-16 2.325178199e-16 2.325178199e-16 2.325178199e-16 2.325178199e-16 2.325178199e-16
2.325178199e-16 0.000000000e+00 3.477803982e-01 2.325178199e-16 2.325178199e-16 2.325178199e-16
2.325178199e-16 0.000000000e+00 0.000000000e+00 4.021340661e-01 2.325178199e-16 2.325178199e-16
2.325178199e-16 0.000000000e+00 2.325178199e-16 0.000000000e+00 2.325178199e-16 2.325178199e-16
2.325178199e-16 2.325178199e-16 2.500855357e-01 2.325178199e-16 0.000000000e+00 2.325178199e-16
2.325178199e-16 2.325178199e-16 2.325178199e-16 2.325178199e-16 2.325178199e-16 2.325178199e-16

1.959968436e-16 1.959968436e-16 1.959968436e-16 1.959968436e-16 1.959968436e-16 1.959968436e-16
1.959968436e-16 0.000000000e+00 3.121827288e-02 1.959968436e-16 1.959968436e-16 1.959968436e-16
1.959968436e-16 0.000000000e+00 0.000000000e+00 3.992055924e-02 1.959968436e-16 1.959968436e-16
1.959968436e-16 0.000000000e+00 0.000000000e+00 0.000000000e+00 1.959968436e-16 1.959968436e-16
1.959968436e-16 0.000000000e+00 9.282413714e-01 1.959968436e-16 0.000000000e+00 1.959968436e-16
1.959968436e-16 1.959968436e-16 1.959968436e-16 6.197964401e-04 1.959968436e-16 1.959968436e-16

1.843034720e-16 1.843034720e-16 1.843034720e-16 1.843034720e-16 1.843034720e-16 1.843034720e-16
1.843034720e-16 0.000000000e+00 5.828187523e-04 1.843034720e-16 1.843034720e-16 1.843034720e-16
1.843034720e-16 0.000000000e+00 0.000000000e+00 9.810468245e-01 1.843034720e-16 1.843034720e-16
1.843034720e-16 0.000000000e+00 0.000000000e+00 0.000000000e+00 1.720471927e-02 1.843034720e-16
5.828187523e-04 0.000000000e+00 0.000000000e+00 1.843034720e-16 0.000000000e+00 1.843034720e-16
1.843034720e-16 0.000000000e+00 1.843034720e-16 5.828187523e-04 1.843034720e-16 1.843034720e-16

1.522262115e-03 2.023960091e-16 2.023960091e-16 2.023960091e-16 2.023960091e-16 2.023960091e-16
3.939187470e-02 0.000000000e+00 1.282161704e-02 2.023960091e-16 2.023960091e-16 2.023960091e-16
2.023960091e-16 0.000000000e+00 0.000000000e+00 9.138712780e-01 2.023960091e-16 2.023960091e-16
2.023960091e-16 0.000000000e+00 0.000000000e+00 0.000000000e+00 2.877239826e-02 2.023960091e-16
2.023960091e-16 0.000000000e+00 0.000000000e+00 0.000000000e+00 0.000000000e+00 2.023960091e-16
2.023960091e-16 0.000000000e+00 2.023960091e-16 0.000000000e+00 2.023960091e-16 3.620569877e-03

0.000000000e+00 0.000000000e+00 0.000000000e+00 0.000000000e+00 0.000000000e+00 0.000000000e+00
0.000000000e+00 0.000000000e+00 0.000000000e+00 0.000000000e+00 0.000000000e+00 0.000000000e+00
0.000000000e+00 0.000000000e+00 0.000000000e+00 0.000000000e+00 0.000000000e+00 0.000000000e+00
0.000000000e+00 0.000000000e+00 0.000000000e+00 0.000000000e+00 0.000000000e+00 0.000000000e+00
0.000000000e+00 0.000000000e+00 0.000000000e+00 0.000000000e+00 0.000000000e+00 0.000000000e+00
0.000000000e+00 0.000000000e+00 0.000000000e+00 0.000000000e+00 0.000000000e+00 0.000000000e+00

0.000000000e+00 0.000000000e+00 0.000000000e+00 0.000000000e+00 0.000000000e+00 0.000000000e+00
0.000000000e+00 0.000000000e+00 0.000000000e+00 0.000000000e+00 0.000000000e+00 0.000000000e+00
0.000000000e+00 0.000000000e+00 0.000000000e+00 0.000000000e+00 0.000000000e+00 0.000000000e+00
0.000000000e+00 0.000000000e+00 0.000000000e+00 0.000000000e+00 0.000000000e+00 0.000000000e+00
0.000000000e+00 0.000000000e+00 0.000000000e+00 0.000000000e+00 0.000000000e+00 0.000000000e+00
0.000000000e+00 0.000000000e+00 0.000000000e+00 0.000000000e+00 0.000000000e+00 0.000000000e+00

