8.905790549e-04 8.905790549e-04 8.905790549e-04 8.905790549e-04 8.905790549e-04 8.905790549e-04
8.905790549e-04 8.905790549e-04 8.905790549e-04 8.905790549e-04 8.905790549e-04 8.905790549e-04
8.905790549e-04 2.118165897e-03 8.905790549e-04 8.905790549e-04 8.905790549e-04 8.905790549e-04
5.736143614e-02 2.711047611e-01 8.905790549e-04 8.905790549e-04 8.905790549e-04 8.905790549e-04
1.675337834e-01 8.905790549e-04 3.064800424e-01 8.905790549e-04 8.905790549e-04 8.905790549e-04
8.905790549e-04 1.612120291e-01 8.362989276e-03 8.905790549e-04 8.905790549e-04 8.905790549e-04

2.249857342e-16 2.249857342e-16 2.249857342e-16 2.249857342e-16 2.249857342e-16 2.249857342e-16
2.249857342e-16 2.249857342e-16 2.249857342e-16 2.249857342e-16 2.249857342e-16 2.249857342e-16
2.249857342e-16 2.249857342e-16 2.249857342e-16 2.249857342e-16 2.249857342e-16 2.249857342e-16
2.249857342e-16 8.100792937e-03 8.292216330e-02 0.000000000e+00 2.249857342e-16 2.249857342e-16
6.966684979e-01 0.000000000e+00 2.249857342e-16 2.054748476e-01 2.249857342e-16 2.249857342e-16
2.249857342e-16 2.809031115e-03 4.024667165e-03 2.249857342e-16 2.249857342e-16 2.249857342e-16

2.133683847e-16 2.133683847e-16 2.133683847e-16 6.747300764e-04 2.133683847e-16 2.133683847e-16
6.747300764e-04 2.133683847e-16 2.133683847e-16 2.133683847e-16 2.133683847e-16 6.747300764e-04
2.133683847e-16 2.133683847e-16 6.747300764e-04 2.133683847e-16 2.133683847e-16 6.747300764e-04
2.133683847e-16 1.489212417e-01 1.199858602e-02 0.000000000e+00 6.747300764e-04 2.133683847e-16
8.144391345e-01 0.000000000e+00 0.000000000e+00 0.000000000e+00 6.747300764e-04 2.133683847e-16
2.133683847e-16 1.991792732e-02 2.133683847e-16 2.133683847e-16 2.133683847e-16 2.133683847e-16

6.768214415e-04 6.768214415e-04 6.768214415e-04 6.768214415e-04 6.768214415e-04 6.768214415e-04
6.768214415e-04 6.768214415e-04 6.768214415e-04 6.768214415e-04 6.768214415e-04 6.768214415e-04
6.768214415e-04 6.768214415e-04 3.828680247e-03 0.000000000e+00 6.768214415e-04 6.768214415e-04
6.768214415e-04 8.662153822e-01 0.000000000e+00 0.000000000e+00 6.768214415e-04 6.768214415e-04
1.060028833e-01 0.000000000e+00 0.000000000e+00 0.000000000e+00 6.768214415e-04 6.768214415e-04
6.768214415e-04 6.355696809e-03 6.768214415e-04 6.768214415e-04 6.768214415e-04 6.768214415e-04

6.613303710e-04 1.572917565e-03 6.210227795e-03 1.572917565e-03 6.613303710e-04 6.613303710e-04
6.613303710e-04 6.613303710e-04 2.611079145e-03 3.741049519e-03 6.613303710e-04 6.613303710e-04
3.513035349e-02 0.000000000e+00 6.210227795e-03 0.000000000e+00 3.741049519e-03 6.613303710e-04
6.613303710e-04 0.000000000e+00 0.000000000e+00 0.000000000e+00 6.613303710e-04 6.613303710e-04
9.266449006e-01 0.000000000e+00 0.000000000e+00 0.000000000e+00 6.613303710e-04 6.613303710e-04
6.613303710e-04 6.613303710e-04 6.613303710e-04 6.613303710e-04 6.613303710e-04 6.613303710e-04

