2.433033205e-16 7.693926550e-04 7.693926550e-04 7.693926550e-04 7.693926550e-04 7.693926550e-04
7.693926550e-04 2.433033205e-16 1.829934439e-03 7.693926550e-04 2.433033205e-16 7.693926550e-04
2.433033205e-16 3.037733037e-03 2.655884520e-02 1.199364452e-02 2.433033205e-16 7.693926550e-04
5.752551844e-03 5.401938113e-02 2.433033205e-16 7.457712576e-01 7.693926550e-04 7.693926550e-04
7.693926550e-04 7.693926550e-04 1.074365900e-01 7.693926550e-04 2.433033205e-16 2.433033205e-16
2.433033205e-16 7.693926550e-04 3.052038707e-02 2.433033205e-16 7.693926550e-04 7.693926550e-04

1.831754424e-16 1.831754424e-16 1.831754424e-16 1.831754424e-16 1.831754424e-16 1.831754424e-16
1.831754424e-16 1.831754424e-16 1.831754424e-16 1.831754424e-16 1.831754424e-16 1.831754424e-16
1.831754424e-16 5.792516095e-04 1.831754424e-16 1.831754424e-16 1.831754424e-16 1.831754424e-16
1.831754424e-16 0.000000000e+00 0.000000000e+00 1.831754424e-16 1.831754424e-16 1.831754424e-16
1.377700271e-03 1.831754424e-16 9.878549059e-01 5.792516095e-04 1.831754424e-16 1.831754424e-16
1.831754424e-16 1.831754424e-16 9.029638961e-03 1.831754424e-16 5.792516095e-04 1.831754424e-16

2.029277095e-16 2.029277095e-16 2.029277095e-16 2.029277095e-16 2.029277095e-16 2.029277095e-16
2.029277095e-16 2.029277095e-16 2.029277095e-16 2.029277095e-16 2.029277095e-16 2.029277095e-16
2.029277095e-16 2.029277095e-16 2.029277095e-16 2.029277095e-16 2.029277095e-16 2.029277095e-16
2.029277095e-16 0.000000000e+00 0.000000000e+00 0.000000000e+00 2.029277095e-16 2.029277095e-16
2.029277095e-16 0.000000000e+00 2.029277095e-16 2.054674688e-01 2.029277095e-16 2.029277095e-16
2.029277095e-16 2.029277095e-16 7.945325312e-01 2.029277095e-16 2.029277095e-16 2.029277095e-16

1.773306804e-16 1.773306804e-16 1.773306804e-16 1.773306804e-16 1.773306804e-16 1.773306804e-16
1.773306804e-16 1.773306804e-16 1.773306804e-16 1.773306804e-16 1.773306804e-16 1.773306804e-16
1.773306804e-16 1.773306804e-16 1.773306804e-16 1.773306804e-16 1.773306804e-16 1.773306804e-16
0.000000000e+00 0.000000000e+00 0.000000000e+00 0.000000000e+00 1.773306804e-16 1.773306804e-16
1.773306804e-16 0.000000000e+00 0.000000000e+00 1.773306804e-16 1.773306804e-16 1.773306804e-16
1.773306804e-16 1.773306804e-16 1.000000000e+00 1.773306804e-16 1.773306804e-16 1.773306804e-16

