2.193542208e-16 6.936589522e-04 6.936589522e-04 6.936589522e-04 2.193542208e-16 2.193542208e-16
6.936589522e-04 2.193542208e-16 2.193542208e-16 2.193542208e-16 6.936589522e-04 6.936589522e-04
6.936589522e-04 2.193542208e-16 2.193542208e-16 6.936589522e-04 2.193542208e-16 3.923927591e-03
6.936589522e-04 2.193542208e-16 1.389590550e-02 8.768984070e-01 6.936589522e-04 6.936589522e-04
6.936589522e-04 6.936589522e-04 2.571796654e-02 2.193542208e-16 3.493862348e-02 1.649808323e-03
2.193542208e-16 6.936589522e-04 6.936589522e-04 3.118315934e-02 6.936589522e-04 6.936589522e-04

2.008007224e-16 6.349876387e-04 2.008007224e-16 5.962856171e-03 2.008007224e-16 2.008007224e-16
2.008007224e-16 2.008007224e-16 2.008007224e-16 3.592032522e-03 6.349876387e-04 6.349876387e-04
6.349876387e-04 2.008007224e-16 6.349876387e-04 2.008007224e-16 3.592032522e-03 9.898477671e-03
2.008007224e-16 6.349876387e-04 0.000000000e+00 9.441459614e-01 6.349876387e-04 2.008007224e-16
2.008007224e-16 2.008007224e-16 6.349876387e-04 0.000000000e+00 6.349876387e-04 2.008007224e-16
6.349876387e-04 2.008007224e-16 6.349876387e-04 2.518878805e-02 6.349876387e-04 2.008007224e-16

2.086229057e-16 2.086229057e-16 2.086229057e-16 6.597235543e-04 2.086229057e-16 2.086229057e-16
2.086229057e-16 2.086229057e-16 2.086229057e-16 2.086229057e-16 2.086229057e-16 6.597235543e-04
8.168312043e-01 2.086229057e-16 2.086229057e-16 0.000000000e+00 6.597235543e-04 3.731959991e-03
2.086229057e-16 2.604735077e-03 0.000000000e+00 0.000000000e+00 6.597235543e-04 6.597235543e-04
1.702690242e-01 2.086229057e-16 6.597235543e-04 0.000000000e+00 2.086229057e-16 2.086229057e-16
2.604735077e-03 2.086229057e-16 2.086229057e-16 2.086229057e-16 2.086229057e-16 2.086229057e-16

1.955488173e-16 1.955488173e-16 1.955488173e-16 6.183796565e-04 1.955488173e-16 1.955488173e-16
1.955488173e-16 1.955488173e-16 1.955488173e-16 1.955488173e-16 1.955488173e-16 1.955488173e-16
8.016786055e-02 6.183796565e-04 6.183796565e-04 0.000000000e+00 1.955488173e-16 1.955488173e-16
0.000000000e+00 1.955488173e-16 0.000000000e+00 0.000000000e+00 0.000000000e+00 6.183796565e-04
9.161218615e-01 6.183796565e-04 1.955488173e-16 0.000000000e+00 1.955488173e-16 1.955488173e-16
6.183796565e-04 1.955488173e-16 1.955488173e-16 1.955488173e-16 1.955488173e-16 1.955488173e-16

