1.954249276e-03 1.105490332e-02 1.954249276e-03 1.065215716e-01 2.598318976e-16 2.598318976e-16
2.598318976e-16 0.000000000e+00 2.598318976e-16 5.529552203e-02 2.598318976e-16 2.598318976e-16
1.835139244e-02 1.835139244e-02 4.932738060e-01 2.761716464e-01 2.598318976e-16 2.598318976e-16
2.598318976e-16 2.598318976e-16 7.715810060e-03 2.598318976e-16 2.598318976e-16 2.598318976e-16
9.355457176e-03 2.598318976e-16 2.598318976e-16 2.598318976e-16 2.598318976e-16 2.598318976e-16
2.598318976e-16 2.598318976e-16 2.598318976e-16 2.598318976e-16 2.598318976e-16 2.598318976e-16

2.903917793e-16 8.663907632e-02 7.539333664e-02 2.266801588e-02 6.865889715e-03 2.903917793e-16
9.182994365e-04 0.000000000e+00 0.000000000e+00 3.799806000e-01 2.184096447e-03 2.903917793e-16
3.883933741e-02 2.903917793e-16 0.000000000e+00 2.486820062e-02 9.182994365e-04 9.182994365e-04
9.182994365e-04 1.282296619e-01 2.162809068e-01 9.182994365e-04 2.903917793e-16 9.182994365e-04
2.903917793e-16 9.182994365e-04 9.182994365e-04 2.903917793e-16 2.903917793e-16 9.182994365e-04
9.182994365e-04 9.182994365e-04 9.182994365e-04 5.194686069e-03 9.182994365e-04 9.182994365e-04

2.479159177e-16 2.479159177e-16 1.054792166e-02 7.839789683e-04 1.222102264e-02 2.479159177e-16
2.479159177e-16 0.000000000e+00 0.000000000e+00 0.000000000e+00 2.479159177e-16 2.479159177e-16
4.434854758e-03 0.000000000e+00 0.000000000e+00 1.864626734e-03 2.479159177e-16 2.479159177e-16
3.276739589e-01 2.479159177e-16 3.441387702e-01 1.864626734e-03 2.479159177e-16 2.479159177e-16
2.479159177e-16 2.920353846e-01 2.479159177e-16 2.479159177e-16 2.479159177e-16 2.479159177e-16
2.479159177e-16 2.479159177e-16 2.479159177e-16 4.434854758e-03 2.479159177e-16 2.479159177e-16

2.514227027e-16 1.891001987e-03 2.514227027e-16 7.950683962e-04 7.466095721e-03 2.514227027e-16
2.514227027e-16 0.000000000e+00 0.000000000e+00 0.000000000e+00 7.950683962e-04 2.514227027e-16
1.891001987e-03 0.000000000e+00 0.000000000e+00 2.514227027e-16 0.000000000e+00 2.514227027e-16
3.157774026e-01 0.000000000e+00 3.389683441e-01 3.362729898e-02 2.514227027e-16 7.950683962e-04
2.514227027e-16 2.929223738e-01 2.514227027e-16 2.514227027e-16 2.514227027e-16 7.950683962e-04
2.514227027e-16 7.950683962e-04 1.891001987e-03 7.950683962e-04 7.950683962e-04 2.514227027e-16

1.980184821e-16 1.980184821e-16 1.980184821e-16 1.980184821e-16 1.980184821e-16 1.980184821e-16
1.980184821e-16 0.000000000e+00 0.000000000e+00 0.000000000e+00 1.980184821e-16 1.980184821e-16
0.000000000e+00 0.000000000e+00 0.000000000e+00 0.000000000e+00 0.000000000e+00 1.980184821e-16
1.980184821e-16 0.000000000e+00 8.640918888e-01 1.980184821e-16 1.980184821e-16 1.980184821e-16
1.980184821e-16 1.359081112e-01 1.980184821e-16 1.980184821e-16 1.980184821e-16 1.980184821e-16
1.980184821e-16 1.980184821e-16 1.980184821e-16 1.980184821e-16 1.980184821e-16 1.980184821e-16

0.000000000e+00 0.000000000e+00 0.000000000e+00 0.000000000e+00 0.000000000e+00 0.000000000e+00
0.000000000e+00 0.000000000e+00 0.000000000e+00 0.000000000e+00 0.000000000e+00 0.000000000e+00
0.000000000e+00 0.000000000e+00 0.000000000e+00 0.000000000e+00 0.000000000e+00 0.000000000e+00
0.000000000e+00 0.000000000e+00 0.000000000e+00 0.000000000e+00 0.000000000e+00 0.000000000e+00
0.000000000e+00 0.000000000e+00 0.000000000e+00 0.000000000e+00 0.000000000e+00 0.000000000e+00
0.000000000e+00 0.000000000e+00 0.000000000e+00 0.000000000e+00 0.000000000e+00 0.000000000e+00

