2.508049922e-16 2.508049922e-16 2.508049922e-16 2.508049922e-16 2.508049922e-16 2.508049922e-16
2.508049922e-16 2.508049922e-16 2.508049922e-16 1.410380117e-02 2.508049922e-16 2.508049922e-16
2.508049922e-16 2.508049922e-16 2.508049922e-16 3.281808861e-01 3.381355462e-01 2.508049922e-16
2.508049922e-16 1.410380117e-02 2.729391903e-01 3.131394217e-03 2.508049922e-16 2.508049922e-16
2.508049922e-16 2.508049922e-16 2.940538082e-02 2.508049922e-16 0.000000000e+00 2.508049922e-16
2.508049922e-16 2.508049922e-16 2.508049922e-16 2.508049922e-16 2.508049922e-16 2.508049922e-16

1.782088925e-16 1.782088925e-16 1.782088925e-16 1.782088925e-16 1.782088925e-16 1.782088925e-16
1.782088925e-16 1.340345825e-03 1.782088925e-16 1.782088925e-16 1.782088925e-16 1.782088925e-16
1.782088925e-16 1.782088925e-16 0.000000000e+00 1.782088925e-16 1.782088925e-16 1.782088925e-16
1.782088925e-16 1.782088925e-16 1.782088925e-16 1.782088925e-16 1.782088925e-16 1.782088925e-16
1.782088925e-16 1.782088925e-16 9.986596542e-01 0.000000000e+00 0.000000000e+00 1.782088925e-16
1.782088925e-16 1.782088925e-16 1.782088925e-16 1.782088925e-16 1.782088925e-16 1.782088925e-16

7.636913826e-04 7.636913826e-04 7.636913826e-04 7.636913826e-04 7.636913826e-04 7.636913826e-04
7.636913826e-04 1.705667787e-02 7.636913826e-04 7.636913826e-04 7.636913826e-04 7.636913826e-04
7.636913826e-04 7.636913826e-04 0.000000000e+00 2.831447552e-02 3.287988971e-01 7.636913826e-04
7.636913826e-04 7.636913826e-04 1.358056661e-02 0.000000000e+00 0.000000000e+00 7.636913826e-04
7.636913826e-04 7.636913826e-04 5.923934069e-01 0.000000000e+00 0.000000000e+00 7.636913826e-04
7.636913826e-04 7.636913826e-04 7.636913826e-04 7.636913826e-04 7.636913826e-04 7.636913826e-04

7.192621514e-03 7.659459864e-04 7.659459864e-04 7.659459864e-04 7.659459864e-04 7.659459864e-04
7.659459864e-04 1.662408667e-01 7.659459864e-04 7.659459864e-04 7.659459864e-04 7.659459864e-04
7.659459864e-04 7.659459864e-04 0.000000000e+00 4.496916563e-02 7.235394191e-01 1.821736833e-03
7.659459864e-04 1.890720509e-02 7.659459864e-04 0.000000000e+00 0.000000000e+00 7.659459864e-04
7.659459864e-04 1.821736833e-03 0.000000000e+00 0.000000000e+00 0.000000000e+00 1.193991628e-02
7.659459864e-04 7.659459864e-04 1.821736833e-03 7.659459864e-04 0.000000000e+00 7.192621514e-03

3.377721106e-03 8.555043443e-04 8.555043443e-04 8.555043443e-04 8.555043443e-04 8.555043443e-04
8.555043443e-04 2.273114357e-01 8.555043443e-04 8.555043443e-04 8.555043443e-04 8.555043443e-04
8.555043443e-04 8.555043443e-04 0.000000000e+00 1.856786068e-01 3.575688975e-01 2.034743706e-03
8.555043443e-04 2.034743706e-03 8.555043443e-04 0.000000000e+00 0.000000000e+00 8.555043443e-04
1.888203501e-01 0.000000000e+00 0.000000000e+00 0.000000000e+00 0.000000000e+00 8.033619944e-03
8.555043443e-04 8.555043443e-04 8.555043443e-04 0.000000000e+00 0.000000000e+00 9.740803203e-03

