2.556826973e-16 5.929545808e-01 1.578837671e-01 8.085396820e-04 8.085396820e-04 2.556826973e-16
9.423602995e-02 2.556826973e-16 4.072500388e-02 2.556826973e-16 2.556826973e-16 1.923042285e-03
7.592597931e-03 8.903010975e-02 4.573791136e-03 2.556826973e-16 2.556826973e-16 2.556826973e-16
2.556826973e-16 2.556826973e-16 2.556826973e-16 0.000000000e+00 2.556826973e-16 8.085396820e-04
8.085396820e-04 2.556826973e-16 2.556826973e-16 2.556826973e-16 1.923042285e-03 8.085396820e-04
2.556826973e-16 2.556826973e-16 1.923042285e-03 2.556826973e-16 3.192294192e-03 2.556826973e-16

2.533666128e-16 7.523820892e-03 2.313945208e-01 2.533666128e-16 2.533666128e-16 2.533666128e-16
9.122669377e-03 0.000000000e+00 3.348782193e-01 0.000000000e+00 2.533666128e-16 2.533666128e-16
1.977782710e-02 3.721114391e-01 2.533666128e-16 1.977782710e-02 2.533666128e-16 2.533666128e-16
2.533666128e-16 8.012155795e-04 1.905622536e-03 0.000000000e+00 2.533666128e-16 2.533666128e-16
2.533666128e-16 2.533666128e-16 2.533666128e-16 2.533666128e-16 8.012155795e-04 2.533666128e-16
2.533666128e-16 2.533666128e-16 2.533666128e-16 1.905622536e-03 2.533666128e-16 2.533666128e-16

3.415837468e-03 1.348648477e-02 2.986460544e-02 8.651584017e-04 4.357680896e-02 6.468567807e-03
8.651584017e-04 0.000000000e+00 2.465076570e-01 0.000000000e+00 2.057705054e-03 8.651584017e-04
6.074313438e-02 5.428167725e-01 0.000000000e+00 0.000000000e+00 1.348648477e-02 8.651584017e-04
8.651584017e-04 3.415837468e-03 4.894074981e-03 0.000000000e+00 2.057705054e-03 8.651584017e-04
8.651584017e-04 2.057705054e-03 8.651584017e-04 4.894074981e-03 8.651584017e-04 2.057705054e-03
8.651584017e-04 2.057705054e-03 8.651584017e-04 4.894074981e-03 8.651584017e-04 8.651584017e-04

