2.554020676e-16 8.076522528e-04 2.554020676e-16 7.584264521e-03 8.076522528e-04 2.554020676e-16
2.554020676e-16 2.554020676e-16 8.076522528e-04 1.902209178e-01 8.076522528e-04 8.076522528e-04
8.076522528e-04 2.554020676e-16 2.618030028e-01 2.554020676e-16 4.812375630e-01 1.993671493e-02
8.076522528e-04 2.554020676e-16 6.038609059e-03 2.187179634e-02 8.076522528e-04 2.554020676e-16
8.076522528e-04 2.554020676e-16 2.554020676e-16 8.076522528e-04 2.554020676e-16 2.554020676e-16
8.076522528e-04 8.076522528e-04 8.076522528e-04 8.076522528e-04 2.554020676e-16 2.554020676e-16

2.237341838e-16 7.075096114e-04 2.237341838e-16 1.682750927e-03 2.237341838e-16 2.237341838e-16
2.237341838e-16 2.237341838e-16 2.237341838e-16 4.002278751e-03 5.289868175e-03 2.237341838e-16
2.237341838e-16 2.237341838e-16 7.075096114e-04 0.000000000e+00 1.535578397e-01 6.023062911e-02
7.075096114e-04 0.000000000e+00 7.075096114e-04 7.671862959e-01 2.237341838e-16 7.075096114e-04
2.237341838e-16 2.237341838e-16 2.237341838e-16 7.075096114e-04 1.682750927e-03 2.237341838e-16
2.237341838e-16 7.075096114e-04 2.237341838e-16 7.075096114e-04 7.075096114e-04 2.237341838e-16

2.326584725e-16 2.326584725e-16 2.326584725e-16 4.161921281e-03 2.326584725e-16 2.326584725e-16
2.326584725e-16 2.326584725e-16 2.326584725e-16 8.377056073e-03 7.357306901e-04 2.326584725e-16
2.326584725e-16 2.326584725e-16 6.518346326e-01 0.000000000e+00 2.355703297e-01 4.112859590e-02
2.326584725e-16 0.000000000e+00 5.819173384e-02 0.000000000e+00 0.000000000e+00 2.326584725e-16
2.326584725e-16 2.326584725e-16 2.326584725e-16 2.326584725e-16 2.326584725e-16 2.326584725e-16
2.326584725e-16 2.326584725e-16 2.326584725e-16 2.326584725e-16 2.326584725e-16 2.326584725e-16

9.598375570e-04 2.282891304e-03 5.429661162e-03 1.496238674e-02 9.598375570e-04 9.598375570e-04
1.291398337e-02 9.598375570e-04 0.000000000e+00 6.739059759e-02 1.092874491e-02 9.598375570e-04
7.176459604e-03 9.598375570e-04 2.587027703e-01 0.000000000e+00 1.118699339e-01 3.812187884e-01
5.429661162e-03 0.000000000e+00 0.000000000e+00 0.000000000e+00 0.000000000e+00 1.092874491e-02
2.282891304e-03 9.598375570e-04 1.291398337e-02 3.789651796e-03 2.599308241e-02 3.789651796e-03
7.176459604e-03 9.598375570e-04 9.598375570e-04 9.598375570e-04 2.599308241e-02 1.922819844e-02

