2.704821149e-16 2.704821149e-16 2.704821149e-16 6.395154765e-03 2.704821149e-16 2.704821149e-16
3.377070460e-03 2.704821149e-16 0.000000000e+00 8.336222780e-02 2.034351756e-03 3.377070460e-03
2.704821149e-16 2.704821149e-16 4.829308607e-01 2.704821149e-16 1.137237204e-01 1.521032709e-02
4.838531166e-03 2.704821149e-16 1.252076180e-01 1.518148450e-01 4.838531166e-03 2.704821149e-16
2.704821149e-16 2.704821149e-16 2.704821149e-16 8.553395496e-04 2.704821149e-16 2.034351756e-03
2.704821149e-16 2.704821149e-16 2.704821149e-16 2.704821149e-16 2.704821149e-16 2.704821149e-16

1.083858835e-03 4.279315340e-03 1.083858835e-03 1.083858835e-03 3.199534489e-02 2.420746316e-02
2.171268734e-02 0.000000000e+00 0.000000000e+00 1.689568714e-02 1.083858835e-03 1.017798450e-02
2.171268734e-02 3.199534489e-02 5.164176453e-02 0.000000000e+00 2.420746316e-02 1.927403850e-02
1.927403850e-02 6.670792431e-02 8.103734941e-03 4.530125550e-01 2.420746316e-02 1.017798450e-02
4.279315340e-03 8.103734941e-03 2.171268734e-02 1.234085564e-02 1.083858835e-03 1.458260815e-02
1.017798450e-02 2.935166667e-02 2.577865277e-03 1.017798450e-02 2.935166667e-02 1.234085564e-02

6.267789686e-03 8.383047173e-04 6.267789686e-03 1.517493633e-01 1.679355985e-02 8.383047173e-04
8.383047173e-04 0.000000000e+00 0.000000000e+00 4.742167602e-03 1.993835869e-03 1.127883891e-02
8.383047173e-04 1.306787726e-02 0.000000000e+00 0.000000000e+00 9.544967633e-03 8.383047173e-04
4.742167602e-03 1.127883891e-02 0.000000000e+00 6.941752078e-01 8.383047173e-04 8.383047173e-04
1.127883891e-02 4.742167602e-03 1.127883891e-02 8.383047173e-04 8.383047173e-04 6.267789686e-03
1.993835869e-03 7.872106718e-03 1.993835869e-03 9.544967633e-03 4.742167602e-03 8.383047173e-04

7.525097289e-04 7.525097289e-04 7.525097289e-04 9.755672648e-02 7.525097289e-04 7.525097289e-04
7.525097289e-04 0.000000000e+00 0.000000000e+00 0.000000000e+00 7.525097289e-04 7.525097289e-04
1.152781910e-01 0.000000000e+00 0.000000000e+00 0.000000000e+00 1.507484917e-02 7.525097289e-04
5.626322530e-03 8.568102812e-03 0.000000000e+00 7.405880842e-01 7.525097289e-04 7.525097289e-04
7.525097289e-04 7.525097289e-04 7.525097289e-04 7.525097289e-04 7.525097289e-04 7.525097289e-04
7.525097289e-04 7.525097289e-04 7.525097289e-04 7.525097289e-04 7.525097289e-04 7.525097289e-04

