8.578343124e-04 2.040285335e-03 2.040285335e-03 1.337231352e-02 3.195468036e-01 8.578343124e-04
8.578343124e-04 8.578343124e-04 2.040285335e-03 1.169138962e-01 2.712710282e-16 1.140554176e-01
8.578343124e-04 8.578343124e-04 8.578343124e-04 8.578343124e-04 3.947486233e-01 8.055499527e-03
8.578343124e-04 2.712710282e-16 8.578343124e-04 4.852643675e-03 8.578343124e-04 4.852643675e-03
8.578343124e-04 2.712710282e-16 2.712710282e-16 2.712710282e-16 8.578343124e-04 2.040285335e-03
8.578343124e-04 8.578343124e-04 8.578343124e-04 8.578343124e-04 8.578343124e-04 2.712710282e-16

2.168564658e-16 2.168564658e-16 2.168564658e-16 1.068994603e-02 2.168564658e-16 2.168564658e-16
2.168564658e-16 2.168564658e-16 2.168564658e-16 4.024641358e-01 0.000000000e+00 2.168564658e-16
2.168564658e-16 2.168564658e-16 2.168564658e-16 2.168564658e-16 5.810329033e-01 5.127254573e-03
2.168564658e-16 2.168564658e-16 2.168564658e-16 0.000000000e+00 6.857603575e-04 2.168564658e-16
2.168564658e-16 2.168564658e-16 2.168564658e-16 2.168564658e-16 2.168564658e-16 2.168564658e-16
2.168564658e-16 2.168564658e-16 2.168564658e-16 2.168564658e-16 2.168564658e-16 2.168564658e-16

2.140208145e-16 2.140208145e-16 2.140208145e-16 5.539533960e-01 2.140208145e-16 2.140208145e-16
2.140208145e-16 2.140208145e-16 4.369407959e-01 2.140208145e-16 0.000000000e+00 2.140208145e-16
2.140208145e-16 2.140208145e-16 2.140208145e-16 0.000000000e+00 9.105808155e-03 2.140208145e-16
2.140208145e-16 2.140208145e-16 0.000000000e+00 0.000000000e+00 2.140208145e-16 2.140208145e-16
2.140208145e-16 2.140208145e-16 2.140208145e-16 2.140208145e-16 2.140208145e-16 2.140208145e-16
2.140208145e-16 2.140208145e-16 2.140208145e-16 2.140208145e-16 2.140208145e-16 2.140208145e-16

2.113127429e-16 2.113127429e-16 2.113127429e-16 3.654603872e-01 2.113127429e-16 2.113127429e-16
2.113127429e-16 2.113127429e-16 6.312330645e-01 0.000000000e+00 0.000000000e+00 2.113127429e-16
2.113127429e-16 2.113127429e-16 2.638318700e-03 0.000000000e+00 2.113127429e-16 2.113127429e-16
2.113127429e-16 0.000000000e+00 0.000000000e+00 0.000000000e+00 2.113127429e-16 2.113127429e-16
6.682295663e-04 2.113127429e-16 2.113127429e-16 2.113127429e-16 2.113127429e-16 2.113127429e-16
2.113127429e-16 2.113127429e-16 2.113127429e-16 2.113127429e-16 2.113127429e-16 2.113127429e-16

