2.501258858e-16 2.501258858e-16 2.501258858e-16 2.501258858e-16 2.501258858e-16 2.501258858e-16
2.501258858e-16 0.000000000e+00 2.501258858e-16 2.501258858e-16 2.501258858e-16 2.501258858e-16
2.501258858e-16 2.501258858e-16 2.501258858e-16 1.766587679e-02 2.501258858e-16 2.501258858e-16
2.501258858e-16 2.501258858e-16 1.572968419e-01 5.469663991e-01 2.501258858e-16 2.501258858e-16
2.501258858e-16 2.501258858e-16 1.584526461e-02 2.501258858e-16 3.555762604e-02 4.474387869e-03
2.501258858e-16 2.501258858e-16 2.501258858e-16 2.131876193e-01 9.005984387e-03 2.501258858e-16

1.801219703e-03 5.662284670e-03 1.801219703e-03 1.801219703e-03 2.394854838e-16 2.394854838e-16
2.394854838e-16 0.000000000e+00 1.801219703e-03 2.394854838e-16 2.394854838e-16 1.801219703e-03
8.173692043e-01 0.000000000e+00 7.573195955e-04 5.662284670e-03 2.394854838e-16 2.990065917e-03
1.801219703e-03 4.284046572e-03 8.622868126e-03 5.763903048e-02 2.394854838e-16 2.394854838e-16
1.801219703e-03 1.801219703e-03 7.111615326e-03 0.000000000e+00 1.346725843e-02 1.801219703e-03
2.394854838e-16 1.801219703e-03 5.662284670e-03 4.233545240e-02 8.622868126e-03 1.801219703e-03

6.295186208e-04 1.497256046e-03 6.295186208e-04 1.990712671e-16 6.295186208e-04 1.990712671e-16
0.000000000e+00 0.000000000e+00 2.485479292e-03 1.990712671e-16 1.990712671e-16 6.295186208e-04
9.564064061e-01 0.000000000e+00 1.990712671e-16 1.405999410e-02 1.990712671e-16 6.295186208e-04
6.295186208e-04 0.000000000e+00 8.469759225e-03 3.561095085e-03 1.990712671e-16 1.990712671e-16
1.990712671e-16 6.295186208e-04 6.295186208e-04 0.000000000e+00 6.295186208e-04 6.295186208e-04
1.990712671e-16 6.295186208e-04 6.295186208e-04 4.706749512e-03 6.295186208e-04 6.295186208e-04

6.337386666e-03 8.476131785e-04 8.476131785e-04 8.476131785e-04 8.476131785e-04 8.476131785e-04
0.000000000e+00 0.000000000e+00 6.337386666e-03 8.476131785e-04 8.476131785e-04 8.476131785e-04
4.598313759e-01 0.000000000e+00 0.000000000e+00 3.584967269e-02 8.476131785e-04 8.476131785e-04
1.893103062e-02 0.000000000e+00 0.000000000e+00 4.038555461e-02 8.476131785e-04 8.476131785e-04
2.015975245e-03 8.476131785e-04 3.684977481e-01 0.000000000e+00 8.476131785e-04 4.794824210e-03
8.476131785e-04 2.015975245e-03 2.295396658e-02 6.337386666e-03 9.650954105e-03 3.346565031e-03

5.365936894e-03 7.176836550e-04 7.176836550e-04 7.176836550e-04 7.176836550e-04 7.176836550e-04
0.000000000e+00 0.000000000e+00 2.833574424e-03 7.176836550e-04 7.176836550e-04 7.176836550e-04
1.770925824e-01 0.000000000e+00 0.000000000e+00 7.673445233e-01 7.176836550e-04 7.176836550e-04
2.833574424e-03 0.000000000e+00 0.000000000e+00 7.176836550e-04 7.176836550e-04 7.176836550e-04
1.706949018e-03 0.000000000e+00 0.000000000e+00 0.000000000e+00 7.176836550e-04 7.176836550e-04
7.176836550e-04 7.176836550e-04 7.176836550e-04 2.846918644e-02 7.176836550e-04 7.176836550e-04

