2.262654662e-16 2.262654662e-16 2.262654662e-16 2.262654662e-16 2.262654662e-16 2.262654662e-16
2.262654662e-16 8.146870722e-03 1.701789224e-03 8.146870722e-03 2.262654662e-16 2.262654662e-16
2.262654662e-16 0.000000000e+00 2.262654662e-16 6.719041721e-03 2.262654662e-16 2.262654662e-16
2.262654662e-16 2.066436006e-01 6.091206603e-02 7.077297610e-01 2.262654662e-16 2.262654662e-16
2.262654662e-16 2.262654662e-16 2.262654662e-16 2.262654662e-16 2.262654662e-16 2.262654662e-16
2.262654662e-16 2.262654662e-16 2.262654662e-16 2.262654662e-16 2.262654662e-16 2.262654662e-16

1.773306804e-16 1.773306804e-16 1.773306804e-16 1.773306804e-16 1.773306804e-16 1.773306804e-16
1.773306804e-16 0.000000000e+00 1.773306804e-16 1.000000000e+00 1.773306804e-16 1.773306804e-16
1.773306804e-16 0.000000000e+00 0.000000000e+00 1.773306804e-16 1.773306804e-16 1.773306804e-16
1.773306804e-16 1.773306804e-16 1.773306804e-16 1.773306804e-16 1.773306804e-16 1.773306804e-16
1.773306804e-16 1.773306804e-16 1.773306804e-16 1.773306804e-16 1.773306804e-16 1.773306804e-16
1.773306804e-16 1.773306804e-16 1.773306804e-16 1.773306804e-16 1.773306804e-16 1.773306804e-16

1.999346624e-03 1.999346624e-03 1.999346624e-03 3.318961141e-03 1.999346624e-03 3.318961141e-03
1.999346624e-03 0.000000000e+00 0.000000000e+00 5.427091979e-01 4.755274462e-03 1.999346624e-03
3.318961141e-03 0.000000000e+00 0.000000000e+00 7.893864405e-03 3.318961141e-03 1.999346624e-03
1.999346624e-03 0.000000000e+00 1.433055113e-01 2.395164705e-01 3.318961141e-03 3.318961141e-03
1.999346624e-03 8.406217047e-04 8.406217047e-04 1.999346624e-03 4.755274462e-03 1.999346624e-03
1.999346624e-03 1.999346624e-03 8.406217047e-04 3.318961141e-03 3.318961141e-03 1.999346624e-03

