[[0.    0.    0.    0.    0.    0.   ]
 [0.    0.223 0.    0.    0.    0.   ]
 [0.    0.    0.    0.    0.    0.   ]
 [0.    0.    0.    0.    0.    0.   ]
 [0.    0.001 0.    0.    0.774 0.   ]
 [0.    0.    0.    0.    0.    0.   ]]
[[0. 0. 0. 0. 0. 0.]
 [0. 0. 0. 0. 0. 0.]
 [0. 0. 1. 2. 0. 0.]
 [0. 0. 2. 1. 0. 0.]
 [0. 0. 0. 2. 0. 0.]
 [0. 0. 0. 0. 0. 0.]]
[[0. 0. 0. 0. 0. 0.]
 [0. 1. 0. 0. 0. 0.]
 [0. 0. 0. 0. 0. 0.]
 [0. 0. 0. 0. 0. 0.]
 [0. 0. 0. 0. 0. 0.]
 [0. 0. 0. 0. 0. 0.]]
[[0. 0. 0. 0. 0. 0.]
 [0. 1. 0. 0. 0. 0.]
 [0. 0. 1. 2. 0. 0.]
 [0. 0. 2. 1. 0. 0.]
 [0. 0. 0. 2. 0. 0.]
 [0. 0. 0. 0. 0. 0.]]
