[[0.    0.    0.    0.    0.01  0.   ]
 [0.    0.    0.    0.005 0.    0.022]
 [0.    0.    0.005 0.045 0.    0.   ]
 [0.    0.    0.    0.    0.    0.85 ]
 [0.    0.    0.    0.    0.    0.041]
 [0.    0.    0.    0.    0.022 0.   ]]
[[0. 2. 2. 0. 0. 0.]
 [0. 0. 0. 0. 1. 0.]
 [0. 0. 0. 0. 1. 2.]
 [2. 0. 0. 0. 1. 0.]
 [0. 0. 0. 0. 1. 0.]
 [0. 0. 2. 0. 0. 0.]]
[[0. 0. 0. 0. 0. 0.]
 [0. 0. 0. 0. 0. 0.]
 [0. 0. 0. 0. 0. 0.]
 [0. 0. 0. 0. 0. 0.]
 [1. 0. 0. 0. 0. 0.]
 [0. 0. 0. 0. 0. 0.]]
[[0. 2. 2. 0. 0. 0.]
 [0. 0. 0. 0. 1. 0.]
 [0. 0. 0. 0. 1. 2.]
 [2. 0. 0. 0. 1. 0.]
 [1. 0. 0. 0. 1. 0.]
 [0. 0. 2. 0. 0. 0.]]
