[[0.    0.    0.    0.    0.    0.   ]
 [0.    0.001 0.031 0.003 0.    0.   ]
 [0.    0.001 0.261 0.    0.002 0.   ]
 [0.    0.001 0.    0.692 0.002 0.   ]
 [0.    0.    0.003 0.002 0.001 0.   ]
 [0.    0.    0.    0.    0.    0.   ]]
[[0. 0. 0. 0. 0. 0.]
 [0. 0. 0. 0. 2. 0.]
 [0. 0. 0. 1. 0. 0.]
 [2. 0. 1. 0. 0. 0.]
 [0. 0. 0. 0. 0. 0.]
 [0. 0. 0. 2. 0. 0.]]
[[0. 0. 0. 0. 0. 0.]
 [0. 0. 0. 0. 0. 0.]
 [0. 0. 0. 0. 0. 0.]
 [0. 0. 0. 0. 0. 0.]
 [0. 0. 0. 1. 0. 0.]
 [0. 0. 0. 0. 0. 0.]]
[[0. 0. 0. 0. 0. 0.]
 [0. 0. 0. 0. 2. 0.]
 [0. 0. 0. 1. 0. 0.]
 [2. 0. 1. 0. 0. 0.]
 [0. 0. 0. 1. 0. 0.]
 [0. 0. 0. 2. 0. 0.]]
