[[0.    0.    0.    0.    0.244 0.   ]
 [0.    0.    0.    0.044 0.    0.149]
 [0.    0.    0.017 0.072 0.    0.   ]
 [0.    0.    0.    0.017 0.    0.   ]
 [0.    0.    0.    0.01  0.    0.298]
 [0.    0.    0.    0.    0.149 0.   ]]
[[0. 2. 2. 0. 0. 0.]
 [0. 0. 0. 0. 1. 0.]
 [0. 0. 0. 0. 1. 2.]
 [2. 0. 0. 0. 1. 2.]
 [1. 0. 0. 0. 1. 0.]
 [0. 0. 2. 0. 0. 0.]]
[[0. 0. 0. 0. 0. 0.]
 [0. 0. 0. 0. 0. 0.]
 [0. 0. 0. 0. 0. 0.]
 [0. 0. 0. 0. 0. 0.]
 [0. 0. 0. 0. 0. 0.]
 [0. 0. 0. 0. 0. 1.]]
[[0. 2. 2. 0. 0. 0.]
 [0. 0. 0. 0. 1. 0.]
 [0. 0. 0. 0. 1. 2.]
 [2. 0. 0. 0. 1. 2.]
 [1. 0. 0. 0. 1. 0.]
 [0. 0. 2. 0. 0. 1.]]
