[[0.    0.    0.    0.    0.    0.   ]
 [0.    0.002 0.016 0.003 0.    0.   ]
 [0.    0.    0.056 0.    0.    0.   ]
 [0.    0.002 0.    0.902 0.009 0.   ]
 [0.    0.    0.009 0.    0.001 0.   ]
 [0.    0.    0.    0.    0.    0.   ]]
[[0. 0. 0. 0. 0. 0.]
 [0. 0. 0. 0. 2. 0.]
 [0. 0. 0. 1. 0. 0.]
 [2. 0. 1. 0. 0. 0.]
 [0. 0. 0. 1. 0. 0.]
 [0. 0. 2. 2. 0. 0.]]
[[0. 0. 0. 0. 0. 0.]
 [0. 0. 0. 0. 0. 0.]
 [0. 0. 0. 0. 0. 0.]
 [0. 0. 0. 1. 0. 0.]
 [0. 0. 0. 0. 0. 0.]
 [0. 0. 0. 0. 0. 0.]]
[[0. 0. 0. 0. 0. 0.]
 [0. 0. 0. 0. 2. 0.]
 [0. 0. 0. 1. 0. 0.]
 [2. 0. 1. 1. 0. 0.]
 [0. 0. 0. 1. 0. 0.]
 [0. 0. 2. 2. 0. 0.]]
