[[0.    0.    0.    0.    0.008 0.   ]
 [0.    0.    0.    0.    0.    0.018]
 [0.    0.    0.    0.826 0.    0.   ]
 [0.    0.    0.    0.    0.    0.   ]
 [0.    0.    0.    0.    0.    0.092]
 [0.    0.    0.    0.    0.055 0.   ]]
[[0. 2. 2. 0. 0. 0.]
 [0. 2. 0. 0. 1. 0.]
 [0. 0. 0. 0. 1. 2.]
 [2. 0. 0. 0. 1. 2.]
 [1. 0. 0. 0. 1. 0.]
 [0. 0. 2. 0. 0. 1.]]
[[0. 0. 0. 0. 0. 1.]
 [0. 0. 0. 0. 0. 0.]
 [0. 0. 0. 0. 0. 0.]
 [0. 0. 0. 0. 0. 0.]
 [0. 0. 0. 0. 0. 0.]
 [0. 0. 0. 0. 0. 0.]]
[[0. 2. 2. 0. 0. 1.]
 [0. 2. 0. 0. 1. 0.]
 [0. 0. 0. 0. 1. 2.]
 [2. 0. 0. 0. 1. 2.]
 [1. 0. 0. 0. 1. 0.]
 [0. 0. 2. 0. 0. 1.]]
