[[0.    0.    0.    0.    0.    0.   ]
 [0.    0.    0.895 0.002 0.    0.   ]
 [0.    0.074 0.    0.    0.006 0.   ]
 [0.    0.003 0.    0.    0.    0.   ]
 [0.    0.    0.021 0.    0.    0.   ]
 [0.    0.    0.    0.    0.    0.   ]]
[[0. 0. 0. 0. 0. 0.]
 [0. 0. 0. 0. 2. 0.]
 [0. 0. 1. 1. 0. 0.]
 [2. 0. 1. 2. 0. 0.]
 [0. 0. 0. 0. 0. 0.]
 [0. 0. 0. 2. 0. 0.]]
[[0. 0. 0. 0. 0. 0.]
 [0. 0. 0. 0. 0. 0.]
 [0. 0. 0. 0. 0. 0.]
 [0. 0. 0. 0. 0. 1.]
 [0. 0. 0. 0. 0. 0.]
 [0. 0. 0. 0. 0. 0.]]
[[0. 0. 0. 0. 0. 0.]
 [0. 0. 0. 0. 2. 0.]
 [0. 0. 1. 1. 0. 0.]
 [2. 0. 1. 2. 0. 1.]
 [0. 0. 0. 0. 0. 0.]
 [0. 0. 0. 2. 0. 0.]]
