[[0.    0.    0.    0.    0.    0.   ]
 [0.    0.001 0.007 0.001 0.    0.   ]
 [0.    0.001 0.176 0.067 0.001 0.   ]
 [0.    0.028 0.    0.698 0.001 0.   ]
 [0.    0.001 0.014 0.001 0.001 0.   ]
 [0.    0.    0.    0.    0.    0.   ]]
[[0. 0. 0. 0. 0. 0.]
 [0. 0. 0. 0. 2. 0.]
 [0. 0. 0. 0. 0. 0.]
 [2. 0. 1. 0. 0. 0.]
 [0. 0. 0. 0. 0. 0.]
 [0. 0. 0. 0. 0. 0.]]
[[0. 0. 0. 0. 0. 0.]
 [0. 0. 0. 0. 0. 0.]
 [0. 0. 0. 1. 0. 0.]
 [0. 0. 0. 0. 0. 0.]
 [0. 0. 0. 0. 0. 0.]
 [0. 0. 0. 0. 0. 0.]]
[[0. 0. 0. 0. 0. 0.]
 [0. 0. 0. 0. 2. 0.]
 [0. 0. 0. 1. 0. 0.]
 [2. 0. 1. 0. 0. 0.]
 [0. 0. 0. 0. 0. 0.]
 [0. 0. 0. 0. 0. 0.]]
