2.691730821e-16 2.691730821e-16 2.691730821e-16 2.691730821e-16 2.691730821e-16 2.691730821e-16
2.691730821e-16 2.691730821e-16 2.691730821e-16 9.372753529e-02 2.691730821e-16 2.691730821e-16
2.691730821e-16 2.691730821e-16 1.570989647e-01 3.066799267e-01 1.513671477e-02 2.691730821e-16
2.691730821e-16 5.976311084e-02 3.415964433e-01 2.691730821e-16 6.364204594e-03 2.691730821e-16
2.691730821e-16 2.691730821e-16 6.364204594e-03 1.326889520e-02 2.691730821e-16 2.691730821e-16
2.691730821e-16 2.691730821e-16 2.691730821e-16 2.691730821e-16 2.691730821e-16 2.691730821e-16

2.158399754e-16 2.158399754e-16 2.158399754e-16 2.158399754e-16 2.158399754e-16 2.158399754e-16
2.158399754e-16 2.158399754e-16 2.158399754e-16 1.524433347e-02 2.158399754e-16 2.158399754e-16
2.158399754e-16 2.158399754e-16 0.000000000e+00 6.683486489e-01 3.111808629e-01 2.158399754e-16
2.158399754e-16 2.158399754e-16 6.825459325e-04 0.000000000e+00 2.158399754e-16 2.158399754e-16
2.158399754e-16 2.158399754e-16 2.158399754e-16 6.825459325e-04 2.158399754e-16 2.158399754e-16
2.158399754e-16 3.861062858e-03 2.158399754e-16 2.158399754e-16 2.158399754e-16 2.158399754e-16

2.126899702e-16 2.126899702e-16 2.126899702e-16 2.126899702e-16 2.126899702e-16 2.126899702e-16
2.126899702e-16 2.126899702e-16 2.126899702e-16 2.126899702e-16 2.126899702e-16 2.126899702e-16
2.126899702e-16 2.126899702e-16 0.000000000e+00 7.703614635e-01 0.000000000e+00 2.126899702e-16
2.126899702e-16 2.126899702e-16 2.126899702e-16 0.000000000e+00 2.126899702e-16 2.126899702e-16
2.126899702e-16 1.599685120e-03 0.000000000e+00 2.126899702e-16 1.916380727e-01 6.725847414e-04
2.126899702e-16 2.126899702e-16 2.126899702e-16 3.572819389e-02 2.126899702e-16 2.126899702e-16

2.227140448e-16 2.227140448e-16 7.042836484e-04 2.227140448e-16 2.227140448e-16 2.227140448e-16
2.227140448e-16 2.227140448e-16 2.227140448e-16 2.227140448e-16 2.227140448e-16 2.227140448e-16
2.227140448e-16 2.227140448e-16 0.000000000e+00 0.000000000e+00 0.000000000e+00 4.134893139e-02
2.227140448e-16 7.042836484e-04 7.042836484e-04 0.000000000e+00 2.227140448e-16 2.227140448e-16
2.227140448e-16 9.834488682e-02 0.000000000e+00 0.000000000e+00 7.708188215e-01 7.042836484e-04
2.227140448e-16 2.227140448e-16 2.227140448e-16 8.667022574e-02 2.227140448e-16 2.227140448e-16

