1.954249276e-03 1.105490332e-02 1.954249276e-03 1.065215716e-01 2.598318976e-16 2.598318976e-16
2.598318976e-16 0.000000000e+00 2.598318976e-16 5.529552203e-02 2.598318976e-16 2.598318976e-16
1.835139244e-02 1.835139244e-02 4.932738060e-01 2.761716464e-01 2.598318976e-16 2.598318976e-16
2.598318976e-16 2.598318976e-16 7.715810060e-03 2.598318976e-16 2.598318976e-16 2.598318976e-16
9.355457176e-03 2.598318976e-16 2.598318976e-16 2.598318976e-16 2.598318976e-16 2.598318976e-16
2.598318976e-16 2.598318976e-16 2.598318976e-16 2.598318976e-16 2.598318976e-16 2.598318976e-16

2.903917793e-16 8.663907632e-02 7.539333664e-02 2.266801588e-02 6.865889715e-03 2.903917793e-16
9.182994365e-04 0.000000000e+00 0.000000000e+00 3.799806000e-01 2.184096447e-03 2.903917793e-16
3.883933741e-02 2.903917793e-16 0.000000000e+00 2.486820062e-02 9.182994365e-04 9.182994365e-04
9.182994365e-04 1.282296619e-01 2.162809068e-01 9.182994365e-04 2.903917793e-16 9.182994365e-04
2.903917793e-16 9.182994365e-04 9.182994365e-04 2.903917793e-16 2.903917793e-16 9.182994365e-04
9.182994365e-04 9.182994365e-04 9.182994365e-04 5.194686069e-03 9.182994365e-04 9.182994365e-04

2.448611722e-16 1.841651363e-03 1.841651363e-03 1.041795334e-02 3.057183399e-03 2.448611722e-16
7.743190147e-04 0.000000000e+00 0.000000000e+00 3.728893405e-01 2.448611722e-16 2.448611722e-16
1.841651363e-03 0.000000000e+00 0.000000000e+00 2.448611722e-16 0.000000000e+00 2.448611722e-16
2.448611722e-16 3.057183399e-03 2.357135735e-01 3.662425357e-01 7.743190147e-04 2.448611722e-16
2.448611722e-16 2.448611722e-16 2.448611722e-16 2.448611722e-16 2.448611722e-16 2.448611722e-16
7.743190147e-04 2.448611722e-16 2.448611722e-16 7.743190147e-04 2.448611722e-16 2.448611722e-16

1.855245155e-16 1.395368134e-03 1.855245155e-16 6.679959912e-03 1.855245155e-16 1.855245155e-16
1.855245155e-16 0.000000000e+00 0.000000000e+00 9.843075173e-01 1.855245155e-16 1.855245155e-16
2.316343028e-03 0.000000000e+00 0.000000000e+00 0.000000000e+00 0.000000000e+00 1.855245155e-16
1.855245155e-16 3.318763426e-03 0.000000000e+00 1.395368134e-03 5.866800309e-04 1.855245155e-16
1.855245155e-16 1.855245155e-16 1.855245155e-16 1.855245155e-16 1.855245155e-16 1.855245155e-16
1.855245155e-16 1.855245155e-16 1.855245155e-16 1.855245155e-16 1.855245155e-16 1.855245155e-16

8.450890696e-04 2.009971869e-03 1.151768521e-01 2.704285023e-02 8.450890696e-04 8.450890696e-04
2.009971869e-03 0.000000000e+00 0.000000000e+00 4.033397129e-01 8.450890696e-04 8.450890696e-04
6.318514551e-03 0.000000000e+00 0.000000000e+00 0.000000000e+00 0.000000000e+00 8.450890696e-04
8.450890696e-04 0.000000000e+00 0.000000000e+00 8.450890696e-04 3.217177117e-01 8.450890696e-04
2.009971869e-03 8.450890696e-04 0.000000000e+00 1.039979568e-01 8.450890696e-04 8.450890696e-04
8.450890696e-04 8.450890696e-04 8.450890696e-04 2.009971869e-03 8.450890696e-04 8.450890696e-04

1.834988307e-16 1.834988307e-16 1.834988307e-16 9.799693772e-01 1.834988307e-16 1.834988307e-16
1.834988307e-16 0.000000000e+00 0.000000000e+00 1.834988307e-16 2.003062280e-02 1.834988307e-16
1.834988307e-16 0.000000000e+00 0.000000000e+00 0.000000000e+00 0.000000000e+00 1.834988307e-16
1.834988307e-16 0.000000000e+00 0.000000000e+00 0.000000000e+00 1.834988307e-16 1.834988307e-16
1.834988307e-16 0.000000000e+00 0.000000000e+00 1.834988307e-16 1.834988307e-16 1.834988307e-16
1.834988307e-16 1.834988307e-16 1.834988307e-16 1.834988307e-16 1.834988307e-16 1.834988307e-16

