3.055828980e-16 1.300144218e-02 3.055828980e-16 1.718418918e-02 3.055828980e-16 3.055828980e-16
1.506371818e-02 3.055828980e-16 9.663379718e-04 3.055828980e-16 3.055828980e-16 2.298351983e-03
3.055828980e-16 1.157647491e-01 1.317018166e-01 1.513465811e-01 3.055828980e-16 3.815316877e-03
2.298351983e-03 1.546728319e-01 3.055828980e-16 1.480348878e-01 3.055828980e-16 2.298351983e-03
3.055828980e-16 5.401993485e-02 0.000000000e+00 1.852347863e-01 3.055828980e-16 3.055828980e-16
3.055828980e-16 3.055828980e-16 3.055828980e-16 3.055828980e-16 3.055828980e-16 2.298351983e-03

2.577063578e-16 2.577063578e-16 2.577063578e-16 2.577063578e-16 2.577063578e-16 2.577063578e-16
2.577063578e-16 2.577063578e-16 3.663525776e-02 1.820126994e-02 0.000000000e+00 2.577063578e-16
2.577063578e-16 2.577063578e-16 3.508630184e-01 2.577063578e-16 2.607804986e-02 2.577063578e-16
2.577063578e-16 2.206912821e-02 0.000000000e+00 4.421056185e-01 2.206912821e-02 2.577063578e-16
2.577063578e-16 2.577063578e-16 0.000000000e+00 8.197852920e-02 2.577063578e-16 2.577063578e-16
2.577063578e-16 2.577063578e-16 2.577063578e-16 2.577063578e-16 2.577063578e-16 2.577063578e-16

2.222322720e-16 2.222322720e-16 2.222322720e-16 2.222322720e-16 2.222322720e-16 2.222322720e-16
2.222322720e-16 2.222322720e-16 2.222322720e-16 2.222322720e-16 0.000000000e+00 2.222322720e-16
2.222322720e-16 0.000000000e+00 6.197053595e-02 0.000000000e+00 2.222322720e-16 2.222322720e-16
2.222322720e-16 2.222322720e-16 0.000000000e+00 2.222322720e-16 4.061635015e-01 2.222322720e-16
2.222322720e-16 2.222322720e-16 0.000000000e+00 5.318659626e-01 2.222322720e-16 2.222322720e-16
2.222322720e-16 2.222322720e-16 2.222322720e-16 2.222322720e-16 2.222322720e-16 2.222322720e-16

0.000000000e+00 0.000000000e+00 0.000000000e+00 0.000000000e+00 0.000000000e+00 0.000000000e+00
0.000000000e+00 0.000000000e+00 0.000000000e+00 0.000000000e+00 0.000000000e+00 0.000000000e+00
0.000000000e+00 0.000000000e+00 0.000000000e+00 0.000000000e+00 0.000000000e+00 0.000000000e+00
0.000000000e+00 0.000000000e+00 0.000000000e+00 0.000000000e+00 0.000000000e+00 0.000000000e+00
0.000000000e+00 0.000000000e+00 0.000000000e+00 0.000000000e+00 0.000000000e+00 0.000000000e+00
0.000000000e+00 0.000000000e+00 0.000000000e+00 0.000000000e+00 0.000000000e+00 0.000000000e+00

