7.997081252e-04 7.997081252e-04 7.997081252e-04 7.997081252e-04 7.997081252e-04 7.997081252e-04
7.509665131e-03 7.997081252e-04 2.559066000e-02 4.523832306e-03 7.997081252e-04 7.997081252e-04
7.997081252e-04 9.320670402e-02 4.523832306e-03 0.000000000e+00 2.964982537e-02 7.997081252e-04
7.997081252e-04 9.105505447e-03 7.554323185e-01 7.509665131e-03 3.157425244e-03 7.997081252e-04
7.997081252e-04 2.165666373e-02 7.997081252e-04 1.974061592e-02 7.997081252e-04 7.997081252e-04
7.997081252e-04 7.997081252e-04 7.997081252e-04 7.997081252e-04 7.997081252e-04 7.997081252e-04

7.662678979e-04 7.662678979e-04 7.662678979e-04 7.662678979e-04 7.662678979e-04 7.662678979e-04
2.452057273e-02 1.822502472e-03 7.662678979e-04 2.841000191e-02 3.240918621e-02 7.662678979e-04
7.662678979e-04 1.747809268e-01 1.822502472e-03 0.000000000e+00 7.662678979e-04 7.662678979e-04
0.000000000e+00 7.662678979e-04 7.163113420e-01 7.662678979e-04 0.000000000e+00 7.662678979e-04
7.662678979e-04 7.662678979e-04 7.662678979e-04 7.662678979e-04 7.662678979e-04 7.662678979e-04
7.662678979e-04 7.662678979e-04 7.662678979e-04 7.662678979e-04 7.662678979e-04 7.662678979e-04

1.795592434e-16 1.795592434e-16 1.350502092e-03 1.795592434e-16 1.795592434e-16 1.795592434e-16
1.795592434e-16 1.350502092e-03 0.000000000e+00 5.678161841e-04 1.795592434e-16 1.795592434e-16
1.795592434e-16 0.000000000e+00 1.795592434e-16 0.000000000e+00 1.795592434e-16 1.795592434e-16
0.000000000e+00 1.795592434e-16 9.967311796e-01 1.795592434e-16 0.000000000e+00 1.795592434e-16
1.795592434e-16 1.795592434e-16 1.795592434e-16 1.795592434e-16 1.795592434e-16 1.795592434e-16
1.795592434e-16 1.795592434e-16 1.795592434e-16 1.795592434e-16 1.795592434e-16 1.795592434e-16

6.851505023e-04 6.851505023e-04 3.875796530e-03 6.851505023e-04 6.851505023e-04 6.851505023e-04
6.433910916e-03 9.337888857e-02 0.000000000e+00 8.661423342e-01 6.851505023e-04 6.851505023e-04
6.851505023e-04 0.000000000e+00 0.000000000e+00 0.000000000e+00 6.851505023e-04 6.851505023e-04
0.000000000e+00 6.851505023e-04 0.000000000e+00 1.372545774e-02 0.000000000e+00 6.851505023e-04
6.851505023e-04 6.851505023e-04 6.851505023e-04 6.851505023e-04 6.851505023e-04 6.851505023e-04
6.851505023e-04 6.851505023e-04 6.851505023e-04 6.851505023e-04 6.851505023e-04 6.851505023e-04

0.000000000e+00 0.000000000e+00 0.000000000e+00 0.000000000e+00 0.000000000e+00 0.000000000e+00
0.000000000e+00 0.000000000e+00 0.000000000e+00 0.000000000e+00 0.000000000e+00 0.000000000e+00
0.000000000e+00 0.000000000e+00 0.000000000e+00 0.000000000e+00 0.000000000e+00 0.000000000e+00
0.000000000e+00 0.000000000e+00 0.000000000e+00 0.000000000e+00 0.000000000e+00 0.000000000e+00
0.000000000e+00 0.000000000e+00 0.000000000e+00 0.000000000e+00 0.000000000e+00 0.000000000e+00
0.000000000e+00 0.000000000e+00 0.000000000e+00 0.000000000e+00 0.000000000e+00 0.000000000e+00

0.000000000e+00 0.000000000e+00 0.000000000e+00 0.000000000e+00 0.000000000e+00 0.000000000e+00
0.000000000e+00 0.000000000e+00 0.000000000e+00 0.000000000e+00 0.000000000e+00 0.000000000e+00
0.000000000e+00 0.000000000e+00 0.000000000e+00 0.000000000e+00 0.000000000e+00 0.000000000e+00
0.000000000e+00 0.000000000e+00 0.000000000e+00 0.000000000e+00 0.000000000e+00 0.000000000e+00
0.000000000e+00 0.000000000e+00 0.000000000e+00 0.000000000e+00 0.000000000e+00 0.000000000e+00
0.000000000e+00 0.000000000e+00 0.000000000e+00 0.000000000e+00 0.000000000e+00 0.000000000e+00

