3.071411301e-16 3.071411301e-16 3.071411301e-16 3.071411301e-16 3.071411301e-16 3.071411301e-16
3.071411301e-16 3.071411301e-16 3.071411301e-16 9.712655345e-04 3.071411301e-16 6.536352651e-02
1.227127036e-01 3.071411301e-16 1.421772722e-01 1.621911081e-01 4.627712060e-02 3.071411301e-16
3.071411301e-16 3.071411301e-16 1.621911081e-01 3.071411301e-16 1.758178421e-01 2.169274622e-02
1.727181501e-02 3.071411301e-16 1.514053128e-02 0.000000000e+00 6.819296069e-02 3.071411301e-16
3.071411301e-16 3.071411301e-16 3.071411301e-16 3.071411301e-16 3.071411301e-16 3.071411301e-16

2.450915911e-16 2.450915911e-16 3.060060265e-03 1.843384391e-03 1.843384391e-03 7.750476632e-04
2.450915911e-16 2.450915911e-16 8.824720541e-03 1.941672710e-01 2.450915911e-16 7.750476632e-04
3.060060265e-03 4.384331667e-03 2.450915911e-16 6.232775443e-01 2.480152522e-02 2.450915911e-16
2.450915911e-16 2.450915911e-16 0.000000000e+00 0.000000000e+00 7.750476632e-04 3.060060265e-03
7.750476632e-04 2.450915911e-16 1.267340827e-01 0.000000000e+00 2.450915911e-16 2.450915911e-16
2.450915911e-16 2.450915911e-16 2.450915911e-16 2.450915911e-16 1.843384391e-03 2.450915911e-16

2.029277095e-16 2.029277095e-16 2.029277095e-16 2.029277095e-16 2.029277095e-16 2.029277095e-16
2.029277095e-16 2.029277095e-16 2.029277095e-16 7.945325312e-01 2.029277095e-16 2.029277095e-16
2.029277095e-16 0.000000000e+00 0.000000000e+00 2.029277095e-16 2.054674688e-01 2.029277095e-16
2.029277095e-16 2.029277095e-16 0.000000000e+00 0.000000000e+00 2.029277095e-16 2.029277095e-16
2.029277095e-16 2.029277095e-16 2.029277095e-16 0.000000000e+00 2.029277095e-16 2.029277095e-16
2.029277095e-16 2.029277095e-16 2.029277095e-16 2.029277095e-16 2.029277095e-16 2.029277095e-16

1.773306804e-16 1.773306804e-16 1.773306804e-16 1.773306804e-16 1.773306804e-16 1.773306804e-16
1.773306804e-16 1.773306804e-16 1.773306804e-16 1.773306804e-16 1.773306804e-16 1.773306804e-16
1.773306804e-16 0.000000000e+00 0.000000000e+00 0.000000000e+00 1.000000000e+00 1.773306804e-16
1.773306804e-16 1.773306804e-16 0.000000000e+00 0.000000000e+00 1.773306804e-16 1.773306804e-16
1.773306804e-16 1.773306804e-16 1.773306804e-16 0.000000000e+00 0.000000000e+00 1.773306804e-16
1.773306804e-16 1.773306804e-16 1.773306804e-16 1.773306804e-16 1.773306804e-16 1.773306804e-16

