2.433033205e-16 7.693926550e-04 7.693926550e-04 7.693926550e-04 7.693926550e-04 7.693926550e-04
7.693926550e-04 2.433033205e-16 1.829934439e-03 7.693926550e-04 2.433033205e-16 7.693926550e-04
2.433033205e-16 3.037733037e-03 2.655884520e-02 1.199364452e-02 2.433033205e-16 7.693926550e-04
5.752551844e-03 5.401938113e-02 2.433033205e-16 7.457712576e-01 7.693926550e-04 7.693926550e-04
7.693926550e-04 7.693926550e-04 1.074365900e-01 7.693926550e-04 2.433033205e-16 2.433033205e-16
2.433033205e-16 7.693926550e-04 3.052038707e-02 2.433033205e-16 7.693926550e-04 7.693926550e-04

2.099045814e-16 2.099045814e-16 2.099045814e-16 2.620737276e-03 2.099045814e-16 2.099045814e-16
2.099045814e-16 2.099045814e-16 1.578735636e-03 4.855389054e-02 6.637765685e-04 2.099045814e-16
6.637765685e-04 2.099045814e-16 0.000000000e+00 2.099045814e-16 2.620737276e-03 7.557783859e-03
2.099045814e-16 2.461005300e-02 0.000000000e+00 8.983785841e-01 1.578735636e-03 2.099045814e-16
2.099045814e-16 2.099045814e-16 2.099045814e-16 8.930677391e-03 2.099045814e-16 2.099045814e-16
2.099045814e-16 2.099045814e-16 1.578735636e-03 2.099045814e-16 2.099045814e-16 6.637765685e-04

2.022909408e-16 2.022909408e-16 2.022909408e-16 3.618690358e-03 2.022909408e-16 2.022909408e-16
2.022909408e-16 2.022909408e-16 2.022909408e-16 6.397001229e-04 2.022909408e-16 2.022909408e-16
2.022909408e-16 2.705602108e-02 0.000000000e+00 0.000000000e+00 2.022909408e-16 2.022909408e-16
3.937142549e-02 2.022909408e-16 0.000000000e+00 9.168165468e-01 2.022909408e-16 2.022909408e-16
2.022909408e-16 0.000000000e+00 9.971938029e-03 2.022909408e-16 2.022909408e-16 2.022909408e-16
2.022909408e-16 2.525678123e-03 2.022909408e-16 2.022909408e-16 2.022909408e-16 2.022909408e-16

2.073314725e-16 6.556396838e-04 2.073314725e-16 6.556396838e-04 6.556396838e-04 2.073314725e-16
6.556396838e-04 2.073314725e-16 6.556396838e-04 1.559382754e-03 2.073314725e-16 2.073314725e-16
6.556396838e-04 8.666171758e-01 0.000000000e+00 0.000000000e+00 6.556396838e-04 2.073314725e-16
1.049422144e-01 0.000000000e+00 0.000000000e+00 0.000000000e+00 2.073314725e-16 2.073314725e-16
2.073314725e-16 0.000000000e+00 2.098046988e-02 2.073314725e-16 2.073314725e-16 2.073314725e-16
2.073314725e-16 2.073314725e-16 6.556396838e-04 6.556396838e-04 2.073314725e-16 2.073314725e-16

1.982283544e-16 6.268530967e-04 1.982283544e-16 4.686820070e-03 6.268530967e-04 1.982283544e-16
1.982283544e-16 0.000000000e+00 6.268530967e-04 8.433896349e-03 1.982283544e-16 1.982283544e-16
5.886468693e-03 9.557495560e-01 0.000000000e+00 0.000000000e+00 1.982283544e-16 6.268530967e-04
8.433896349e-03 0.000000000e+00 0.000000000e+00 0.000000000e+00 1.982283544e-16 4.686820070e-03
1.982283544e-16 0.000000000e+00 5.886468693e-03 1.982283544e-16 0.000000000e+00 1.982283544e-16
1.982283544e-16 1.982283544e-16 6.268530967e-04 6.268530967e-04 2.474955211e-03 1.982283544e-16

9.014367260e-04 2.850593220e-16 2.850593220e-16 9.014367260e-04 9.014367260e-04 9.014367260e-04
9.014367260e-04 0.000000000e+00 1.603006369e-02 9.014367260e-04 2.850593220e-16 1.026379095e-02
2.326531329e-01 2.022796709e-01 0.000000000e+00 0.000000000e+00 2.850593220e-16 1.603006369e-02
2.089553530e-01 0.000000000e+00 0.000000000e+00 0.000000000e+00 1.138903151e-01 1.857839464e-01
5.099296174e-03 0.000000000e+00 0.000000000e+00 2.850593220e-16 0.000000000e+00 2.850593220e-16
2.850593220e-16 9.014367260e-04 9.014367260e-04 9.014367260e-04 9.014367260e-04 0.000000000e+00

1.962090314e-16 1.962090314e-16 1.962090314e-16 1.962090314e-16 1.962090314e-16 1.962090314e-16
1.962090314e-16 0.000000000e+00 1.962090314e-16 1.962090314e-16 1.962090314e-16 1.962090314e-16
8.892523114e-01 1.962090314e-16 0.000000000e+00 0.000000000e+00 0.000000000e+00 1.962090314e-16
1.101272211e-01 0.000000000e+00 0.000000000e+00 0.000000000e+00 1.962090314e-16 1.962090314e-16
1.962090314e-16 0.000000000e+00 0.000000000e+00 0.000000000e+00 0.000000000e+00 1.962090314e-16
1.962090314e-16 1.962090314e-16 1.962090314e-16 6.204674369e-04 1.962090314e-16 0.000000000e+00

