2.699258974e-16 2.699258974e-16 2.699258974e-16 2.699258974e-16 2.699258974e-16 2.699258974e-16
2.699258974e-16 2.699258974e-16 1.134898598e-01 2.699258974e-16 2.699258974e-16 2.699258974e-16
2.699258974e-16 4.771660812e-02 2.465177752e-01 1.078440280e-01 2.699258974e-16 2.699258974e-16
2.699258974e-16 2.030168330e-03 2.699258974e-16 4.110594138e-01 2.311556955e-02 2.699258974e-16
2.699258974e-16 8.535806354e-04 2.030168330e-03 4.534282829e-02 2.699258974e-16 2.699258974e-16
2.699258974e-16 2.699258974e-16 2.699258974e-16 2.699258974e-16 2.699258974e-16 2.699258974e-16

2.699442125e-16 2.699442125e-16 2.699442125e-16 2.699442125e-16 2.699442125e-16 2.699442125e-16
2.699442125e-16 2.699442125e-16 8.587149223e-02 2.030306081e-03 2.010517626e-01 2.699442125e-16
2.699442125e-16 9.949234404e-02 0.000000000e+00 2.699442125e-16 2.699442125e-16 2.699442125e-16
2.699442125e-16 2.699442125e-16 0.000000000e+00 4.295206256e-01 2.731643368e-02 2.699442125e-16
2.699442125e-16 1.163420577e-01 2.699442125e-16 3.837497797e-02 2.699442125e-16 2.699442125e-16
2.699442125e-16 2.699442125e-16 2.699442125e-16 2.699442125e-16 2.699442125e-16 2.699442125e-16

1.881596579e-16 1.881596579e-16 1.881596579e-16 1.881596579e-16 1.881596579e-16 1.881596579e-16
1.881596579e-16 1.881596579e-16 1.881596579e-16 1.881596579e-16 2.516598940e-02 1.881596579e-16
1.881596579e-16 1.881596579e-16 0.000000000e+00 0.000000000e+00 1.881596579e-16 1.881596579e-16
1.881596579e-16 1.881596579e-16 0.000000000e+00 9.655586746e-01 9.275336015e-03 1.881596579e-16
1.881596579e-16 0.000000000e+00 1.881596579e-16 1.881596579e-16 1.881596579e-16 1.881596579e-16
1.881596579e-16 1.881596579e-16 1.881596579e-16 1.881596579e-16 1.881596579e-16 1.881596579e-16

2.489323412e-16 6.701412927e-02 2.489323412e-16 2.489323412e-16 2.489323412e-16 2.489323412e-16
2.489323412e-16 2.489323412e-16 1.232891599e-01 7.392143459e-03 5.334621395e-01 2.489323412e-16
2.489323412e-16 2.365485907e-01 0.000000000e+00 0.000000000e+00 2.489323412e-16 2.489323412e-16
2.489323412e-16 0.000000000e+00 0.000000000e+00 0.000000000e+00 2.918582372e-02 2.489323412e-16
2.489323412e-16 0.000000000e+00 2.489323412e-16 2.489323412e-16 3.108013468e-03 2.489323412e-16
2.489323412e-16 2.489323412e-16 2.489323412e-16 2.489323412e-16 2.489323412e-16 2.489323412e-16

2.609440351e-16 1.264102841e-01 2.609440351e-16 2.609440351e-16 2.609440351e-16 7.748835417e-03
2.609440351e-16 0.000000000e+00 3.902979154e-01 4.667908806e-03 3.692026314e-01 2.609440351e-16
2.609440351e-16 4.383403256e-02 0.000000000e+00 0.000000000e+00 2.609440351e-16 2.609440351e-16
4.667908806e-03 0.000000000e+00 0.000000000e+00 0.000000000e+00 1.653058527e-02 2.609440351e-16
8.251774927e-04 0.000000000e+00 1.962613891e-03 3.059412277e-02 0.000000000e+00 3.257983963e-03
2.609440351e-16 2.609440351e-16 2.609440351e-16 2.609440351e-16 2.609440351e-16 2.609440351e-16

2.499459525e-16 2.499459525e-16 2.499459525e-16 2.499459525e-16 2.499459525e-16 2.499459525e-16
7.950987992e-02 0.000000000e+00 1.130292759e-01 7.457196794e-02 7.703300988e-02 2.499459525e-16
2.499459525e-16 6.281002497e-01 0.000000000e+00 0.000000000e+00 2.499459525e-16 2.499459525e-16
2.499459525e-16 0.000000000e+00 0.000000000e+00 0.000000000e+00 2.499459525e-16 2.499459525e-16
4.471169124e-03 0.000000000e+00 0.000000000e+00 2.499459525e-16 0.000000000e+00 1.879895044e-03
2.499459525e-16 2.499459525e-16 2.499459525e-16 2.499459525e-16 2.140455252e-02 0.000000000e+00

2.783916346e-16 1.719065094e-01 2.783916346e-16 2.783916346e-16 2.783916346e-16 8.033565447e-02
1.966222849e-02 0.000000000e+00 2.783916346e-16 2.783916346e-16 1.409097917e-01 2.783916346e-16
2.783916346e-16 2.783916346e-16 0.000000000e+00 0.000000000e+00 0.000000000e+00 8.803516470e-04
2.783916346e-16 0.000000000e+00 0.000000000e+00 0.000000000e+00 3.263974915e-02 2.783916346e-16
1.687522936e-01 0.000000000e+00 0.000000000e+00 0.000000000e+00 0.000000000e+00 2.783916346e-16
1.565511207e-02 4.980020955e-03 2.783916346e-16 2.783916346e-16 3.642782885e-01 0.000000000e+00

