2.712947283e-16 2.712947283e-16 2.712947283e-16 2.040463589e-03 2.712947283e-16 2.712947283e-16
2.712947283e-16 2.712947283e-16 2.712947283e-16 2.712947283e-16 2.712947283e-16 2.712947283e-16
8.579092589e-04 8.579092589e-04 8.579092589e-04 1.154260513e-02 2.712947283e-16 7.565183747e-02
3.403167743e-02 3.514169816e-01 0.000000000e+00 1.154260513e-02 2.712947283e-16 2.712947283e-16
1.525602371e-02 2.712947283e-16 1.027752743e-01 2.040463589e-03 2.712947283e-16 2.712947283e-16
2.712947283e-16 3.729739438e-01 8.579092589e-04 2.040463589e-03 1.525602371e-02 2.712947283e-16

9.261119569e-04 2.202677857e-03 9.261119569e-04 9.261119569e-04 2.202677857e-03 9.261119569e-04
1.246022759e-02 9.261119569e-04 3.656495638e-03 9.261119569e-04 9.261119569e-04 9.261119569e-04
9.261119569e-04 0.000000000e+00 9.261119569e-04 4.163299072e-02 2.202677857e-03 3.656495638e-03
9.261119569e-04 5.699912601e-02 0.000000000e+00 8.451146814e-02 9.261119569e-04 9.261119569e-04
6.924301929e-03 0.000000000e+00 3.948372719e-01 9.261119569e-04 1.855258149e-02 5.177123225e-02
9.261119569e-04 2.202677857e-03 5.238880358e-03 2.892061237e-01 6.924301929e-03 9.261119569e-04

7.483897134e-04 7.483897134e-04 1.779980744e-03 7.483897134e-04 7.483897134e-04 7.483897134e-04
1.779980744e-03 7.483897134e-04 7.483897134e-04 7.483897134e-04 7.483897134e-04 7.483897134e-04
7.483897134e-04 0.000000000e+00 7.483897134e-04 3.769533476e-02 7.483897134e-04 7.483897134e-04
7.483897134e-04 7.476872266e-01 0.000000000e+00 1.679363848e-01 7.483897134e-04 7.483897134e-04
7.483897134e-04 0.000000000e+00 0.000000000e+00 0.000000000e+00 7.483897134e-04 5.595518228e-03
7.483897134e-04 2.954808760e-03 2.954808760e-03 1.166624107e-02 4.233531530e-03 7.483897134e-04

8.114074772e-04 8.114074772e-04 8.114074772e-04 8.114074772e-04 8.114074772e-04 8.114074772e-04
8.114074772e-04 8.114074772e-04 8.114074772e-04 8.114074772e-04 8.114074772e-04 1.929863090e-03
3.256272326e-01 0.000000000e+00 0.000000000e+00 3.459343250e-01 8.114074772e-04 8.114074772e-04
8.114074772e-04 8.114074772e-04 0.000000000e+00 0.000000000e+00 8.114074772e-04 8.114074772e-04
8.114074772e-04 0.000000000e+00 0.000000000e+00 0.000000000e+00 8.114074772e-04 8.114074772e-04
8.114074772e-04 8.114074772e-04 2.825001611e-01 1.442909210e-02 1.091695422e-02 8.114074772e-04

2.050155938e-16 2.050155938e-16 2.050155938e-16 2.050155938e-16 2.050155938e-16 2.050155938e-16
2.050155938e-16 2.050155938e-16 2.050155938e-16 2.050155938e-16 2.050155938e-16 2.050155938e-16
2.050155938e-16 0.000000000e+00 0.000000000e+00 2.050155938e-16 0.000000000e+00 2.050155938e-16
2.050155938e-16 0.000000000e+00 0.000000000e+00 0.000000000e+00 2.050155938e-16 2.050155938e-16
2.441513870e-01 0.000000000e+00 0.000000000e+00 0.000000000e+00 2.050155938e-16 2.050155938e-16
2.050155938e-16 2.050155938e-16 7.558486130e-01 2.050155938e-16 2.050155938e-16 2.050155938e-16

