2.457205484e-16 2.457205484e-16 2.457205484e-16 2.457205484e-16 2.457205484e-16 2.457205484e-16
2.457205484e-16 2.457205484e-16 7.770366008e-04 7.770366008e-04 2.457205484e-16 2.457205484e-16
2.457205484e-16 7.770366008e-04 7.770366008e-04 0.000000000e+00 7.770366008e-04 2.457205484e-16
2.457205484e-16 2.457205484e-16 3.086157125e-01 7.770366008e-04 4.395582797e-03 2.457205484e-16
2.457205484e-16 1.629697864e-01 4.699785943e-01 2.457205484e-16 4.782403120e-02 7.770366008e-04
2.457205484e-16 2.457205484e-16 2.457205484e-16 2.457205484e-16 7.770366008e-04 2.457205484e-16

1.992843247e-16 1.992843247e-16 1.992843247e-16 1.992843247e-16 1.992843247e-16 1.992843247e-16
1.992843247e-16 1.992843247e-16 1.992843247e-16 1.992843247e-16 1.992843247e-16 1.992843247e-16
1.992843247e-16 6.738058114e-02 1.992843247e-16 0.000000000e+00 1.992843247e-16 1.992843247e-16
1.992843247e-16 1.262449445e-02 0.000000000e+00 1.992843247e-16 3.564906375e-03 1.992843247e-16
6.301923681e-04 1.992843247e-16 9.133116863e-01 0.000000000e+00 2.488139396e-03 1.992843247e-16
1.992843247e-16 1.992843247e-16 1.992843247e-16 1.992843247e-16 1.992843247e-16 1.992843247e-16

1.787080440e-16 1.787080440e-16 1.787080440e-16 1.787080440e-16 1.787080440e-16 1.787080440e-16
1.787080440e-16 1.787080440e-16 1.787080440e-16 1.787080440e-16 0.000000000e+00 1.787080440e-16
1.787080440e-16 1.787080440e-16 1.787080440e-16 0.000000000e+00 1.787080440e-16 1.787080440e-16
1.787080440e-16 1.787080440e-16 0.000000000e+00 1.787080440e-16 5.651244554e-04 1.787080440e-16
5.651244554e-04 0.000000000e+00 9.983046266e-01 0.000000000e+00 5.651244554e-04 1.787080440e-16
1.787080440e-16 1.787080440e-16 1.787080440e-16 1.787080440e-16 1.787080440e-16 1.787080440e-16

6.795033734e-04 2.148778338e-16 6.795033734e-04 6.795033734e-04 6.795033734e-04 0.000000000e+00
6.795033734e-04 6.795033734e-04 6.795033734e-04 6.795033734e-04 0.000000000e+00 1.616140493e-03
2.148778338e-16 6.380881511e-03 6.795033734e-04 0.000000000e+00 6.795033734e-04 8.910146806e-01
1.517637938e-02 6.795033734e-04 0.000000000e+00 2.148778338e-16 4.770821695e-02 6.795033734e-04
6.795033734e-04 0.000000000e+00 0.000000000e+00 0.000000000e+00 6.795033734e-04 6.795033734e-04
2.519313701e-02 6.795033734e-04 2.148778338e-16 6.795033734e-04 6.795033734e-04 6.795033734e-04

8.688341231e-04 8.688341231e-04 8.688341231e-04 2.066447442e-03 8.688341231e-04 0.000000000e+00
2.780269194e-02 8.688341231e-04 2.066447442e-03 8.688341231e-04 0.000000000e+00 7.396426138e-02
8.688341231e-04 9.566926529e-02 0.000000000e+00 0.000000000e+00 8.688341231e-04 6.008123862e-01
5.596086366e-02 8.688341231e-04 0.000000000e+00 8.688341231e-04 6.100120832e-02 8.688341231e-04
8.688341231e-04 0.000000000e+00 0.000000000e+00 0.000000000e+00 8.688341231e-04 8.688341231e-04
2.999148852e-02 2.780269194e-02 0.000000000e+00 4.914868001e-03 8.688341231e-04 4.914868001e-03

0.000000000e+00 0.000000000e+00 0.000000000e+00 0.000000000e+00 0.000000000e+00 0.000000000e+00
0.000000000e+00 0.000000000e+00 0.000000000e+00 0.000000000e+00 0.000000000e+00 0.000000000e+00
0.000000000e+00 0.000000000e+00 0.000000000e+00 0.000000000e+00 0.000000000e+00 0.000000000e+00
0.000000000e+00 0.000000000e+00 0.000000000e+00 0.000000000e+00 0.000000000e+00 0.000000000e+00
0.000000000e+00 0.000000000e+00 0.000000000e+00 0.000000000e+00 0.000000000e+00 0.000000000e+00
0.000000000e+00 0.000000000e+00 0.000000000e+00 0.000000000e+00 0.000000000e+00 0.000000000e+00

