7.943555016e-04 7.943555016e-04 7.943555016e-04 7.943555016e-04 7.943555016e-04 7.943555016e-04
7.943555016e-04 2.511972657e-16 2.511972657e-16 1.889306429e-03 2.511972657e-16 7.943555016e-04
7.943555016e-04 2.511972657e-16 7.943555016e-04 2.344925134e-02 7.459401279e-03 7.943555016e-04
7.943555016e-04 7.943555016e-04 5.273672137e-01 2.511972657e-16 3.353343858e-01 1.591313562e-02
7.943555016e-04 2.511972657e-16 7.943555016e-04 6.762386098e-02 7.943555016e-04 7.943555016e-04
2.511972657e-16 2.511972657e-16 2.511972657e-16 7.459401279e-03 2.511972657e-16 2.511972657e-16

2.183571143e-16 2.183571143e-16 2.183571143e-16 2.183571143e-16 2.183571143e-16 2.183571143e-16
2.183571143e-16 2.183571143e-16 2.183571143e-16 2.183571143e-16 2.183571143e-16 1.642308879e-03
6.905058246e-04 2.183571143e-16 0.000000000e+00 2.183571143e-16 6.905058246e-04 6.905058246e-04
2.183571143e-16 7.862124129e-03 7.803097934e-01 0.000000000e+00 1.642308879e-03 6.905058246e-04
1.642308879e-03 1.642308879e-03 2.183571143e-16 1.861104188e-01 6.905058246e-04 2.183571143e-16
6.905058246e-04 2.183571143e-16 2.183571143e-16 1.227912290e-02 2.183571143e-16 2.726270315e-03

2.073999734e-16 2.073999734e-16 2.073999734e-16 2.073999734e-16 2.073999734e-16 2.073999734e-16
2.073999734e-16 2.073999734e-16 2.073999734e-16 2.073999734e-16 2.073999734e-16 2.073999734e-16
2.073999734e-16 2.073999734e-16 0.000000000e+00 2.073999734e-16 0.000000000e+00 2.073999734e-16
2.073999734e-16 2.073999734e-16 8.286292187e-02 0.000000000e+00 2.073999734e-16 2.073999734e-16
2.073999734e-16 2.073999734e-16 0.000000000e+00 2.073999734e-16 8.428138538e-01 2.073999734e-16
2.073999734e-16 2.073999734e-16 2.073999734e-16 7.432322430e-02 2.073999734e-16 2.073999734e-16

2.095494716e-16 2.095494716e-16 2.095494716e-16 2.095494716e-16 2.095494716e-16 2.095494716e-16
2.095494716e-16 2.095494716e-16 2.095494716e-16 2.095494716e-16 2.095494716e-16 2.095494716e-16
2.095494716e-16 2.095494716e-16 0.000000000e+00 0.000000000e+00 0.000000000e+00 2.095494716e-16
2.095494716e-16 2.095494716e-16 1.635745598e-02 0.000000000e+00 2.095494716e-16 2.095494716e-16
2.095494716e-16 2.095494716e-16 0.000000000e+00 0.000000000e+00 7.555997822e-01 2.095494716e-16
2.095494716e-16 2.095494716e-16 2.095494716e-16 2.280427618e-01 2.095494716e-16 2.095494716e-16

