2.464722198e-16 2.464722198e-16 2.464722198e-16 2.464722198e-16 2.464722198e-16 2.464722198e-16
2.464722198e-16 2.464722198e-16 7.794135947e-04 8.874431194e-03 2.464722198e-16 2.464722198e-16
2.464722198e-16 2.464722198e-16 2.464722198e-16 2.281275800e-01 1.923964998e-02 2.464722198e-16
2.464722198e-16 3.713610299e-02 5.752422274e-01 1.167404434e-01 2.464722198e-16 2.464722198e-16
2.464722198e-16 2.464722198e-16 1.386015147e-02 2.464722198e-16 2.464722198e-16 2.464722198e-16
2.464722198e-16 2.464722198e-16 2.464722198e-16 2.464722198e-16 2.464722198e-16 2.464722198e-16

1.949445621e-03 2.591932161e-16 2.591932161e-16 2.591932161e-16 2.591932161e-16 2.591932161e-16
2.591932161e-16 4.446563837e-01 2.591932161e-16 0.000000000e+00 2.591932161e-16 2.591932161e-16
2.591932161e-16 2.591932161e-16 0.000000000e+00 3.684662793e-02 1.830628368e-02 2.591932161e-16
2.591932161e-16 1.089773232e-01 2.462990132e-01 2.591932161e-16 2.591932161e-16 2.591932161e-16
2.591932161e-16 2.591932161e-16 2.591932161e-16 2.591932161e-16 1.397287984e-01 2.591932161e-16
2.591932161e-16 2.591932161e-16 2.591932161e-16 2.591932161e-16 2.591932161e-16 3.236124333e-03

1.790031783e-16 1.790031783e-16 1.790031783e-16 1.790031783e-16 1.790031783e-16 1.790031783e-16
1.790031783e-16 0.000000000e+00 1.790031783e-16 0.000000000e+00 1.790031783e-16 1.790031783e-16
1.790031783e-16 1.790031783e-16 0.000000000e+00 1.790031783e-16 1.790031783e-16 1.790031783e-16
1.790031783e-16 1.790031783e-16 9.967978938e-01 0.000000000e+00 1.790031783e-16 1.790031783e-16
1.790031783e-16 1.790031783e-16 3.202106199e-03 1.790031783e-16 1.790031783e-16 1.790031783e-16
1.790031783e-16 1.790031783e-16 1.790031783e-16 1.790031783e-16 1.790031783e-16 1.790031783e-16

2.020892817e-16 2.020892817e-16 8.852486645e-01 2.020892817e-16 2.020892817e-16 2.020892817e-16
2.020892817e-16 0.000000000e+00 0.000000000e+00 0.000000000e+00 2.020892817e-16 2.020892817e-16
2.020892817e-16 2.020892817e-16 0.000000000e+00 2.020892817e-16 2.020892817e-16 2.020892817e-16
2.020892817e-16 6.228364762e-02 2.020892817e-16 0.000000000e+00 5.246768789e-02 2.020892817e-16
2.020892817e-16 2.020892817e-16 0.000000000e+00 2.020892817e-16 2.020892817e-16 2.020892817e-16
2.020892817e-16 2.020892817e-16 2.020892817e-16 2.020892817e-16 2.020892817e-16 2.020892817e-16

2.075594911e-16 2.075594911e-16 0.000000000e+00 2.075594911e-16 2.075594911e-16 2.075594911e-16
2.075594911e-16 0.000000000e+00 0.000000000e+00 0.000000000e+00 2.075594911e-16 2.075594911e-16
2.075594911e-16 2.075594911e-16 0.000000000e+00 2.075594911e-16 2.075594911e-16 2.075594911e-16
2.075594911e-16 3.048359849e-01 0.000000000e+00 0.000000000e+00 2.075594911e-16 6.951640151e-01
2.075594911e-16 2.075594911e-16 0.000000000e+00 2.075594911e-16 2.075594911e-16 2.075594911e-16
2.075594911e-16 2.075594911e-16 2.075594911e-16 2.075594911e-16 2.075594911e-16 2.075594911e-16

2.095926490e-16 2.095926490e-16 0.000000000e+00 2.095926490e-16 2.095926490e-16 2.095926490e-16
2.095926490e-16 0.000000000e+00 0.000000000e+00 0.000000000e+00 2.095926490e-16 2.095926490e-16
2.095926490e-16 2.095926490e-16 0.000000000e+00 3.520789812e-02 3.520789812e-02 2.616842685e-03
8.900408641e-01 2.095926490e-16 0.000000000e+00 0.000000000e+00 0.000000000e+00 0.000000000e+00
2.095926490e-16 1.636082642e-02 0.000000000e+00 2.095926490e-16 2.616842685e-03 2.095926490e-16
2.095926490e-16 2.095926490e-16 2.095926490e-16 1.794882781e-02 2.095926490e-16 2.095926490e-16

