2.365387775e-16 2.365387775e-16 2.365387775e-16 2.365387775e-16 2.365387775e-16 2.365387775e-16
2.365387775e-16 4.231334287e-03 0.000000000e+00 3.442068893e-01 2.365387775e-16 2.365387775e-16
2.365387775e-16 2.365387775e-16 2.365387775e-16 1.817643139e-01 1.779056917e-03 2.365387775e-16
2.365387775e-16 1.779056917e-03 2.953275186e-03 4.625380721e-01 2.365387775e-16 2.365387775e-16
2.365387775e-16 2.365387775e-16 7.480012919e-04 2.365387775e-16 2.365387775e-16 2.365387775e-16
2.365387775e-16 2.365387775e-16 2.365387775e-16 2.365387775e-16 2.365387775e-16 2.365387775e-16

1.350502092e-03 1.795592434e-16 1.795592434e-16 1.795592434e-16 1.795592434e-16 1.795592434e-16
1.795592434e-16 1.795592434e-16 0.000000000e+00 1.795592434e-16 1.795592434e-16 1.795592434e-16
1.795592434e-16 0.000000000e+00 0.000000000e+00 5.678161841e-04 1.795592434e-16 1.795592434e-16
1.795592434e-16 1.795592434e-16 1.350502092e-03 9.967311796e-01 1.795592434e-16 1.795592434e-16
1.795592434e-16 1.795592434e-16 1.795592434e-16 1.795592434e-16 1.795592434e-16 1.795592434e-16
1.795592434e-16 1.795592434e-16 1.795592434e-16 1.795592434e-16 1.795592434e-16 1.795592434e-16

5.091813847e-03 2.153575056e-16 2.153575056e-16 6.810202291e-04 2.153575056e-16 2.153575056e-16
2.153575056e-16 0.000000000e+00 0.000000000e+00 2.153575056e-16 2.153575056e-16 2.153575056e-16
2.153575056e-16 0.000000000e+00 0.000000000e+00 2.153575056e-16 8.290756792e-01 2.701481598e-02
6.810202291e-04 2.153575056e-16 0.000000000e+00 1.043265981e-01 6.810202291e-04 2.153575056e-16
2.153575056e-16 2.153575056e-16 2.153575056e-16 3.244803213e-02 2.153575056e-16 2.153575056e-16
2.153575056e-16 2.153575056e-16 2.153575056e-16 2.153575056e-16 2.153575056e-16 2.153575056e-16

1.012240392e-02 2.379146468e-16 2.379146468e-16 1.789405113e-03 2.379146468e-16 2.379146468e-16
2.379146468e-16 0.000000000e+00 0.000000000e+00 1.789405113e-03 2.379146468e-16 2.379146468e-16
2.379146468e-16 0.000000000e+00 0.000000000e+00 0.000000000e+00 2.988117954e-01 3.996549824e-02
2.379146468e-16 2.379146468e-16 0.000000000e+00 2.407526952e-02 7.523521726e-04 2.379146468e-16
2.407526952e-02 0.000000000e+00 2.379146468e-16 5.978662489e-01 2.379146468e-16 2.379146468e-16
7.523521726e-04 2.379146468e-16 2.379146468e-16 2.379146468e-16 2.379146468e-16 2.379146468e-16

1.327228815e-02 7.375573980e-03 1.123196827e-02 1.976169420e-02 7.375573980e-03 7.375573980e-03
9.263441880e-03 0.000000000e+00 0.000000000e+00 4.434630468e-02 7.375573980e-03 3.156699899e-02
1.754217011e-02 0.000000000e+00 0.000000000e+00 0.000000000e+00 2.912040374e-02 2.346231238e-03
2.671427317e-02 0.000000000e+00 0.000000000e+00 5.178421437e-01 9.864687186e-04 2.346231238e-03
8.698842027e-02 0.000000000e+00 0.000000000e+00 1.754217011e-02 1.123196827e-02 5.580309762e-03
1.327228815e-02 7.375573980e-03 9.864687186e-04 9.001926718e-02 5.580309762e-03 5.580309762e-03

