2.454900024e-16 2.454900024e-16 2.454900024e-16 2.454900024e-16 2.454900024e-16 2.454900024e-16
2.454900024e-16 2.454900024e-16 2.878223015e-02 7.763075505e-04 2.454900024e-16 2.454900024e-16
2.454900024e-16 1.733845389e-02 9.808110655e-02 2.454900024e-16 1.846380925e-03 2.454900024e-16
2.454900024e-16 2.454900024e-16 9.808110655e-02 6.802512666e-01 5.000130616e-02 2.454900024e-16
2.454900024e-16 2.454900024e-16 2.454900024e-16 2.484184161e-02 2.454900024e-16 2.454900024e-16
2.454900024e-16 2.454900024e-16 2.454900024e-16 2.454900024e-16 2.454900024e-16 2.454900024e-16

2.159809034e-16 2.159809034e-16 2.159809034e-16 2.159809034e-16 2.159809034e-16 2.159809034e-16
2.159809034e-16 0.000000000e+00 2.159809034e-16 2.159809034e-16 2.159809034e-16 2.159809034e-16
2.159809034e-16 2.159809034e-16 1.814740030e-01 0.000000000e+00 2.159809034e-16 2.159809034e-16
2.159809034e-16 2.159809034e-16 4.795312582e-02 9.189202820e-03 7.613836683e-01 2.159809034e-16
2.159809034e-16 2.159809034e-16 2.159809034e-16 2.159809034e-16 2.159809034e-16 2.159809034e-16
2.159809034e-16 2.159809034e-16 2.159809034e-16 2.159809034e-16 2.159809034e-16 2.159809034e-16

2.226685709e-16 2.226685709e-16 2.226685709e-16 2.226685709e-16 2.226685709e-16 8.017361602e-03
2.226685709e-16 0.000000000e+00 0.000000000e+00 2.226685709e-16 7.979483248e-02 2.226685709e-16
2.226685709e-16 2.226685709e-16 7.778037842e-01 0.000000000e+00 2.226685709e-16 2.226685709e-16
2.226685709e-16 2.226685709e-16 2.226685709e-16 2.253247511e-02 0.000000000e+00 2.226685709e-16
2.226685709e-16 1.078683301e-01 2.226685709e-16 2.226685709e-16 2.226685709e-16 2.226685709e-16
3.983216487e-03 2.226685709e-16 2.226685709e-16 2.226685709e-16 2.226685709e-16 2.226685709e-16

2.260202831e-16 2.260202831e-16 2.720945863e-01 2.260202831e-16 2.260202831e-16 2.260202831e-16
2.260202831e-16 0.000000000e+00 0.000000000e+00 2.260202831e-16 0.000000000e+00 2.260202831e-16
2.260202831e-16 2.260202831e-16 2.260202831e-16 0.000000000e+00 3.405459859e-02 2.260202831e-16
2.260202831e-16 2.260202831e-16 0.000000000e+00 2.260202831e-16 0.000000000e+00 2.260202831e-16
2.260202831e-16 2.260202831e-16 6.436686976e-01 2.260202831e-16 2.260202831e-16 2.260202831e-16
2.260202831e-16 2.260202831e-16 5.018211749e-02 2.260202831e-16 2.260202831e-16 2.260202831e-16

0.000000000e+00 0.000000000e+00 0.000000000e+00 0.000000000e+00 0.000000000e+00 0.000000000e+00
0.000000000e+00 0.000000000e+00 0.000000000e+00 0.000000000e+00 0.000000000e+00 0.000000000e+00
0.000000000e+00 0.000000000e+00 0.000000000e+00 0.000000000e+00 0.000000000e+00 0.000000000e+00
0.000000000e+00 0.000000000e+00 0.000000000e+00 0.000000000e+00 0.000000000e+00 0.000000000e+00
0.000000000e+00 0.000000000e+00 0.000000000e+00 0.000000000e+00 0.000000000e+00 0.000000000e+00
0.000000000e+00 0.000000000e+00 0.000000000e+00 0.000000000e+00 0.000000000e+00 0.000000000e+00

