2.433033205e-16 7.693926550e-04 7.693926550e-04 7.693926550e-04 7.693926550e-04 7.693926550e-04
7.693926550e-04 2.433033205e-16 1.829934439e-03 7.693926550e-04 2.433033205e-16 7.693926550e-04
2.433033205e-16 3.037733037e-03 2.655884520e-02 1.199364452e-02 2.433033205e-16 7.693926550e-04
5.752551844e-03 5.401938113e-02 2.433033205e-16 7.457712576e-01 7.693926550e-04 7.693926550e-04
7.693926550e-04 7.693926550e-04 1.074365900e-01 7.693926550e-04 2.433033205e-16 2.433033205e-16
2.433033205e-16 7.693926550e-04 3.052038707e-02 2.433033205e-16 7.693926550e-04 7.693926550e-04

2.274784643e-16 2.274784643e-16 2.274784643e-16 2.274784643e-16 2.274784643e-16 2.274784643e-16
2.274784643e-16 2.274784643e-16 2.274784643e-16 2.274784643e-16 2.274784643e-16 2.274784643e-16
2.274784643e-16 1.710912433e-03 2.738500183e-01 0.000000000e+00 2.274784643e-16 2.274784643e-16
6.198996149e-01 2.274784643e-16 0.000000000e+00 9.803993346e-02 2.274784643e-16 2.274784643e-16
2.274784643e-16 4.069258477e-03 1.710912433e-03 2.274784643e-16 2.274784643e-16 2.274784643e-16
2.274784643e-16 2.274784643e-16 7.193500660e-04 2.274784643e-16 2.274784643e-16 2.274784643e-16

2.034814872e-16 2.034814872e-16 2.034814872e-16 2.034814872e-16 2.034814872e-16 2.034814872e-16
2.034814872e-16 2.034814872e-16 2.034814872e-16 2.034814872e-16 2.034814872e-16 2.034814872e-16
3.639987501e-03 1.187590183e-01 1.530426221e-03 0.000000000e+00 2.034814872e-16 2.034814872e-16
2.034814872e-16 0.000000000e+00 0.000000000e+00 0.000000000e+00 2.034814872e-16 2.034814872e-16
6.042462533e-03 8.674875629e-01 2.034814872e-16 2.034814872e-16 2.034814872e-16 2.034814872e-16
2.540542542e-03 2.034814872e-16 2.034814872e-16 2.034814872e-16 2.034814872e-16 2.034814872e-16

1.895952417e-16 1.895952417e-16 1.895952417e-16 1.895952417e-16 1.895952417e-16 1.895952417e-16
1.895952417e-16 1.895952417e-16 1.895952417e-16 1.895952417e-16 1.895952417e-16 1.895952417e-16
1.895952417e-16 1.895952417e-16 5.656619019e-02 0.000000000e+00 1.895952417e-16 1.895952417e-16
0.000000000e+00 0.000000000e+00 0.000000000e+00 0.000000000e+00 0.000000000e+00 1.895952417e-16
1.895952417e-16 9.434338098e-01 1.895952417e-16 1.895952417e-16 1.895952417e-16 1.895952417e-16
1.895952417e-16 1.895952417e-16 1.895952417e-16 1.895952417e-16 1.895952417e-16 1.895952417e-16

