2.554020676e-16 8.076522528e-04 2.554020676e-16 7.584264521e-03 8.076522528e-04 2.554020676e-16
2.554020676e-16 2.554020676e-16 8.076522528e-04 1.902209178e-01 8.076522528e-04 8.076522528e-04
8.076522528e-04 2.554020676e-16 2.618030028e-01 2.554020676e-16 4.812375630e-01 1.993671493e-02
8.076522528e-04 2.554020676e-16 6.038609059e-03 2.187179634e-02 8.076522528e-04 2.554020676e-16
8.076522528e-04 2.554020676e-16 2.554020676e-16 8.076522528e-04 2.554020676e-16 2.554020676e-16
8.076522528e-04 8.076522528e-04 8.076522528e-04 8.076522528e-04 2.554020676e-16 2.554020676e-16

2.304464375e-16 2.304464375e-16 2.304464375e-16 2.304464375e-16 2.304464375e-16 2.304464375e-16
2.304464375e-16 2.304464375e-16 2.701846241e-02 2.151216264e-02 2.304464375e-16 2.877210040e-03
2.304464375e-16 1.689227925e-01 2.304464375e-16 0.000000000e+00 0.000000000e+00 2.304464375e-16
2.304464375e-16 2.304464375e-16 7.063624499e-01 7.330692252e-02 2.304464375e-16 2.304464375e-16
2.304464375e-16 2.304464375e-16 2.304464375e-16 2.304464375e-16 2.304464375e-16 2.304464375e-16
2.304464375e-16 2.304464375e-16 2.304464375e-16 2.304464375e-16 2.304464375e-16 2.304464375e-16

2.252904286e-16 2.252904286e-16 2.252904286e-16 2.168739598e-01 2.252904286e-16 2.252904286e-16
2.252904286e-16 2.252904286e-16 9.001073086e-02 2.252904286e-16 2.812835339e-03 2.252904286e-16
2.252904286e-16 9.585289298e-03 0.000000000e+00 0.000000000e+00 0.000000000e+00 7.124308896e-04
2.252904286e-16 2.252904286e-16 0.000000000e+00 6.800047538e-01 2.252904286e-16 2.252904286e-16
2.252904286e-16 2.252904286e-16 2.252904286e-16 2.252904286e-16 2.252904286e-16 2.252904286e-16
2.252904286e-16 2.252904286e-16 2.252904286e-16 2.252904286e-16 2.252904286e-16 2.252904286e-16

2.155100921e-16 2.155100921e-16 5.186866680e-02 2.155100921e-16 2.155100921e-16 2.155100921e-16
2.155100921e-16 2.155100921e-16 7.217923886e-01 0.000000000e+00 2.263389446e-01 2.155100921e-16
2.155100921e-16 2.155100921e-16 0.000000000e+00 0.000000000e+00 0.000000000e+00 2.155100921e-16
2.155100921e-16 2.155100921e-16 0.000000000e+00 0.000000000e+00 2.155100921e-16 2.155100921e-16
2.155100921e-16 2.155100921e-16 2.155100921e-16 2.155100921e-16 2.155100921e-16 2.155100921e-16
2.155100921e-16 2.155100921e-16 2.155100921e-16 2.155100921e-16 2.155100921e-16 2.155100921e-16

0.000000000e+00 0.000000000e+00 0.000000000e+00 0.000000000e+00 0.000000000e+00 0.000000000e+00
0.000000000e+00 0.000000000e+00 0.000000000e+00 0.000000000e+00 0.000000000e+00 0.000000000e+00
0.000000000e+00 0.000000000e+00 0.000000000e+00 0.000000000e+00 0.000000000e+00 0.000000000e+00
0.000000000e+00 0.000000000e+00 0.000000000e+00 0.000000000e+00 0.000000000e+00 0.000000000e+00
0.000000000e+00 0.000000000e+00 0.000000000e+00 0.000000000e+00 0.000000000e+00 0.000000000e+00
0.000000000e+00 0.000000000e+00 0.000000000e+00 0.000000000e+00 0.000000000e+00 0.000000000e+00

