2.506265664e-13 2.506265664e-13 2.506265664e-13 2.506265664e-13 2.506265664e-13 2.506265664e-13
2.506265664e-13 2.506265664e-13 1.453634085e-01 2.506265664e-13 2.506265664e-13 2.506265664e-13
2.506265664e-13 5.012531329e-03 5.012531329e-03 2.506265664e-13 2.506265664e-03 2.506265664e-13
2.506265664e-13 2.506265664e-13 4.160401002e-01 0.000000000e+00 4.260651629e-01 2.506265664e-13
2.506265664e-13 2.506265664e-13 2.506265664e-13 2.506265664e-13 2.506265664e-13 2.506265664e-13
2.506265664e-13 2.506265664e-13 2.506265664e-13 2.506265664e-13 2.506265664e-13 2.506265664e-13

2.506265664e-13 2.506265664e-13 2.506265664e-13 2.506265664e-13 2.506265664e-13 7.518796993e-03
2.506265664e-13 2.506265664e-13 2.431077694e-01 2.506265664e-13 3.032581454e-01 2.506265664e-13
2.506265664e-13 5.764411028e-02 2.807017544e-01 0.000000000e+00 2.506265664e-13 2.506265664e-13
2.506265664e-13 2.506265664e-13 2.506265664e-13 0.000000000e+00 0.000000000e+00 3.258145363e-02
2.506265664e-13 7.268170426e-02 2.506265664e-13 2.506265664e-03 2.506265664e-13 2.506265664e-13
2.506265664e-13 2.506265664e-13 2.506265664e-13 2.506265664e-13 2.506265664e-13 2.506265664e-13

2.506265664e-13 2.506265664e-13 2.005012531e-02 2.506265664e-13 2.506265664e-13 2.506265664e-13
2.506265664e-13 2.506265664e-13 5.689223058e-01 2.506265664e-13 1.503759399e-02 2.506265664e-13
1.253132832e-02 4.761904762e-02 2.506265664e-13 0.000000000e+00 1.929824561e-01 2.506265664e-02
2.506265664e-13 2.506265664e-13 0.000000000e+00 0.000000000e+00 0.000000000e+00 2.506265664e-13
2.506265664e-13 2.756892231e-02 6.516290727e-02 0.000000000e+00 2.506265664e-13 2.506265664e-13
2.506265664e-13 2.506265664e-13 2.506265664e-02 2.506265664e-13 2.506265664e-13 2.506265664e-13

2.506265664e-13 2.506265664e-13 2.506265664e-13 2.506265664e-13 2.506265664e-13 2.506265664e-13
2.506265664e-13 2.506265664e-13 8.020050125e-01 2.506265664e-13 5.012531329e-03 2.506265664e-13
8.771929825e-02 2.506265664e-13 0.000000000e+00 0.000000000e+00 7.017543860e-02 7.518796993e-03
2.506265664e-13 2.506265664e-13 0.000000000e+00 0.000000000e+00 0.000000000e+00 2.506265664e-13
2.506265664e-13 5.012531329e-03 1.002506266e-02 0.000000000e+00 0.000000000e+00 2.506265664e-13
5.012531329e-03 2.506265664e-13 7.518796993e-03 2.506265664e-13 2.506265664e-13 2.506265664e-13

