2.506265664e-13 2.506265664e-13 2.506265664e-13 2.506265664e-13 2.506265664e-13 2.506265664e-13
2.506265664e-13 2.506265664e-13 2.506265664e-13 2.506265664e-03 2.506265664e-13 2.506265664e-13
2.506265664e-13 2.506265664e-13 5.012531329e-03 5.012531329e-03 5.012531329e-03 2.506265664e-13
2.506265664e-13 5.012531329e-03 5.964912281e-01 2.506265664e-13 2.506265664e-13 2.506265664e-13
2.506265664e-13 2.506265664e-13 3.634085213e-01 0.000000000e+00 1.754385965e-02 2.506265664e-13
2.506265664e-13 2.506265664e-13 2.506265664e-13 2.506265664e-13 2.506265664e-13 2.506265664e-13

2.506265664e-13 2.506265664e-13 2.506265664e-13 2.506265664e-13 2.506265664e-13 2.506265664e-13
2.506265664e-13 1.253132832e-02 2.506265664e-13 2.506265664e-03 2.506265664e-13 2.506265664e-13
2.506265664e-13 2.506265664e-13 9.373433584e-01 1.002506266e-02 1.002506266e-02 2.506265664e-13
2.506265664e-13 2.506265664e-13 2.506265664e-13 0.000000000e+00 0.000000000e+00 2.506265664e-13
2.506265664e-13 2.506265664e-13 2.506265664e-13 0.000000000e+00 2.506265664e-13 2.506265664e-13
2.506265664e-13 2.506265664e-13 2.506265664e-13 2.506265664e-13 2.506265664e-13 2.756892231e-02

2.506265664e-13 2.506265664e-13 2.506265664e-13 2.506265664e-13 2.506265664e-13 2.506265664e-13
2.506265664e-13 2.506265664e-13 1.503759398e-01 2.506265664e-13 2.506265664e-13 2.506265664e-13
2.506265664e-13 2.506265664e-13 7.368421053e-01 1.002506266e-02 2.506265664e-13 2.506265664e-13
5.012531329e-03 7.518796992e-02 2.506265664e-13 0.000000000e+00 0.000000000e+00 2.506265664e-13
0.000000000e+00 2.506265664e-13 2.506265664e-13 0.000000000e+00 0.000000000e+00 2.506265664e-13
2.506265664e-13 2.506265664e-13 7.518796993e-03 2.506265664e-13 2.506265664e-13 1.503759399e-02

2.506265664e-13 2.506265664e-13 2.506265664e-13 2.506265664e-13 2.506265664e-13 2.506265664e-13
2.506265664e-13 2.506265664e-13 2.506265664e-13 2.506265664e-13 0.000000000e+00 2.506265664e-13
2.506265664e-13 2.506265664e-13 4.511278195e-02 2.506265664e-13 2.506265664e-13 2.506265664e-13
9.548872180e-01 2.506265664e-13 0.000000000e+00 0.000000000e+00 0.000000000e+00 2.506265664e-13
0.000000000e+00 2.506265664e-13 2.506265664e-13 0.000000000e+00 0.000000000e+00 2.506265664e-13
2.506265664e-13 2.506265664e-13 2.506265664e-13 2.506265664e-13 2.506265664e-13 2.506265664e-13

3.750000000e-02 3.750000000e-02 3.750000000e-02 3.750000000e-02 3.750000000e-02 3.750000000e-02
3.750000000e-02 3.750000000e-02 3.750000000e-02 3.750000000e-02 0.000000000e+00 3.750000000e-02
3.750000000e-02 3.750000000e-02 3.500000000e-02 3.750000000e-02 0.000000000e+00 3.750000000e-02
3.750000000e-02 0.000000000e+00 0.000000000e+00 0.000000000e+00 0.000000000e+00 3.750000000e-02
0.000000000e+00 3.750000000e-02 3.750000000e-02 0.000000000e+00 0.000000000e+00 3.750000000e-02
3.750000000e-02 3.750000000e-02 3.500000000e-02 3.500000000e-02 3.500000000e-02 3.500000000e-02

