2.242908759e-03 2.242908759e-03 2.242908759e-03 2.242908759e-03 9.430269676e-04 2.242908759e-03
9.430269676e-04 2.242908759e-03 2.327840944e-02 9.430269676e-04 9.430269676e-04 9.430269676e-04
9.430269676e-04 4.219310888e-01 7.050771132e-03 1.889143589e-02 9.430269676e-04 9.430269676e-04
3.723279856e-03 1.191449554e-01 0.000000000e+00 6.073956139e-02 5.334566108e-03 9.430269676e-04
2.242908759e-03 9.430269676e-04 3.988518464e-02 2.150985678e-01 2.242908759e-03 9.430269676e-04
9.430269676e-04 4.749893884e-02 5.334566108e-03 9.430269676e-04 9.430269676e-04 9.430269676e-04

2.429491923e-16 2.429491923e-16 2.429491923e-16 2.429491923e-16 2.429491923e-16 2.429491923e-16
3.453739504e-02 2.429491923e-16 3.660528653e-02 2.429491923e-16 2.429491923e-16 2.429491923e-16
2.429491923e-16 0.000000000e+00 2.429491923e-16 3.660528653e-02 2.429491923e-16 2.429491923e-16
2.429491923e-16 2.429491923e-16 0.000000000e+00 4.346007273e-03 1.047075939e-01 2.429491923e-16
1.896464205e-02 0.000000000e+00 7.257374122e-01 2.429491923e-16 1.197618777e-02 2.652018879e-02
2.429491923e-16 2.429491923e-16 2.429491923e-16 2.429491923e-16 2.429491923e-16 2.429491923e-16

2.895587585e-16 2.177831126e-03 2.895587585e-16 2.177831126e-03 2.895587585e-16 2.895587585e-16
1.628308560e-02 5.179784540e-03 2.177831126e-03 1.628308560e-02 2.177831126e-03 2.895587585e-16
9.156651934e-04 0.000000000e+00 9.156651934e-04 7.242343691e-02 4.116336067e-02 2.177831126e-03
8.598560847e-03 2.931827561e-01 0.000000000e+00 3.788905838e-01 8.598560847e-03 2.895587585e-16
3.615249496e-03 0.000000000e+00 0.000000000e+00 0.000000000e+00 6.846194154e-03 2.177831126e-03
3.615249496e-03 2.177831126e-03 1.187084969e-01 5.179784540e-03 2.177831126e-03 2.177831126e-03

8.591516903e-04 8.591516903e-04 8.591516903e-04 8.591516903e-04 8.591516903e-04 8.591516903e-04
8.591516903e-04 2.043418606e-03 2.043418606e-03 4.472524047e-01 8.591516903e-04 8.591516903e-04
8.591516903e-04 0.000000000e+00 0.000000000e+00 8.591516903e-04 1.527811761e-02 8.591516903e-04
8.591516903e-04 8.591516903e-04 0.000000000e+00 0.000000000e+00 3.185374361e-02 8.591516903e-04
1.170934411e-01 0.000000000e+00 0.000000000e+00 0.000000000e+00 2.217397257e-01 8.591516903e-04
8.591516903e-04 1.434692777e-01 8.591516903e-04 2.043418606e-03 8.591516903e-04 8.591516903e-04

2.181084233e-16 2.181084233e-16 2.181084233e-16 2.181084233e-16 6.897193946e-04 2.181084233e-16
6.897193946e-04 2.181084233e-16 2.181084233e-16 1.832616127e-01 2.181084233e-16 2.181084233e-16
2.181084233e-16 0.000000000e+00 0.000000000e+00 2.181084233e-16 0.000000000e+00 6.897193946e-04
2.181084233e-16 0.000000000e+00 0.000000000e+00 0.000000000e+00 3.901642088e-03 9.279721062e-03
7.829399128e-01 0.000000000e+00 0.000000000e+00 0.000000000e+00 2.723165314e-03 2.181084233e-16
2.723165314e-03 2.723165314e-03 2.181084233e-16 6.476815133e-03 2.181084233e-16 3.901642088e-03

