2.474198510e-16 2.474198510e-16 2.474198510e-16 7.824102677e-04 2.474198510e-16 2.474198510e-16
7.824102677e-04 2.474198510e-16 2.474198510e-16 2.474198510e-16 2.474198510e-16 7.824102677e-04
1.860895714e-03 2.474198510e-16 3.089129462e-03 0.000000000e+00 2.474198510e-16 7.824102677e-04
2.474198510e-16 2.474198510e-16 1.361206935e-01 5.446679900e-01 1.860895714e-03 2.474198510e-16
2.474198510e-16 2.474198510e-16 2.503712856e-02 2.474198510e-16 1.052681583e-02 3.089129462e-03
2.474198510e-16 7.824102677e-04 1.860895714e-03 2.661134790e-01 1.860895714e-03 2.474198510e-16

8.628959097e-04 8.628959097e-04 8.628959097e-04 8.628959097e-04 8.628959097e-04 8.628959097e-04
8.628959097e-04 8.628959097e-04 8.628959097e-04 8.628959097e-04 8.628959097e-04 8.628959097e-04
8.628959097e-04 8.628959097e-04 8.628959097e-04 0.000000000e+00 8.628959097e-04 8.628959097e-04
3.879113873e-02 1.471027203e-01 0.000000000e+00 7.609156846e-02 8.628959097e-04 8.628959097e-04
7.345873846e-02 8.628959097e-04 5.768297423e-01 0.000000000e+00 8.628959097e-04 8.628959097e-04
8.628959097e-04 3.422948866e-02 2.547255356e-02 8.628959097e-04 6.451651734e-03 8.628959097e-04

1.926020578e-16 1.926020578e-16 1.926020578e-16 1.448599788e-03 6.090611846e-04 1.926020578e-16
1.926020578e-16 1.926020578e-16 1.926020578e-16 6.090611846e-04 0.000000000e+00 5.719393610e-03
1.926020578e-16 1.926020578e-16 1.926020578e-16 0.000000000e+00 6.090611846e-04 9.494324249e-03
1.926020578e-16 9.494324249e-03 0.000000000e+00 6.090611846e-04 1.926020578e-16 6.090611846e-04
6.090611846e-04 0.000000000e+00 9.683618074e-01 0.000000000e+00 1.926020578e-16 1.926020578e-16
1.926020578e-16 6.090611846e-04 6.090611846e-04 1.926020578e-16 6.090611846e-04 1.926020578e-16

6.950467476e-04 6.950467476e-04 6.950467476e-04 1.653109075e-03 6.950467476e-04 0.000000000e+00
6.950467476e-04 6.950467476e-04 6.950467476e-04 6.950467476e-04 0.000000000e+00 2.939689830e-02
6.950467476e-04 6.950467476e-04 6.950467476e-04 0.000000000e+00 6.950467476e-04 1.235987320e-02
6.950467476e-04 1.715707326e-02 0.000000000e+00 1.235987320e-02 6.950467476e-04 6.950467476e-04
2.224149592e-02 0.000000000e+00 0.000000000e+00 0.000000000e+00 6.950467476e-04 6.950467476e-04
6.950467476e-04 8.895406486e-01 6.950467476e-04 6.950467476e-04 6.950467476e-04 6.950467476e-04

6.579694743e-04 6.579694743e-04 6.579694743e-04 2.597809579e-03 6.579694743e-04 0.000000000e+00
6.579694743e-04 6.579694743e-04 6.579694743e-04 6.579694743e-04 0.000000000e+00 6.579694743e-04
6.579694743e-04 6.579694743e-04 0.000000000e+00 0.000000000e+00 6.579694743e-04 1.564923960e-03
6.579694743e-04 1.469543016e-02 0.000000000e+00 2.957875321e-02 6.579694743e-04 6.579694743e-04
4.919469257e-03 0.000000000e+00 0.000000000e+00 0.000000000e+00 6.579694743e-04 6.579694743e-04
2.597809579e-03 9.289465747e-01 0.000000000e+00 2.597809579e-03 6.579694743e-04 6.579694743e-04

0.000000000e+00 0.000000000e+00 0.000000000e+00 0.000000000e+00 0.000000000e+00 0.000000000e+00
0.000000000e+00 0.000000000e+00 0.000000000e+00 0.000000000e+00 0.000000000e+00 0.000000000e+00
0.000000000e+00 0.000000000e+00 0.000000000e+00 0.000000000e+00 0.000000000e+00 0.000000000e+00
0.000000000e+00 0.000000000e+00 0.000000000e+00 0.000000000e+00 0.000000000e+00 0.000000000e+00
0.000000000e+00 0.000000000e+00 0.000000000e+00 0.000000000e+00 0.000000000e+00 0.000000000e+00
0.000000000e+00 0.000000000e+00 0.000000000e+00 0.000000000e+00 0.000000000e+00 0.000000000e+00

