2.454900024e-16 2.454900024e-16 2.454900024e-16 2.454900024e-16 2.454900024e-16 2.454900024e-16
2.454900024e-16 2.454900024e-16 2.878223015e-02 7.763075505e-04 2.454900024e-16 2.454900024e-16
2.454900024e-16 1.733845389e-02 9.808110655e-02 2.454900024e-16 1.846380925e-03 2.454900024e-16
2.454900024e-16 2.454900024e-16 9.808110655e-02 6.802512666e-01 5.000130616e-02 2.454900024e-16
2.454900024e-16 2.454900024e-16 2.454900024e-16 2.484184161e-02 2.454900024e-16 2.454900024e-16
2.454900024e-16 2.454900024e-16 2.454900024e-16 2.454900024e-16 2.454900024e-16 2.454900024e-16

2.505217482e-16 2.505217482e-16 2.505217482e-16 2.505217482e-16 2.505217482e-16 2.505217482e-16
0.000000000e+00 2.505217482e-16 2.937217216e-02 2.505217482e-16 4.193403157e-01 2.505217482e-16
2.505217482e-16 2.505217482e-16 1.955575664e-02 0.000000000e+00 2.505217482e-16 2.505217482e-16
2.505217482e-16 2.505217482e-16 2.505217482e-16 1.079712561e-01 1.587034216e-02 2.505217482e-16
2.505217482e-16 3.883344006e-01 2.505217482e-16 1.955575664e-02 2.505217482e-16 2.505217482e-16
2.505217482e-16 2.505217482e-16 2.505217482e-16 2.505217482e-16 2.505217482e-16 2.505217482e-16

2.105004190e-16 2.105004190e-16 2.105004190e-16 2.105004190e-16 2.105004190e-16 2.105004190e-16
0.000000000e+00 2.105004190e-16 2.105004190e-16 2.105004190e-16 4.327907474e-01 2.105004190e-16
2.105004190e-16 2.105004190e-16 2.105004190e-16 0.000000000e+00 2.105004190e-16 2.105004190e-16
2.105004190e-16 2.105004190e-16 0.000000000e+00 2.105004190e-16 2.105004190e-16 2.105004190e-16
2.105004190e-16 2.105004190e-16 2.105004190e-16 2.105004190e-16 0.000000000e+00 2.105004190e-16
5.672092526e-01 2.105004190e-16 2.105004190e-16 2.105004190e-16 2.105004190e-16 2.105004190e-16

2.566597628e-16 2.566597628e-16 2.566597628e-16 2.566597628e-16 2.566597628e-16 2.566597628e-16
0.000000000e+00 7.621612274e-03 6.068345427e-03 2.566597628e-16 0.000000000e+00 2.566597628e-16
8.420494752e-02 1.625918023e-02 7.621612274e-03 0.000000000e+00 2.566597628e-16 2.566597628e-16
2.566597628e-16 2.566597628e-16 0.000000000e+00 2.924229891e-01 1.188091772e-01 2.566597628e-16
2.566597628e-16 0.000000000e+00 2.566597628e-16 2.566597628e-16 0.000000000e+00 3.204493220e-03
4.618572517e-01 2.566597628e-16 1.930390996e-03 2.566597628e-16 2.566597628e-16 2.566597628e-16

