2.104848100e-16 2.104848100e-16 2.104848100e-16 2.104848100e-16 2.104848100e-16 2.104848100e-16
2.104848100e-16 2.104848100e-16 6.656114127e-04 1.583099655e-03 1.583099655e-03 2.104848100e-16
2.104848100e-16 2.104848100e-16 4.976606073e-03 8.623207945e-01 1.042471833e-01 2.104848100e-16
2.104848100e-16 2.104848100e-16 1.583099655e-03 0.000000000e+00 2.104848100e-16 2.104848100e-16
2.104848100e-16 2.104848100e-16 1.583099655e-03 1.183643070e-02 8.955364013e-03 6.656114127e-04
2.104848100e-16 2.104848100e-16 2.104848100e-16 2.104848100e-16 2.104848100e-16 2.104848100e-16

7.817134235e-04 7.817134235e-04 7.817134235e-04 7.817134235e-04 7.817134235e-04 7.817134235e-04
7.817134235e-04 7.817134235e-04 8.900617127e-03 3.086378166e-03 7.817134235e-04 7.817134235e-04
1.859238330e-03 7.817134235e-04 6.026779175e-01 3.040185468e-01 0.000000000e+00 7.817134235e-04
7.817134235e-04 5.844671075e-03 7.817134235e-04 0.000000000e+00 0.000000000e+00 4.422038901e-03
7.817134235e-04 1.859238330e-03 7.817134235e-04 3.937380305e-02 8.900617127e-03 7.817134235e-04
7.817134235e-04 7.817134235e-04 7.817134235e-04 1.859238330e-03 7.817134235e-04 7.817134235e-04

8.252639757e-04 8.252639757e-04 8.252639757e-04 8.252639757e-04 8.252639757e-04 8.252639757e-04
8.252639757e-04 8.252639757e-04 8.252639757e-04 8.252639757e-04 8.252639757e-04 8.252639757e-04
8.252639757e-04 8.252639757e-04 8.252639757e-04 0.000000000e+00 0.000000000e+00 4.696159794e-01
8.252639757e-04 8.252639757e-04 8.252639757e-04 0.000000000e+00 0.000000000e+00 8.252639757e-04
3.258325417e-03 2.255954811e-01 0.000000000e+00 8.252639757e-04 1.730846317e-01 8.252639757e-04
8.252639757e-04 8.252639757e-04 1.069887190e-01 8.252639757e-04 8.252639757e-04 8.252639757e-04

0.000000000e+00 0.000000000e+00 0.000000000e+00 0.000000000e+00 0.000000000e+00 0.000000000e+00
0.000000000e+00 0.000000000e+00 0.000000000e+00 0.000000000e+00 0.000000000e+00 0.000000000e+00
0.000000000e+00 0.000000000e+00 0.000000000e+00 0.000000000e+00 0.000000000e+00 0.000000000e+00
0.000000000e+00 0.000000000e+00 0.000000000e+00 0.000000000e+00 0.000000000e+00 0.000000000e+00
0.000000000e+00 0.000000000e+00 0.000000000e+00 0.000000000e+00 0.000000000e+00 0.000000000e+00
0.000000000e+00 0.000000000e+00 0.000000000e+00 0.000000000e+00 0.000000000e+00 0.000000000e+00

