2.124361148e-16 2.124361148e-16 2.124361148e-16 2.124361148e-16 2.124361148e-16 2.124361148e-16
2.124361148e-16 2.124361148e-16 2.124361148e-16 2.124361148e-16 2.124361148e-16 2.124361148e-16
2.124361148e-16 2.124361148e-16 2.124361148e-16 2.124361148e-16 1.597775821e-03 3.148683867e-01
2.124361148e-16 2.124361148e-16 2.124361148e-16 0.000000000e+00 9.038384940e-03 2.124361148e-16
2.124361148e-16 2.124361148e-16 2.124361148e-16 2.124361148e-16 2.124361148e-16 6.744954525e-01
2.124361148e-16 2.124361148e-16 2.124361148e-16 2.124361148e-16 2.124361148e-16 2.124361148e-16

2.016123744e-16 2.016123744e-16 6.375543078e-04 6.375543078e-04 6.375543078e-04 4.766830285e-03
6.375543078e-04 2.016123744e-16 2.016123744e-16 6.375543078e-04 6.375543078e-04 2.016123744e-16
2.016123744e-16 2.016123744e-16 1.516368238e-03 6.375543078e-04 0.000000000e+00 9.205652153e-01
2.016123744e-16 2.016123744e-16 2.016123744e-16 0.000000000e+00 5.986958496e-03 0.000000000e+00
2.016123744e-16 2.016123744e-16 2.016123744e-16 6.375543078e-04 6.375543078e-04 6.015153025e-02
2.016123744e-16 6.375543078e-04 2.016123744e-16 6.375543078e-04 2.016123744e-16 2.016123744e-16

2.134929890e-16 2.134929890e-16 2.134929890e-16 2.134929890e-16 2.134929890e-16 2.134929890e-16
2.134929890e-16 2.134929890e-16 2.134929890e-16 2.134929890e-16 2.134929890e-16 0.000000000e+00
2.134929890e-16 2.134929890e-16 2.134929890e-16 2.134929890e-16 0.000000000e+00 7.801803415e-01
2.134929890e-16 2.134929890e-16 2.134929890e-16 0.000000000e+00 6.751241099e-04 0.000000000e+00
2.134929890e-16 6.751241099e-04 0.000000000e+00 6.751241099e-04 6.751241099e-04 1.716851472e-01
2.134929890e-16 2.134929890e-16 4.543401479e-02 2.134929890e-16 2.134929890e-16 2.134929890e-16

8.451684926e-04 8.451684926e-04 8.451684926e-04 8.451684926e-04 1.502945728e-02 8.451684926e-04
8.451684926e-04 8.451684926e-04 8.451684926e-04 5.201732366e-02 4.780994979e-03 0.000000000e+00
8.451684926e-04 8.451684926e-04 8.451684926e-04 8.451684926e-04 0.000000000e+00 0.000000000e+00
8.451684926e-04 8.451684926e-04 8.451684926e-04 0.000000000e+00 1.803419966e-01 0.000000000e+00
8.451684926e-04 8.451684926e-04 0.000000000e+00 2.010160770e-03 9.623118825e-03 5.379486962e-01
8.451684926e-04 0.000000000e+00 3.133530526e-02 8.451684926e-04 8.451684926e-04 1.500095766e-01

3.072052634e-16 3.108698693e-02 3.835572716e-03 9.122580728e-03 7.263420003e-03 3.835572716e-03
3.072052634e-16 3.072052634e-16 9.714683416e-04 5.430673124e-02 0.000000000e+00 0.000000000e+00
2.310554128e-03 9.714683416e-04 1.356540711e-01 0.000000000e+00 0.000000000e+00 0.000000000e+00
2.310554128e-03 3.072052634e-16 1.896988915e-01 0.000000000e+00 3.072052634e-16 0.000000000e+00
2.310554128e-03 9.122580728e-03 0.000000000e+00 1.946119520e-02 7.263420003e-03 3.033700097e-01
1.514369273e-02 0.000000000e+00 3.353434314e-02 2.310554128e-03 7.263420003e-03 1.588523583e-01

2.219969110e-16 2.219969110e-16 2.219969110e-16 2.219969110e-16 2.219969110e-16 2.219969110e-16
2.219969110e-16 2.219969110e-16 0.000000000e+00 7.993177948e-03 0.000000000e+00 0.000000000e+00
2.219969110e-16 2.219969110e-16 7.993177948e-03 0.000000000e+00 0.000000000e+00 0.000000000e+00
2.219969110e-16 7.020158725e-04 6.592285302e-03 0.000000000e+00 0.000000000e+00 0.000000000e+00
3.971201471e-03 2.219969110e-16 0.000000000e+00 7.020158725e-04 7.020158725e-04 8.004831336e-01
9.802821872e-02 0.000000000e+00 7.283275741e-02 2.219969110e-16 2.219969110e-16 2.219969110e-16

8.591237367e-04 8.591237367e-04 8.591237367e-04 8.591237367e-04 8.591237367e-04 8.591237367e-04
8.591237367e-04 8.591237367e-04 0.000000000e+00 1.896191946e-01 0.000000000e+00 0.000000000e+00
8.591237367e-04 8.591237367e-04 8.591237367e-04 0.000000000e+00 0.000000000e+00 0.000000000e+00
8.591237367e-04 4.509929906e-01 0.000000000e+00 0.000000000e+00 0.000000000e+00 0.000000000e+00
6.423448162e-03 0.000000000e+00 0.000000000e+00 1.339241366e-02 8.591237367e-04 1.170896313e-01
9.735798210e-02 0.000000000e+00 1.113783599e-01 8.591237367e-04 8.591237367e-04 8.591237367e-04

6.238219757e-04 6.238219757e-04 6.238219757e-04 6.238219757e-04 6.238219757e-04 6.238219757e-04
6.238219757e-04 6.238219757e-04 0.000000000e+00 1.393276228e-02 0.000000000e+00 0.000000000e+00
6.238219757e-04 0.000000000e+00 0.000000000e+00 0.000000000e+00 0.000000000e+00 0.000000000e+00
1.483707064e-03 6.238219757e-04 0.000000000e+00 0.000000000e+00 0.000000000e+00 0.000000000e+00
7.102859430e-03 0.000000000e+00 0.000000000e+00 3.528869994e-03 6.238219757e-04 1.483707064e-03
6.238219757e-04 0.000000000e+00 9.612715988e-01 2.462987673e-03 6.238219757e-04 6.238219757e-04

1.925818899e-16 6.089974084e-04 1.925818899e-16 1.925818899e-16 1.925818899e-16 1.925818899e-16
1.925818899e-16 1.925818899e-16 0.000000000e+00 1.448448102e-03 0.000000000e+00 0.000000000e+00
1.925818899e-16 0.000000000e+00 0.000000000e+00 0.000000000e+00 0.000000000e+00 0.000000000e+00
1.925818899e-16 0.000000000e+00 0.000000000e+00 0.000000000e+00 0.000000000e+00 0.000000000e+00
9.384278452e-01 0.000000000e+00 0.000000000e+00 0.000000000e+00 1.925818899e-16 6.089974084e-04
1.925818899e-16 0.000000000e+00 5.745726378e-02 1.448448102e-03 1.925818899e-16 1.925818899e-16

2.008622232e-16 2.008622232e-16 2.008622232e-16 0.000000000e+00 6.351821212e-04 2.008622232e-16
0.000000000e+00 2.008622232e-16 0.000000000e+00 6.351821212e-04 0.000000000e+00 0.000000000e+00
3.199322794e-02 0.000000000e+00 0.000000000e+00 0.000000000e+00 0.000000000e+00 0.000000000e+00
2.008622232e-16 0.000000000e+00 0.000000000e+00 0.000000000e+00 0.000000000e+00 0.000000000e+00
9.137394212e-01 0.000000000e+00 0.000000000e+00 0.000000000e+00 2.008622232e-16 2.507840049e-03
6.351821212e-04 0.000000000e+00 4.834323826e-02 1.510726196e-03 2.008622232e-16 2.008622232e-16

0.000000000e+00 0.000000000e+00 0.000000000e+00 0.000000000e+00 0.000000000e+00 0.000000000e+00
0.000000000e+00 0.000000000e+00 0.000000000e+00 0.000000000e+00 0.000000000e+00 0.000000000e+00
0.000000000e+00 0.000000000e+00 0.000000000e+00 0.000000000e+00 0.000000000e+00 0.000000000e+00
0.000000000e+00 0.000000000e+00 0.000000000e+00 0.000000000e+00 0.000000000e+00 0.000000000e+00
0.000000000e+00 0.000000000e+00 0.000000000e+00 0.000000000e+00 0.000000000e+00 0.000000000e+00
0.000000000e+00 0.000000000e+00 0.000000000e+00 0.000000000e+00 0.000000000e+00 0.000000000e+00

0.000000000e+00 0.000000000e+00 0.000000000e+00 0.000000000e+00 0.000000000e+00 0.000000000e+00
0.000000000e+00 0.000000000e+00 0.000000000e+00 0.000000000e+00 0.000000000e+00 0.000000000e+00
0.000000000e+00 0.000000000e+00 0.000000000e+00 0.000000000e+00 0.000000000e+00 0.000000000e+00
0.000000000e+00 0.000000000e+00 0.000000000e+00 0.000000000e+00 0.000000000e+00 0.000000000e+00
0.000000000e+00 0.000000000e+00 0.000000000e+00 0.000000000e+00 0.000000000e+00 0.000000000e+00
0.000000000e+00 0.000000000e+00 0.000000000e+00 0.000000000e+00 0.000000000e+00 0.000000000e+00

0.000000000e+00 0.000000000e+00 0.000000000e+00 0.000000000e+00 0.000000000e+00 0.000000000e+00
0.000000000e+00 0.000000000e+00 0.000000000e+00 0.000000000e+00 0.000000000e+00 0.000000000e+00
0.000000000e+00 0.000000000e+00 0.000000000e+00 0.000000000e+00 0.000000000e+00 0.000000000e+00
0.000000000e+00 0.000000000e+00 0.000000000e+00 0.000000000e+00 0.000000000e+00 0.000000000e+00
0.000000000e+00 0.000000000e+00 0.000000000e+00 0.000000000e+00 0.000000000e+00 0.000000000e+00
0.000000000e+00 0.000000000e+00 0.000000000e+00 0.000000000e+00 0.000000000e+00 0.000000000e+00

0.000000000e+00 0.000000000e+00 0.000000000e+00 0.000000000e+00 0.000000000e+00 0.000000000e+00
0.000000000e+00 0.000000000e+00 0.000000000e+00 0.000000000e+00 0.000000000e+00 0.000000000e+00
0.000000000e+00 0.000000000e+00 0.000000000e+00 0.000000000e+00 0.000000000e+00 0.000000000e+00
0.000000000e+00 0.000000000e+00 0.000000000e+00 0.000000000e+00 0.000000000e+00 0.000000000e+00
0.000000000e+00 0.000000000e+00 0.000000000e+00 0.000000000e+00 0.000000000e+00 0.000000000e+00
0.000000000e+00 0.000000000e+00 0.000000000e+00 0.000000000e+00 0.000000000e+00 0.000000000e+00

0.000000000e+00 0.000000000e+00 0.000000000e+00 0.000000000e+00 0.000000000e+00 0.000000000e+00
0.000000000e+00 0.000000000e+00 0.000000000e+00 0.000000000e+00 0.000000000e+00 0.000000000e+00
0.000000000e+00 0.000000000e+00 0.000000000e+00 0.000000000e+00 0.000000000e+00 0.000000000e+00
0.000000000e+00 0.000000000e+00 0.000000000e+00 0.000000000e+00 0.000000000e+00 0.000000000e+00
0.000000000e+00 0.000000000e+00 0.000000000e+00 0.000000000e+00 0.000000000e+00 0.000000000e+00
0.000000000e+00 0.000000000e+00 0.000000000e+00 0.000000000e+00 0.000000000e+00 0.000000000e+00

