2.506265664e-13 2.506265664e-13 2.506265664e-13 2.506265664e-13 2.506265664e-13 2.506265664e-13
2.506265664e-13 2.506265664e-13 2.506265664e-13 2.506265664e-03 2.506265664e-13 2.506265664e-13
2.506265664e-13 2.506265664e-13 5.012531329e-03 5.012531329e-03 5.012531329e-03 2.506265664e-13
2.506265664e-13 5.012531329e-03 5.964912281e-01 2.506265664e-13 2.506265664e-13 2.506265664e-13
2.506265664e-13 2.506265664e-13 3.634085213e-01 0.000000000e+00 1.754385965e-02 2.506265664e-13
2.506265664e-13 2.506265664e-13 2.506265664e-13 2.506265664e-13 2.506265664e-13 2.506265664e-13

2.506265664e-13 2.506265664e-13 2.506265664e-13 2.506265664e-13 2.506265664e-13 2.506265664e-13
2.506265664e-13 1.253132832e-02 2.506265664e-13 2.506265664e-03 2.506265664e-13 2.506265664e-13
2.506265664e-13 2.506265664e-13 9.373433584e-01 1.002506266e-02 1.002506266e-02 2.506265664e-13
2.506265664e-13 2.506265664e-13 2.506265664e-13 0.000000000e+00 0.000000000e+00 2.506265664e-13
2.506265664e-13 2.506265664e-13 2.506265664e-13 0.000000000e+00 2.506265664e-13 2.506265664e-13
2.506265664e-13 2.506265664e-13 2.506265664e-13 2.506265664e-13 2.506265664e-13 2.756892231e-02

2.506265664e-13 2.506265664e-13 2.506265664e-13 2.506265664e-13 2.506265664e-13 2.506265664e-13
2.506265664e-13 2.506265664e-13 2.506265664e-13 2.506265664e-13 2.506265664e-13 2.506265664e-13
2.506265664e-13 2.506265664e-13 6.466165413e-01 1.253132832e-02 3.333333333e-01 2.506265664e-13
2.506265664e-13 2.506265664e-13 2.506265664e-13 0.000000000e+00 0.000000000e+00 2.506265664e-13
2.506265664e-13 0.000000000e+00 2.506265664e-13 0.000000000e+00 0.000000000e+00 2.506265664e-13
2.506265664e-13 7.518796993e-03 2.506265664e-13 2.506265664e-13 2.506265664e-13 2.506265664e-13

2.506265664e-13 2.506265664e-13 2.506265664e-13 2.506265664e-13 2.506265664e-13 2.506265664e-13
2.506265664e-13 5.012531329e-03 2.506265664e-13 2.506265664e-13 2.506265664e-13 2.506265664e-13
5.012531329e-03 2.506265664e-03 9.674185464e-01 2.506265664e-03 1.253132832e-02 2.506265664e-13
2.506265664e-13 2.506265664e-13 0.000000000e+00 0.000000000e+00 0.000000000e+00 2.506265664e-13
2.506265664e-13 0.000000000e+00 0.000000000e+00 0.000000000e+00 0.000000000e+00 2.506265664e-13
2.506265664e-13 2.506265664e-13 2.506265664e-13 2.506265664e-13 2.506265664e-13 5.012531329e-03

2.506265664e-13 2.506265664e-13 2.506265664e-13 6.516290727e-02 2.506265664e-13 2.506265664e-13
2.506265664e-13 2.506265664e-03 2.506265664e-13 7.268170426e-02 2.506265664e-13 2.506265664e-13
2.506265664e-03 0.000000000e+00 8.320802005e-01 2.506265664e-13 2.506265664e-03 2.506265664e-03
2.506265664e-13 0.000000000e+00 0.000000000e+00 0.000000000e+00 0.000000000e+00 2.506265664e-13
2.506265664e-13 0.000000000e+00 0.000000000e+00 0.000000000e+00 0.000000000e+00 2.506265664e-13
2.506265664e-03 2.506265664e-03 2.506265664e-03 2.506265664e-03 2.506265664e-03 7.518796993e-03

2.506265664e-13 2.506265664e-03 2.506265664e-13 3.082706767e-01 2.506265664e-13 2.506265664e-13
2.506265664e-03 2.506265664e-03 2.506265664e-13 2.280701754e-01 2.506265664e-03 2.506265664e-03
5.012531329e-03 0.000000000e+00 0.000000000e+00 0.000000000e+00 3.809523810e-01 1.754385965e-02
2.506265664e-13 0.000000000e+00 0.000000000e+00 0.000000000e+00 0.000000000e+00 2.506265664e-03
2.506265664e-13 0.000000000e+00 0.000000000e+00 0.000000000e+00 0.000000000e+00 2.506265664e-03
2.506265664e-03 7.518796993e-03 1.754385965e-02 7.518796993e-03 2.506265664e-03 5.012531329e-03

2.506265664e-03 2.506265664e-03 2.506265664e-03 1.754385965e-02 2.506265664e-03 2.506265664e-03
2.506265664e-02 2.506265664e-03 0.000000000e+00 5.789473684e-01 2.506265664e-03 2.506265664e-03
0.000000000e+00 0.000000000e+00 0.000000000e+00 0.000000000e+00 3.157894737e-01 7.518796993e-03
2.506265664e-03 0.000000000e+00 0.000000000e+00 0.000000000e+00 0.000000000e+00 2.506265664e-03
2.506265664e-03 0.000000000e+00 0.000000000e+00 0.000000000e+00 0.000000000e+00 2.506265664e-03
2.506265664e-03 5.012531329e-03 7.518796993e-03 2.506265664e-03 2.506265664e-03 5.012531329e-03

2.506265664e-03 7.518796993e-03 2.506265664e-03 2.531328321e-01 2.506265664e-03 2.506265664e-03
0.000000000e+00 0.000000000e+00 0.000000000e+00 4.962406015e-01 2.506265664e-03 2.506265664e-03
0.000000000e+00 0.000000000e+00 0.000000000e+00 0.000000000e+00 1.879699248e-01 5.012531329e-03
2.506265664e-03 0.000000000e+00 0.000000000e+00 0.000000000e+00 0.000000000e+00 2.506265664e-03
2.506265664e-03 0.000000000e+00 0.000000000e+00 0.000000000e+00 0.000000000e+00 2.506265664e-03
2.506265664e-03 5.012531329e-03 1.002506266e-02 2.506265664e-03 2.506265664e-03 2.506265664e-03

2.506265664e-03 2.882205514e-01 2.506265664e-03 2.155388471e-01 2.506265664e-03 2.506265664e-03
0.000000000e+00 0.000000000e+00 0.000000000e+00 0.000000000e+00 2.005012531e-02 2.506265664e-03
0.000000000e+00 0.000000000e+00 0.000000000e+00 0.000000000e+00 3.483709273e-01 7.518796993e-03
0.000000000e+00 0.000000000e+00 0.000000000e+00 0.000000000e+00 0.000000000e+00 2.506265664e-03
2.506265664e-03 0.000000000e+00 0.000000000e+00 0.000000000e+00 0.000000000e+00 2.506265664e-03
5.012531329e-03 7.268170426e-02 1.002506266e-02 2.506265664e-03 2.506265664e-03 7.518796993e-03

2.506265664e-03 0.000000000e+00 0.000000000e+00 3.358395990e-01 2.506265664e-03 3.258145363e-01
0.000000000e+00 0.000000000e+00 0.000000000e+00 0.000000000e+00 2.506265664e-03 2.506265664e-03
0.000000000e+00 0.000000000e+00 0.000000000e+00 0.000000000e+00 1.478696742e-01 7.017543860e-02
0.000000000e+00 0.000000000e+00 0.000000000e+00 0.000000000e+00 0.000000000e+00 2.506265664e-03
2.506265664e-03 0.000000000e+00 0.000000000e+00 0.000000000e+00 0.000000000e+00 2.506265664e-03
1.002506266e-02 5.764411028e-02 5.012531329e-03 1.002506266e-02 2.506265664e-03 1.754385965e-02

2.506265664e-13 0.000000000e+00 0.000000000e+00 2.506265664e-03 2.506265664e-13 2.005012531e-02
0.000000000e+00 0.000000000e+00 0.000000000e+00 0.000000000e+00 0.000000000e+00 2.506265664e-03
0.000000000e+00 0.000000000e+00 0.000000000e+00 0.000000000e+00 2.506265664e-13 9.197994987e-01
0.000000000e+00 0.000000000e+00 0.000000000e+00 0.000000000e+00 0.000000000e+00 2.506265664e-13
2.506265664e-13 0.000000000e+00 0.000000000e+00 0.000000000e+00 0.000000000e+00 2.506265664e-13
2.506265664e-03 4.511278195e-02 0.000000000e+00 2.506265664e-03 2.506265664e-03 2.506265664e-03

2.506265664e-03 0.000000000e+00 0.000000000e+00 1.102756892e-01 2.506265664e-03 7.518796992e-02
0.000000000e+00 0.000000000e+00 0.000000000e+00 0.000000000e+00 0.000000000e+00 1.453634085e-01
0.000000000e+00 0.000000000e+00 0.000000000e+00 0.000000000e+00 0.000000000e+00 0.000000000e+00
0.000000000e+00 0.000000000e+00 0.000000000e+00 0.000000000e+00 0.000000000e+00 2.506265664e-03
2.506265664e-03 0.000000000e+00 0.000000000e+00 0.000000000e+00 0.000000000e+00 2.506265664e-02
1.152882206e-01 3.884711779e-01 0.000000000e+00 7.017543860e-02 2.506265664e-03 5.764411028e-02

