3.709474205e-03 2.971055653e-16 2.971055653e-16 3.243186613e-02 7.024627384e-03 2.971055653e-16
9.395302920e-04 2.971055653e-16 3.709474205e-03 1.767423831e-01 9.395302920e-04 9.395302920e-04
9.395302920e-04 2.971055653e-16 2.073659120e-01 2.971055653e-16 1.634558238e-01 4.223620658e-02
2.098395492e-02 2.971055653e-16 1.634558238e-01 0.000000000e+00 1.700731496e-01 2.971055653e-16
2.971055653e-16 2.971055653e-16 2.971055653e-16 9.395302920e-04 9.395302920e-04 2.971055653e-16
9.395302920e-04 2.234592216e-03 2.971055653e-16 2.971055653e-16 2.971055653e-16 2.971055653e-16

6.074258840e-04 1.920849303e-16 1.920849303e-16 6.074258840e-04 1.920849303e-16 1.920849303e-16
1.920849303e-16 1.920849303e-16 1.920849303e-16 2.398252262e-03 1.920849303e-16 1.920849303e-16
1.920849303e-16 1.920849303e-16 9.690794294e-01 0.000000000e+00 8.172515973e-03 6.074258840e-04
1.920849303e-16 1.920849303e-16 1.920849303e-16 0.000000000e+00 0.000000000e+00 1.920849303e-16
1.920849303e-16 6.074258840e-04 8.172515973e-03 3.436119693e-03 5.704037307e-03 1.920849303e-16
1.920849303e-16 1.920849303e-16 6.074258840e-04 1.920849303e-16 1.920849303e-16 1.920849303e-16

2.059422119e-16 2.059422119e-16 2.059422119e-16 2.059422119e-16 2.059422119e-16 2.059422119e-16
2.059422119e-16 2.059422119e-16 2.640554656e-01 2.059422119e-16 2.059422119e-16 2.059422119e-16
2.059422119e-16 7.359445344e-01 2.059422119e-16 0.000000000e+00 2.059422119e-16 2.059422119e-16
2.059422119e-16 2.059422119e-16 0.000000000e+00 0.000000000e+00 0.000000000e+00 2.059422119e-16
2.059422119e-16 2.059422119e-16 2.059422119e-16 0.000000000e+00 2.059422119e-16 2.059422119e-16
2.059422119e-16 2.059422119e-16 2.059422119e-16 2.059422119e-16 2.059422119e-16 2.059422119e-16

1.773306804e-16 1.773306804e-16 1.773306804e-16 1.773306804e-16 1.773306804e-16 1.773306804e-16
1.773306804e-16 1.773306804e-16 1.000000000e+00 1.773306804e-16 1.773306804e-16 1.773306804e-16
1.773306804e-16 1.773306804e-16 0.000000000e+00 0.000000000e+00 1.773306804e-16 1.773306804e-16
1.773306804e-16 1.773306804e-16 0.000000000e+00 0.000000000e+00 0.000000000e+00 1.773306804e-16
1.773306804e-16 1.773306804e-16 1.773306804e-16 0.000000000e+00 0.000000000e+00 1.773306804e-16
1.773306804e-16 1.773306804e-16 1.773306804e-16 1.773306804e-16 1.773306804e-16 1.773306804e-16

