2.325537037e-16 2.325537037e-16 2.325537037e-16 2.325537037e-16 2.325537037e-16 2.325537037e-16
2.325537037e-16 2.325537037e-16 2.325537037e-16 1.307745579e-02 2.325537037e-16 2.325537037e-16
2.325537037e-16 2.325537037e-16 0.000000000e+00 1.991513731e-02 2.981762502e-01 2.325537037e-16
2.325537037e-16 2.170887582e-02 3.110360694e-02 2.325537037e-16 2.325537037e-16 2.325537037e-16
2.325537037e-16 2.325537037e-16 6.160186739e-01 2.325537037e-16 2.325537037e-16 2.325537037e-16
2.325537037e-16 2.325537037e-16 2.325537037e-16 2.325537037e-16 2.325537037e-16 2.325537037e-16

1.797566076e-16 1.797566076e-16 1.797566076e-16 1.797566076e-16 1.797566076e-16 1.797566076e-16
1.797566076e-16 1.797566076e-16 1.797566076e-16 0.000000000e+00 1.797566076e-16 1.797566076e-16
1.797566076e-16 1.797566076e-16 0.000000000e+00 1.797566076e-16 1.797566076e-16 1.797566076e-16
1.797566076e-16 9.946620571e-01 1.797566076e-16 0.000000000e+00 5.337942932e-03 1.797566076e-16
1.797566076e-16 1.797566076e-16 1.797566076e-16 1.797566076e-16 1.797566076e-16 1.797566076e-16
1.797566076e-16 1.797566076e-16 1.797566076e-16 1.797566076e-16 1.797566076e-16 1.797566076e-16

7.411517457e-04 2.343727608e-16 7.411517457e-04 2.343727608e-16 5.541401798e-03 7.411517457e-04
2.343727608e-16 2.343727608e-16 2.343727608e-16 0.000000000e+00 2.926231656e-03 2.343727608e-16
2.343727608e-16 2.343727608e-16 0.000000000e+00 2.007091540e-02 2.343727608e-16 2.343727608e-16
7.411517457e-04 0.000000000e+00 0.000000000e+00 0.000000000e+00 5.159462347e-01 4.217519645e-01
1.762765859e-03 2.343727608e-16 7.411517457e-04 7.411517457e-04 7.411517457e-04 2.343727608e-16
2.187868470e-02 2.343727608e-16 2.343727608e-16 4.192587402e-03 2.343727608e-16 7.411517457e-04

