2.691730821e-16 2.691730821e-16 2.691730821e-16 2.691730821e-16 2.691730821e-16 2.691730821e-16
2.691730821e-16 2.691730821e-16 2.691730821e-16 9.372753529e-02 2.691730821e-16 2.691730821e-16
2.691730821e-16 2.691730821e-16 1.570989647e-01 3.066799267e-01 1.513671477e-02 2.691730821e-16
2.691730821e-16 5.976311084e-02 3.415964433e-01 2.691730821e-16 6.364204594e-03 2.691730821e-16
2.691730821e-16 2.691730821e-16 6.364204594e-03 1.326889520e-02 2.691730821e-16 2.691730821e-16
2.691730821e-16 2.691730821e-16 2.691730821e-16 2.691730821e-16 2.691730821e-16 2.691730821e-16

2.560167123e-16 2.560167123e-16 2.560167123e-16 2.560167123e-16 2.560167123e-16 2.560167123e-16
2.560167123e-16 0.000000000e+00 2.560167123e-16 2.560167123e-16 2.560167123e-16 1.998469417e-02
2.560167123e-16 2.560167123e-16 1.816708744e-01 4.038512498e-01 2.560167123e-16 2.560167123e-16
2.560167123e-16 1.212611487e-01 3.196464493e-03 0.000000000e+00 2.560167123e-16 2.560167123e-16
2.560167123e-16 2.560167123e-16 2.624330518e-01 2.560167123e-16 2.560167123e-16 2.560167123e-16
2.560167123e-16 7.602516635e-03 2.560167123e-16 2.560167123e-16 2.560167123e-16 2.560167123e-16

2.727704332e-16 2.727704332e-16 2.727704332e-16 2.727704332e-16 2.727704332e-16 2.727704332e-16
2.727704332e-16 0.000000000e+00 2.727704332e-16 0.000000000e+00 2.727704332e-16 4.879465847e-03
2.727704332e-16 2.727704332e-16 1.204485214e-01 2.760242711e-02 0.000000000e+00 2.727704332e-16
2.727704332e-16 1.777748125e-01 2.226234714e-01 0.000000000e+00 1.684354241e-01 2.727704332e-16
2.727704332e-16 2.727704332e-16 2.761843150e-01 2.727704332e-16 2.727704332e-16 2.727704332e-16
2.727704332e-16 2.727704332e-16 2.727704332e-16 2.051562670e-03 2.727704332e-16 2.727704332e-16

2.464173241e-16 2.464173241e-16 2.464173241e-16 2.464173241e-16 2.464173241e-16 2.464173241e-16
2.464173241e-16 0.000000000e+00 0.000000000e+00 0.000000000e+00 2.464173241e-16 2.464173241e-16
2.464173241e-16 2.464173241e-16 5.569263586e-01 2.464173241e-16 0.000000000e+00 1.740394871e-02
2.464173241e-16 2.464173241e-16 0.000000000e+00 0.000000000e+00 5.471076728e-02 2.464173241e-16
2.464173241e-16 2.464173241e-16 2.493567997e-02 2.372115902e-01 2.464173241e-16 2.464173241e-16
2.464173241e-16 2.464173241e-16 2.464173241e-16 1.088116552e-01 2.464173241e-16 2.464173241e-16

2.383686821e-16 7.120545199e-01 2.383686821e-16 2.383686821e-16 8.582656780e-03 2.383686821e-16
2.383686821e-16 0.000000000e+00 0.000000000e+00 0.000000000e+00 5.961995176e-02 2.383686821e-16
2.383686821e-16 2.383686821e-16 0.000000000e+00 0.000000000e+00 0.000000000e+00 2.225170375e-02
2.383686821e-16 2.383686821e-16 0.000000000e+00 0.000000000e+00 2.383686821e-16 2.383686821e-16
2.383686821e-16 2.383686821e-16 2.976122230e-03 3.591513857e-02 1.471923829e-01 7.537879585e-04
2.383686821e-16 7.537879585e-04 5.635879525e-03 4.264068616e-03 2.383686821e-16 2.383686821e-16

2.642800724e-16 3.981922179e-02 2.642800724e-16 8.357269691e-04 2.642800724e-16 2.642800724e-16
2.642800724e-16 0.000000000e+00 0.000000000e+00 0.000000000e+00 1.028458423e-01 2.642800724e-16
2.642800724e-16 2.642800724e-16 0.000000000e+00 0.000000000e+00 0.000000000e+00 7.884858662e-02
2.642800724e-16 8.357269691e-04 0.000000000e+00 0.000000000e+00 0.000000000e+00 2.642800724e-16
2.642800724e-16 2.642800724e-16 0.000000000e+00 1.875346004e-01 5.130096905e-01 3.315174692e-02
2.642800724e-16 2.642800724e-16 3.981922179e-02 3.299635638e-03 2.642800724e-16 2.642800724e-16

