2.403743876e-16 2.403743876e-16 2.403743876e-16 2.403743876e-16 2.403743876e-16 2.403743876e-16
2.403743876e-16 4.299947765e-03 2.494219795e-01 3.001164213e-03 2.403743876e-16 2.403743876e-16
2.403743876e-16 2.403743876e-16 0.000000000e+00 5.683301502e-03 7.601305560e-04 2.403743876e-16
2.403743876e-16 1.818656480e-01 5.362041759e-01 1.876365249e-02 2.403743876e-16 2.403743876e-16
2.403743876e-16 2.403743876e-16 2.403743876e-16 2.403743876e-16 2.403743876e-16 2.403743876e-16
2.403743876e-16 2.403743876e-16 2.403743876e-16 2.403743876e-16 2.403743876e-16 2.403743876e-16

7.908211632e-04 7.908211632e-04 7.908211632e-04 1.880900308e-03 7.908211632e-04 7.908211632e-04
3.983254706e-02 1.880900308e-03 6.096997153e-01 1.584233306e-02 1.880900308e-03 7.908211632e-04
7.908211632e-04 0.000000000e+00 0.000000000e+00 1.406300991e-02 7.908211632e-04 1.880900308e-03
1.880900308e-03 0.000000000e+00 1.880900308e-03 1.880900308e-03 7.908211632e-04 7.908211632e-04
7.908211632e-04 4.473560057e-03 7.908211632e-04 2.849259509e-01 7.908211632e-04 1.880900308e-03
7.908211632e-04 7.908211632e-04 7.908211632e-04 7.908211632e-04 1.880900308e-03 7.908211632e-04

6.100275890e-04 6.100275890e-04 6.100275890e-04 6.100275890e-04 6.100275890e-04 6.100275890e-04
2.408524371e-03 6.100275890e-04 6.100275890e-04 0.000000000e+00 6.100275890e-04 6.100275890e-04
6.100275890e-04 0.000000000e+00 0.000000000e+00 6.100275890e-04 6.100275890e-04 6.100275890e-04
6.100275890e-04 0.000000000e+00 0.000000000e+00 6.100275890e-04 6.100275890e-04 6.100275890e-04
6.100275890e-04 6.100275890e-04 6.100275890e-04 9.799006755e-01 6.100275890e-04 6.100275890e-04
6.100275890e-04 6.100275890e-04 6.100275890e-04 6.100275890e-04 6.100275890e-04 6.100275890e-04

