2.419492039e-16 2.419492039e-16 2.419492039e-16 2.419492039e-16 2.419492039e-16 2.419492039e-16
2.419492039e-16 2.419492039e-16 1.819749849e-03 2.419492039e-16 2.419492039e-16 2.419492039e-16
2.419492039e-16 8.711576355e-03 7.184776459e-03 1.819749849e-03 2.419492039e-16 2.419492039e-16
2.419492039e-16 2.419492039e-16 2.419492039e-16 2.510560713e-01 1.819749849e-03 2.419492039e-16
2.419492039e-16 3.326299384e-01 0.000000000e+00 3.949583880e-01 2.419492039e-16 2.419492039e-16
2.419492039e-16 2.419492039e-16 2.419492039e-16 2.419492039e-16 2.419492039e-16 2.419492039e-16

2.715368739e-16 2.715368739e-16 2.715368739e-16 2.715368739e-16 2.715368739e-16 2.715368739e-16
2.715368739e-16 2.715368739e-16 6.535311411e-02 2.715368739e-16 0.000000000e+00 2.715368739e-16
2.715368739e-16 1.463831565e-01 8.063393920e-03 2.715368739e-16 2.715368739e-16 2.715368739e-16
2.715368739e-16 2.715368739e-16 0.000000000e+00 1.199038128e-01 7.835757173e-02 2.715368739e-16
2.715368739e-16 3.339499040e-01 0.000000000e+00 2.479890469e-01 2.715368739e-16 2.715368739e-16
2.715368739e-16 2.715368739e-16 2.715368739e-16 2.715368739e-16 2.715368739e-16 2.715368739e-16

2.236930472e-16 2.236930472e-16 2.236930472e-16 2.236930472e-16 2.236930472e-16 2.236930472e-16
2.236930472e-16 2.236930472e-16 2.236930472e-16 4.153069228e-02 0.000000000e+00 2.236930472e-16
2.236930472e-16 0.000000000e+00 2.236930472e-16 0.000000000e+00 2.236930472e-16 2.236930472e-16
1.682441530e-03 2.088173401e-02 0.000000000e+00 2.236930472e-16 7.491989692e-01 2.236930472e-16
2.236930472e-16 1.746150513e-02 0.000000000e+00 1.692446579e-01 2.236930472e-16 2.236930472e-16
2.236930472e-16 2.236930472e-16 2.236930472e-16 2.236930472e-16 2.236930472e-16 2.236930472e-16

0.000000000e+00 0.000000000e+00 0.000000000e+00 0.000000000e+00 0.000000000e+00 0.000000000e+00
0.000000000e+00 0.000000000e+00 0.000000000e+00 0.000000000e+00 0.000000000e+00 0.000000000e+00
0.000000000e+00 0.000000000e+00 0.000000000e+00 0.000000000e+00 0.000000000e+00 0.000000000e+00
0.000000000e+00 0.000000000e+00 0.000000000e+00 0.000000000e+00 0.000000000e+00 0.000000000e+00
0.000000000e+00 0.000000000e+00 0.000000000e+00 0.000000000e+00 0.000000000e+00 0.000000000e+00
0.000000000e+00 0.000000000e+00 0.000000000e+00 0.000000000e+00 0.000000000e+00 0.000000000e+00

