3.071411301e-16 3.071411301e-16 3.071411301e-16 3.071411301e-16 3.071411301e-16 3.071411301e-16
3.071411301e-16 3.071411301e-16 3.071411301e-16 9.712655345e-04 3.071411301e-16 6.536352651e-02
1.227127036e-01 3.071411301e-16 1.421772722e-01 1.621911081e-01 4.627712060e-02 3.071411301e-16
3.071411301e-16 3.071411301e-16 1.621911081e-01 3.071411301e-16 1.758178421e-01 2.169274622e-02
1.727181501e-02 3.071411301e-16 1.514053128e-02 0.000000000e+00 6.819296069e-02 3.071411301e-16
3.071411301e-16 3.071411301e-16 3.071411301e-16 3.071411301e-16 3.071411301e-16 3.071411301e-16

2.505626874e-16 2.505626874e-16 2.505626874e-16 2.505626874e-16 2.505626874e-16 2.505626874e-16
2.505626874e-16 2.505626874e-16 2.505626874e-16 2.505626874e-16 2.505626874e-16 7.440557230e-03
2.505626874e-16 2.505626874e-16 1.778006682e-01 1.661812491e-01 1.066053210e-02 2.505626874e-16
2.505626874e-16 2.505626874e-16 5.699844856e-01 0.000000000e+00 0.000000000e+00 9.021711782e-03
2.505626874e-16 2.505626874e-16 3.128368951e-03 0.000000000e+00 2.505626874e-16 1.587293563e-02
2.505626874e-16 2.505626874e-16 2.505626874e-16 2.505626874e-16 3.990949142e-02 2.505626874e-16

2.136300682e-16 2.136300682e-16 2.136300682e-16 2.136300682e-16 2.136300682e-16 2.136300682e-16
2.136300682e-16 2.136300682e-16 2.136300682e-16 2.136300682e-16 2.136300682e-16 2.136300682e-16
2.136300682e-16 2.136300682e-16 8.084624932e-01 6.584050269e-02 2.136300682e-16 2.136300682e-16
2.136300682e-16 1.053090066e-02 2.136300682e-16 0.000000000e+00 0.000000000e+00 2.136300682e-16
0.000000000e+00 2.136300682e-16 1.151661034e-01 0.000000000e+00 0.000000000e+00 2.136300682e-16
2.136300682e-16 2.136300682e-16 2.136300682e-16 2.136300682e-16 2.136300682e-16 2.136300682e-16

1.954584752e-16 1.954584752e-16 1.954584752e-16 1.954584752e-16 1.954584752e-16 1.954584752e-16
1.954584752e-16 1.954584752e-16 1.954584752e-16 1.954584752e-16 0.000000000e+00 1.954584752e-16
1.954584752e-16 1.954584752e-16 8.924664166e-01 1.954584752e-16 1.954584752e-16 1.954584752e-16
1.954584752e-16 1.954584752e-16 0.000000000e+00 0.000000000e+00 0.000000000e+00 1.954584752e-16
0.000000000e+00 1.954584752e-16 1.075335834e-01 0.000000000e+00 0.000000000e+00 1.954584752e-16
1.954584752e-16 1.954584752e-16 1.954584752e-16 1.954584752e-16 1.954584752e-16 1.954584752e-16

0.000000000e+00 0.000000000e+00 0.000000000e+00 0.000000000e+00 0.000000000e+00 0.000000000e+00
0.000000000e+00 0.000000000e+00 0.000000000e+00 0.000000000e+00 0.000000000e+00 0.000000000e+00
0.000000000e+00 0.000000000e+00 0.000000000e+00 0.000000000e+00 0.000000000e+00 0.000000000e+00
0.000000000e+00 0.000000000e+00 0.000000000e+00 0.000000000e+00 0.000000000e+00 0.000000000e+00
0.000000000e+00 0.000000000e+00 0.000000000e+00 0.000000000e+00 0.000000000e+00 0.000000000e+00
0.000000000e+00 0.000000000e+00 0.000000000e+00 0.000000000e+00 0.000000000e+00 0.000000000e+00

