3.071411301e-16 3.071411301e-16 3.071411301e-16 3.071411301e-16 3.071411301e-16 3.071411301e-16
3.071411301e-16 3.071411301e-16 3.071411301e-16 9.712655345e-04 3.071411301e-16 6.536352651e-02
1.227127036e-01 3.071411301e-16 1.421772722e-01 1.621911081e-01 4.627712060e-02 3.071411301e-16
3.071411301e-16 3.071411301e-16 1.621911081e-01 3.071411301e-16 1.758178421e-01 2.169274622e-02
1.727181501e-02 3.071411301e-16 1.514053128e-02 0.000000000e+00 6.819296069e-02 3.071411301e-16
3.071411301e-16 3.071411301e-16 3.071411301e-16 3.071411301e-16 3.071411301e-16 3.071411301e-16

2.505626874e-16 2.505626874e-16 2.505626874e-16 2.505626874e-16 2.505626874e-16 2.505626874e-16
2.505626874e-16 2.505626874e-16 2.505626874e-16 2.505626874e-16 2.505626874e-16 7.440557230e-03
2.505626874e-16 2.505626874e-16 1.778006682e-01 1.661812491e-01 1.066053210e-02 2.505626874e-16
2.505626874e-16 2.505626874e-16 5.699844856e-01 0.000000000e+00 0.000000000e+00 9.021711782e-03
2.505626874e-16 2.505626874e-16 3.128368951e-03 0.000000000e+00 2.505626874e-16 1.587293563e-02
2.505626874e-16 2.505626874e-16 2.505626874e-16 2.505626874e-16 3.990949142e-02 2.505626874e-16

1.884691825e-16 1.884691825e-16 1.884691825e-16 1.884691825e-16 1.884691825e-16 1.884691825e-16
1.884691825e-16 1.884691825e-16 1.884691825e-16 1.884691825e-16 1.884691825e-16 1.884691825e-16
1.884691825e-16 1.884691825e-16 1.613988334e-02 3.371439230e-03 1.884691825e-16 1.884691825e-16
1.417515581e-03 1.884691825e-16 9.736862152e-01 0.000000000e+00 0.000000000e+00 5.959918855e-04
1.884691825e-16 0.000000000e+00 1.884691825e-16 0.000000000e+00 0.000000000e+00 3.371439230e-03
1.884691825e-16 1.884691825e-16 1.884691825e-16 1.884691825e-16 1.417515581e-03 1.884691825e-16

3.019367436e-16 9.548078191e-04 3.019367436e-16 9.548078191e-04 6.425596706e-02 9.548078191e-04
3.019367436e-16 3.019367436e-16 3.019367436e-16 3.019367436e-16 3.019367436e-16 3.295923466e-02
8.713008183e-02 1.762210005e-01 2.107378505e-01 3.295923466e-02 9.548078191e-04 9.548078191e-04
2.464277569e-01 3.019367436e-16 0.000000000e+00 0.000000000e+00 0.000000000e+00 9.548078191e-04
5.401208668e-03 0.000000000e+00 0.000000000e+00 0.000000000e+00 0.000000000e+00 9.604858164e-02
3.019367436e-16 3.769793274e-03 3.019367436e-16 5.401208668e-03 3.295923466e-02 3.019367436e-16

7.857074881e-04 7.857074881e-04 7.857074881e-04 1.868737870e-03 7.857074881e-04 7.857074881e-04
7.857074881e-04 2.484625237e-16 7.857074881e-04 3.987511622e-01 7.857074881e-04 7.857074881e-04
5.874533673e-03 0.000000000e+00 2.609471550e-01 2.484625237e-16 3.153135289e-01 7.857074881e-04
7.857074881e-04 0.000000000e+00 0.000000000e+00 0.000000000e+00 0.000000000e+00 7.857074881e-04
7.857074881e-04 0.000000000e+00 0.000000000e+00 0.000000000e+00 0.000000000e+00 7.857074881e-04
7.857074881e-04 7.857074881e-04 7.857074881e-04 7.857074881e-04 3.102147621e-03 2.484625237e-16

2.170173954e-16 6.862692615e-04 6.862692615e-04 1.532749222e-02 2.170173954e-16 2.170173954e-16
2.170173954e-16 6.862692615e-04 2.170173954e-16 2.640747481e-01 2.170173954e-16 2.170173954e-16
7.130487978e-01 0.000000000e+00 0.000000000e+00 0.000000000e+00 6.862692615e-04 6.862692615e-04
6.862692615e-04 0.000000000e+00 0.000000000e+00 0.000000000e+00 0.000000000e+00 6.862692615e-04
6.862692615e-04 0.000000000e+00 0.000000000e+00 0.000000000e+00 0.000000000e+00 6.862692615e-04
2.170173954e-16 2.170173954e-16 2.170173954e-16 6.862692615e-04 6.862692615e-04 2.170173954e-16

7.638995470e-04 3.230901716e-02 1.530301870e-02 2.255019627e-02 7.638995470e-04 7.638995470e-04
4.346965874e-01 7.638995470e-04 0.000000000e+00 4.792850486e-01 7.638995470e-04 7.638995470e-04
0.000000000e+00 0.000000000e+00 0.000000000e+00 0.000000000e+00 7.638995470e-04 7.638995470e-04
7.638995470e-04 0.000000000e+00 0.000000000e+00 0.000000000e+00 0.000000000e+00 7.638995470e-04
1.816869553e-03 0.000000000e+00 0.000000000e+00 0.000000000e+00 0.000000000e+00 1.816869553e-03
7.638995470e-04 7.638995470e-04 7.638995470e-04 7.638995470e-04 7.638995470e-04 7.638995470e-04

7.586601404e-04 8.638131618e-03 6.923081147e-02 2.618836702e-02 7.586601404e-04 7.586601404e-04
0.000000000e+00 0.000000000e+00 0.000000000e+00 1.674456410e-01 7.586601404e-04 7.586601404e-04
0.000000000e+00 0.000000000e+00 0.000000000e+00 0.000000000e+00 7.586601404e-04 7.586601404e-04
7.586601404e-04 0.000000000e+00 0.000000000e+00 0.000000000e+00 0.000000000e+00 7.586601404e-04
7.017578359e-01 0.000000000e+00 0.000000000e+00 0.000000000e+00 0.000000000e+00 1.182634118e-02
7.586601404e-04 7.586601404e-04 7.586601404e-04 7.586601404e-04 4.291629839e-03 7.586601404e-04

6.597463637e-04 1.010676200e-01 1.569150139e-03 8.876453634e-03 6.597463637e-04 6.597463637e-04
0.000000000e+00 0.000000000e+00 0.000000000e+00 0.000000000e+00 6.597463637e-04 6.597463637e-04
0.000000000e+00 0.000000000e+00 0.000000000e+00 0.000000000e+00 6.597463637e-04 6.597463637e-04
0.000000000e+00 0.000000000e+00 0.000000000e+00 0.000000000e+00 0.000000000e+00 6.597463637e-04
8.755182381e-01 0.000000000e+00 0.000000000e+00 0.000000000e+00 0.000000000e+00 3.732089021e-03
6.597463637e-04 6.597463637e-04 6.597463637e-04 6.597463637e-04 6.597463637e-04 6.597463637e-04

6.684033329e-04 0.000000000e+00 0.000000000e+00 1.524586301e-01 6.684033329e-04 6.684033329e-04
0.000000000e+00 0.000000000e+00 0.000000000e+00 0.000000000e+00 6.684033329e-04 6.684033329e-04
0.000000000e+00 0.000000000e+00 0.000000000e+00 0.000000000e+00 6.684033329e-04 6.684033329e-04
0.000000000e+00 0.000000000e+00 0.000000000e+00 0.000000000e+00 0.000000000e+00 6.684033329e-04
8.275779995e-01 0.000000000e+00 0.000000000e+00 0.000000000e+00 0.000000000e+00 6.276646496e-03
6.684033329e-04 6.684033329e-04 6.684033329e-04 6.684033329e-04 4.997480545e-03 6.684033329e-04

1.938659433e-16 0.000000000e+00 0.000000000e+00 1.961785413e-02 1.458105732e-03 1.938659433e-16
0.000000000e+00 0.000000000e+00 0.000000000e+00 0.000000000e+00 0.000000000e+00 6.130579415e-04
0.000000000e+00 0.000000000e+00 0.000000000e+00 0.000000000e+00 1.938659433e-16 9.546744637e-01
0.000000000e+00 0.000000000e+00 0.000000000e+00 0.000000000e+00 0.000000000e+00 1.938659433e-16
1.809737545e-02 0.000000000e+00 0.000000000e+00 0.000000000e+00 0.000000000e+00 3.467979421e-03
1.938659433e-16 1.938659433e-16 0.000000000e+00 6.130579415e-04 1.458105732e-03 1.938659433e-16

6.324392591e-04 0.000000000e+00 0.000000000e+00 9.233523683e-01 5.383985438e-02 6.324392591e-04
0.000000000e+00 0.000000000e+00 0.000000000e+00 0.000000000e+00 0.000000000e+00 1.504202533e-03
0.000000000e+00 0.000000000e+00 0.000000000e+00 0.000000000e+00 0.000000000e+00 0.000000000e+00
0.000000000e+00 0.000000000e+00 0.000000000e+00 0.000000000e+00 0.000000000e+00 6.324392591e-04
1.561162143e-02 0.000000000e+00 0.000000000e+00 0.000000000e+00 0.000000000e+00 6.324392591e-04
6.324392591e-04 6.324392591e-04 0.000000000e+00 6.324392591e-04 6.324392591e-04 6.324392591e-04

