2.737450393e-16 3.417809292e-03 2.058892883e-03 8.656578224e-04 1.164685695e-02 2.737450393e-16
8.656578224e-04 3.873144248e-01 6.472301847e-03 8.128966255e-03 8.656578224e-04 2.737450393e-16
1.933404902e-02 2.737450393e-16 0.000000000e+00 4.896900131e-03 8.656578224e-04 1.933404902e-02
2.058892883e-03 1.037035318e-01 3.873144248e-01 2.136856942e-02 2.737450393e-16 8.656578224e-04
2.737450393e-16 8.656578224e-04 2.058892883e-03 2.737450393e-16 2.737450393e-16 8.656578224e-04
8.656578224e-04 6.472301847e-03 8.656578224e-04 4.896900131e-03 8.656578224e-04 8.656578224e-04

3.233059154e-16 2.431650451e-03 4.036595384e-03 1.818082769e-02 3.529188070e-02 9.600695901e-03
3.233059154e-16 1.923284671e-01 2.768685941e-02 3.529188070e-02 3.233059154e-16 3.233059154e-16
7.644096416e-03 0.000000000e+00 0.000000000e+00 1.462037418e-01 5.783472035e-03 3.233059154e-16
3.233059154e-16 0.000000000e+00 3.233059154e-16 1.636434560e-01 3.233059154e-16 3.233059154e-16
3.233059154e-16 6.880359775e-02 1.601242912e-01 3.233059154e-16 3.233059154e-16 3.233059154e-16
3.233059154e-16 3.233059154e-16 3.018058994e-02 5.783472035e-03 6.880359775e-02 1.818082769e-02

2.569472677e-02 4.542228884e-03 2.045820124e-02 2.969211291e-01 1.150449200e-03 8.077352100e-02
4.542228884e-03 3.115498101e-02 1.547853772e-02 0.000000000e+00 6.754358863e-02 4.563619713e-02
2.045820124e-02 0.000000000e+00 0.000000000e+00 2.304667634e-02 1.547853772e-02 3.396108213e-02
1.309905592e-02 0.000000000e+00 0.000000000e+00 4.563619713e-02 1.150449200e-03 1.309905592e-02
8.601614042e-03 1.547853772e-02 7.742209940e-02 4.563619713e-02 8.601614042e-03 4.542228884e-03
1.080330181e-02 1.150449200e-03 2.839858077e-02 1.080330181e-02 1.793372819e-02 1.080330181e-02

