2.506265664e-13 2.506265664e-13 2.506265664e-13 2.506265664e-13 2.506265664e-13 2.506265664e-13
2.506265664e-13 2.506265664e-13 1.253132832e-01 2.506265664e-13 2.506265664e-13 2.506265664e-13
2.506265664e-13 6.265664160e-02 2.330827068e-01 1.203007519e-01 2.506265664e-13 2.506265664e-13
2.506265664e-13 5.012531329e-03 2.506265664e-13 3.508771930e-01 3.508771930e-02 2.506265664e-13
2.506265664e-13 2.506265664e-03 5.012531329e-03 6.015037594e-02 2.506265664e-13 2.506265664e-13
2.506265664e-13 2.506265664e-13 2.506265664e-13 2.506265664e-13 2.506265664e-13 2.506265664e-13

2.506265664e-13 2.506265664e-13 2.506265664e-13 2.506265664e-13 2.506265664e-13 2.506265664e-13
2.506265664e-13 2.506265664e-13 1.303258145e-01 2.506265664e-13 7.518796993e-03 2.506265664e-13
2.506265664e-13 2.506265664e-13 3.258145363e-02 7.042606516e-01 2.506265664e-13 2.506265664e-13
2.506265664e-13 2.506265664e-13 0.000000000e+00 8.270676692e-02 2.506265664e-13 2.506265664e-13
2.506265664e-13 2.506265664e-13 2.506265664e-13 2.506265664e-13 2.506265664e-13 2.506265664e-13
4.260651629e-02 0.000000000e+00 2.506265664e-13 2.506265664e-13 2.506265664e-13 2.506265664e-13

2.506265664e-13 2.506265664e-13 2.506265664e-13 2.506265664e-13 2.506265664e-13 2.506265664e-13
2.506265664e-13 2.506265664e-13 1.503759399e-02 2.506265664e-13 2.506265664e-13 2.506265664e-13
2.506265664e-13 6.315789474e-01 2.506265664e-13 0.000000000e+00 2.506265664e-13 2.506265664e-13
2.506265664e-13 2.506265664e-13 0.000000000e+00 2.506265664e-13 2.506265664e-13 2.506265664e-13
2.255639098e-02 0.000000000e+00 2.506265664e-01 2.506265664e-13 2.506265664e-13 2.506265664e-13
3.007518797e-02 0.000000000e+00 2.506265664e-13 2.506265664e-13 5.012531328e-02 2.506265664e-13

2.506265664e-13 2.506265664e-13 2.506265664e-13 2.506265664e-13 2.506265664e-13 2.506265664e-13
2.506265664e-13 2.506265664e-13 1.503759399e-02 2.506265664e-13 2.506265664e-13 2.506265664e-13
2.506265664e-13 0.000000000e+00 2.506265664e-13 0.000000000e+00 2.506265664e-13 2.506265664e-13
2.506265664e-13 2.506265664e-13 0.000000000e+00 2.506265664e-13 2.506265664e-13 2.506265664e-13
2.506265664e-13 0.000000000e+00 9.849624060e-01 0.000000000e+00 2.506265664e-13 2.506265664e-13
2.506265664e-13 0.000000000e+00 2.506265664e-13 2.506265664e-13 2.506265664e-13 2.506265664e-13

3.750000000e-02 3.750000000e-02 3.750000000e-02 3.750000000e-02 3.750000000e-02 3.750000000e-02
3.750000000e-02 3.750000000e-02 3.500000000e-02 3.500000000e-02 3.500000000e-02 3.500000000e-02
3.500000000e-02 0.000000000e+00 0.000000000e+00 0.000000000e+00 3.500000000e-02 3.500000000e-02
3.500000000e-02 3.500000000e-02 0.000000000e+00 3.500000000e-02 3.500000000e-02 3.500000000e-02
3.500000000e-02 0.000000000e+00 3.500000000e-02 0.000000000e+00 3.500000000e-02 3.500000000e-02
3.500000000e-02 0.000000000e+00 3.500000000e-02 3.500000000e-02 0.000000000e+00 3.500000000e-02

4.000000000e-02 4.000000000e-02 4.000000000e-02 4.000000000e-02 4.000000000e-02 4.000000000e-02
4.000000000e-02 4.000000000e-02 4.000000000e-02 4.000000000e-02 3.750000000e-02 3.750000000e-02
3.750000000e-02 0.000000000e+00 0.000000000e+00 0.000000000e+00 3.750000000e-02 3.750000000e-02
3.750000000e-02 3.750000000e-02 0.000000000e+00 3.750000000e-02 3.750000000e-02 3.750000000e-02
3.750000000e-02 0.000000000e+00 0.000000000e+00 0.000000000e+00 3.750000000e-02 3.750000000e-02
3.750000000e-02 0.000000000e+00 3.750000000e-02 0.000000000e+00 0.000000000e+00 3.750000000e-02

