9.153541520e-04 9.153541520e-04 9.153541520e-04 9.153541520e-04 9.153541520e-04 9.153541520e-04
9.153541520e-04 3.614021436e-03 4.862428272e-02 1.833707293e-02 9.153541520e-04 9.153541520e-04
9.153541520e-04 3.614021436e-03 1.853368194e-01 2.044399252e-02 2.224310589e-01 9.153541520e-04
9.153541520e-04 6.843868577e-03 3.614021436e-03 0.000000000e+00 3.614021436e-03 2.894603986e-16
9.153541520e-04 9.153541520e-04 3.979479700e-01 3.614021436e-03 2.177091341e-03 5.895717898e-02
9.153541520e-04 9.153541520e-04 9.153541520e-04 2.177091341e-03 2.177091341e-03 9.153541520e-04

2.674434045e-16 8.457303034e-04 8.457303034e-04 2.674434045e-16 8.457303034e-04 8.457303034e-04
2.674434045e-16 8.457303034e-04 8.457303034e-04 1.137874529e-02 6.323308892e-03 2.674434045e-16
2.674434045e-16 2.674434045e-16 2.876498975e-01 8.457303034e-04 0.000000000e+00 3.184961541e-01
8.457303034e-04 8.457303034e-04 8.457303034e-04 0.000000000e+00 8.457303034e-04 0.000000000e+00
8.457303034e-04 2.674434045e-16 1.560894635e-01 8.457303034e-04 8.457303034e-04 2.023458845e-01
8.457303034e-04 8.457303034e-04 2.674434045e-16 3.339131023e-03 8.457303034e-04 2.674434045e-16

1.897992029e-16 1.897992029e-16 1.897992029e-16 1.897992029e-16 1.897992029e-16 6.001977793e-04
1.897992029e-16 6.001977793e-04 1.897992029e-16 1.897992029e-16 6.001977793e-04 0.000000000e+00
1.897992029e-16 1.897992029e-16 6.001977793e-04 1.897992029e-16 0.000000000e+00 9.706828171e-01
1.897992029e-16 6.001977793e-04 1.897992029e-16 0.000000000e+00 1.897992029e-16 0.000000000e+00
6.001977793e-04 1.427518939e-03 0.000000000e+00 1.897992029e-16 6.001977793e-04 2.071836767e-02
6.001977793e-04 1.897992029e-16 1.897992029e-16 2.369714100e-03 1.897992029e-16 1.897992029e-16

9.716826274e-04 9.716826274e-04 9.716826274e-04 9.716826274e-04 9.716826274e-04 9.716826274e-04
9.716826274e-04 9.716826274e-04 5.980384996e-02 1.259706987e-01 3.859232963e-01 0.000000000e+00
5.496666999e-03 3.836418764e-03 5.431871018e-02 9.716826274e-04 0.000000000e+00 0.000000000e+00
9.716826274e-04 1.514703311e-02 9.716826274e-04 0.000000000e+00 1.389534311e-01 0.000000000e+00
9.716826274e-04 1.038929435e-01 0.000000000e+00 3.836418764e-03 1.727923209e-02 7.265022162e-03
7.265022162e-03 0.000000000e+00 2.631385533e-02 3.109384407e-02 9.716826274e-04 9.716826274e-04

6.786593251e-04 6.786593251e-04 6.786593251e-04 1.675255341e-02 6.786593251e-04 6.786593251e-04
6.786593251e-04 6.786593251e-04 9.006167359e-01 6.786593251e-04 0.000000000e+00 0.000000000e+00
6.786593251e-04 6.786593251e-04 2.679497704e-03 0.000000000e+00 0.000000000e+00 0.000000000e+00
6.786593251e-04 6.786593251e-04 6.786593251e-04 0.000000000e+00 6.786593251e-04 0.000000000e+00
6.786593251e-04 6.786593251e-04 0.000000000e+00 6.786593251e-04 7.727239460e-03 3.793820961e-02
6.786593251e-04 0.000000000e+00 2.003391813e-02 6.786593251e-04 6.786593251e-04 6.786593251e-04

6.951977712e-04 6.951977712e-04 6.951977712e-04 3.932632466e-03 6.951977712e-04 6.951977712e-04
6.951977712e-04 6.951977712e-04 0.000000000e+00 1.882644915e-02 0.000000000e+00 0.000000000e+00
6.951977712e-04 3.501613162e-02 1.236255882e-02 0.000000000e+00 0.000000000e+00 0.000000000e+00
6.951977712e-04 7.915546802e-03 8.897339330e-01 0.000000000e+00 0.000000000e+00 0.000000000e+00
6.951977712e-04 6.951977712e-04 0.000000000e+00 6.951977712e-04 2.744795161e-03 1.236255882e-02
2.744795161e-03 0.000000000e+00 6.951977712e-04 3.932632466e-03 6.951977712e-04 6.951977712e-04

7.350924156e-04 7.350924156e-04 7.350924156e-04 4.158310655e-03 7.350924156e-04 7.350924156e-04
7.350924156e-04 7.350924156e-04 0.000000000e+00 1.748354262e-03 0.000000000e+00 0.000000000e+00
3.502436683e-02 4.645457618e-01 7.350924156e-04 0.000000000e+00 0.000000000e+00 0.000000000e+00
7.350924156e-04 4.812915430e-01 0.000000000e+00 0.000000000e+00 0.000000000e+00 0.000000000e+00
7.350924156e-04 0.000000000e+00 0.000000000e+00 7.350924156e-04 7.350924156e-04 7.350924156e-04
7.350924156e-04 0.000000000e+00 7.350924156e-04 7.350924156e-04 7.350924156e-04 7.350924156e-04

7.354772379e-04 7.354772379e-04 7.354772379e-04 6.911409292e-01 7.398509324e-02 7.354772379e-04
7.354772379e-04 7.354772379e-04 0.000000000e+00 2.095578917e-01 0.000000000e+00 0.000000000e+00
7.354772379e-04 0.000000000e+00 0.000000000e+00 0.000000000e+00 0.000000000e+00 0.000000000e+00
7.354772379e-04 7.354772379e-04 0.000000000e+00 0.000000000e+00 0.000000000e+00 0.000000000e+00
7.354772379e-04 0.000000000e+00 0.000000000e+00 7.354772379e-04 1.749269528e-03 7.354772379e-04
4.160487538e-03 0.000000000e+00 7.354772379e-04 8.374170257e-03 7.354772379e-04 7.354772379e-04

6.294955238e-04 1.990639632e-16 1.990639632e-16 6.730607408e-02 6.294955238e-04 1.990639632e-16
1.990639632e-16 1.990639632e-16 0.000000000e+00 1.261053473e-02 0.000000000e+00 0.000000000e+00
6.294955238e-04 0.000000000e+00 0.000000000e+00 0.000000000e+00 0.000000000e+00 0.000000000e+00
1.990639632e-16 0.000000000e+00 0.000000000e+00 0.000000000e+00 0.000000000e+00 0.000000000e+00
9.156769225e-01 0.000000000e+00 0.000000000e+00 0.000000000e+00 6.294955238e-04 1.990639632e-16
6.294955238e-04 0.000000000e+00 1.990639632e-16 6.294955238e-04 6.294955238e-04 1.990639632e-16

1.478631370e-03 1.965949787e-16 1.965949787e-16 0.000000000e+00 6.216879094e-04 1.965949787e-16
0.000000000e+00 1.965949787e-16 0.000000000e+00 1.388509894e-02 0.000000000e+00 0.000000000e+00
9.411470313e-01 0.000000000e+00 0.000000000e+00 0.000000000e+00 0.000000000e+00 0.000000000e+00
1.965949787e-16 0.000000000e+00 0.000000000e+00 0.000000000e+00 0.000000000e+00 0.000000000e+00
3.302451691e-02 0.000000000e+00 0.000000000e+00 0.000000000e+00 8.364402150e-03 1.965949787e-16
1.478631370e-03 0.000000000e+00 1.965949787e-16 1.965949787e-16 1.965949787e-16 1.965949787e-16

0.000000000e+00 0.000000000e+00 0.000000000e+00 0.000000000e+00 0.000000000e+00 0.000000000e+00
0.000000000e+00 0.000000000e+00 0.000000000e+00 0.000000000e+00 0.000000000e+00 0.000000000e+00
0.000000000e+00 0.000000000e+00 0.000000000e+00 0.000000000e+00 0.000000000e+00 0.000000000e+00
0.000000000e+00 0.000000000e+00 0.000000000e+00 0.000000000e+00 0.000000000e+00 0.000000000e+00
0.000000000e+00 0.000000000e+00 0.000000000e+00 0.000000000e+00 0.000000000e+00 0.000000000e+00
0.000000000e+00 0.000000000e+00 0.000000000e+00 0.000000000e+00 0.000000000e+00 0.000000000e+00

0.000000000e+00 0.000000000e+00 0.000000000e+00 0.000000000e+00 0.000000000e+00 0.000000000e+00
0.000000000e+00 0.000000000e+00 0.000000000e+00 0.000000000e+00 0.000000000e+00 0.000000000e+00
0.000000000e+00 0.000000000e+00 0.000000000e+00 0.000000000e+00 0.000000000e+00 0.000000000e+00
0.000000000e+00 0.000000000e+00 0.000000000e+00 0.000000000e+00 0.000000000e+00 0.000000000e+00
0.000000000e+00 0.000000000e+00 0.000000000e+00 0.000000000e+00 0.000000000e+00 0.000000000e+00
0.000000000e+00 0.000000000e+00 0.000000000e+00 0.000000000e+00 0.000000000e+00 0.000000000e+00

0.000000000e+00 0.000000000e+00 0.000000000e+00 0.000000000e+00 0.000000000e+00 0.000000000e+00
0.000000000e+00 0.000000000e+00 0.000000000e+00 0.000000000e+00 0.000000000e+00 0.000000000e+00
0.000000000e+00 0.000000000e+00 0.000000000e+00 0.000000000e+00 0.000000000e+00 0.000000000e+00
0.000000000e+00 0.000000000e+00 0.000000000e+00 0.000000000e+00 0.000000000e+00 0.000000000e+00
0.000000000e+00 0.000000000e+00 0.000000000e+00 0.000000000e+00 0.000000000e+00 0.000000000e+00
0.000000000e+00 0.000000000e+00 0.000000000e+00 0.000000000e+00 0.000000000e+00 0.000000000e+00

0.000000000e+00 0.000000000e+00 0.000000000e+00 0.000000000e+00 0.000000000e+00 0.000000000e+00
0.000000000e+00 0.000000000e+00 0.000000000e+00 0.000000000e+00 0.000000000e+00 0.000000000e+00
0.000000000e+00 0.000000000e+00 0.000000000e+00 0.000000000e+00 0.000000000e+00 0.000000000e+00
0.000000000e+00 0.000000000e+00 0.000000000e+00 0.000000000e+00 0.000000000e+00 0.000000000e+00
0.000000000e+00 0.000000000e+00 0.000000000e+00 0.000000000e+00 0.000000000e+00 0.000000000e+00
0.000000000e+00 0.000000000e+00 0.000000000e+00 0.000000000e+00 0.000000000e+00 0.000000000e+00

0.000000000e+00 0.000000000e+00 0.000000000e+00 0.000000000e+00 0.000000000e+00 0.000000000e+00
0.000000000e+00 0.000000000e+00 0.000000000e+00 0.000000000e+00 0.000000000e+00 0.000000000e+00
0.000000000e+00 0.000000000e+00 0.000000000e+00 0.000000000e+00 0.000000000e+00 0.000000000e+00
0.000000000e+00 0.000000000e+00 0.000000000e+00 0.000000000e+00 0.000000000e+00 0.000000000e+00
0.000000000e+00 0.000000000e+00 0.000000000e+00 0.000000000e+00 0.000000000e+00 0.000000000e+00
0.000000000e+00 0.000000000e+00 0.000000000e+00 0.000000000e+00 0.000000000e+00 0.000000000e+00

