7.943555016e-04 7.943555016e-04 7.943555016e-04 7.943555016e-04 7.943555016e-04 7.943555016e-04
7.943555016e-04 2.511972657e-16 2.511972657e-16 1.889306429e-03 2.511972657e-16 7.943555016e-04
7.943555016e-04 2.511972657e-16 7.943555016e-04 2.344925134e-02 7.459401279e-03 7.943555016e-04
7.943555016e-04 7.943555016e-04 5.273672137e-01 2.511972657e-16 3.353343858e-01 1.591313562e-02
7.943555016e-04 2.511972657e-16 7.943555016e-04 6.762386098e-02 7.943555016e-04 7.943555016e-04
2.511972657e-16 2.511972657e-16 2.511972657e-16 7.459401279e-03 2.511972657e-16 2.511972657e-16

2.217981140e-16 2.217981140e-16 2.217981140e-16 2.217981140e-16 1.668189347e-03 2.217981140e-16
2.217981140e-16 0.000000000e+00 2.217981140e-16 6.586381946e-03 1.668189347e-03 2.769232484e-03
2.217981140e-16 2.217981140e-16 1.093354472e-02 3.049263722e-01 2.217981140e-16 7.013872211e-04
2.217981140e-16 2.217981140e-16 2.217981140e-16 0.000000000e+00 6.660075496e-01 7.013872211e-04
2.217981140e-16 2.217981140e-16 2.217981140e-16 1.668189347e-03 7.013872211e-04 2.217981140e-16
2.217981140e-16 2.217981140e-16 2.217981140e-16 1.668189347e-03 2.217981140e-16 2.217981140e-16

2.702302227e-16 1.332100698e-02 3.373925492e-03 6.389199141e-03 3.373925492e-03 2.702302227e-16
2.702302227e-16 0.000000000e+00 2.702302227e-16 0.000000000e+00 1.149731428e-02 1.332100698e-02
2.109420244e-02 2.032457223e-03 1.164653240e-01 9.409563743e-02 0.000000000e+00 3.373925492e-03
2.702302227e-16 2.702302227e-16 4.834025181e-03 0.000000000e+00 5.361564662e-01 1.638051013e-01
2.702302227e-16 2.702302227e-16 2.702302227e-16 2.702302227e-16 2.032457223e-03 2.702302227e-16
2.702302227e-16 2.702302227e-16 2.702302227e-16 4.834025181e-03 2.702302227e-16 2.702302227e-16

2.057592826e-16 2.057592826e-16 2.057592826e-16 6.110102561e-03 2.057592826e-16 2.057592826e-16
2.057592826e-16 0.000000000e+00 0.000000000e+00 0.000000000e+00 5.539167430e-02 2.057592826e-16
2.057592826e-16 2.057592826e-16 8.978703667e-01 2.057592826e-16 0.000000000e+00 7.408529033e-03
2.057592826e-16 2.057592826e-16 0.000000000e+00 0.000000000e+00 2.581079838e-02 2.057592826e-16
2.057592826e-16 2.057592826e-16 2.057592826e-16 7.408529033e-03 2.057592826e-16 2.057592826e-16
2.057592826e-16 2.057592826e-16 2.057592826e-16 2.057592826e-16 2.057592826e-16 2.057592826e-16

2.364472000e-16 2.364472000e-16 1.005996939e-02 2.364472000e-16 2.364472000e-16 2.364472000e-16
2.364472000e-16 0.000000000e+00 0.000000000e+00 0.000000000e+00 5.977344598e-01 2.364472000e-16
2.364472000e-16 2.364472000e-16 0.000000000e+00 0.000000000e+00 0.000000000e+00 2.207233349e-02
2.364472000e-16 2.364472000e-16 0.000000000e+00 0.000000000e+00 2.364472000e-16 2.877176489e-01
2.364472000e-16 2.364472000e-16 2.364472000e-16 2.772201581e-02 5.469357263e-02 2.364472000e-16
2.364472000e-16 2.364472000e-16 2.364472000e-16 2.364472000e-16 2.364472000e-16 2.364472000e-16

2.614633851e-16 2.614633851e-16 7.800822128e-02 1.966520030e-03 2.614633851e-16 2.614633851e-16
2.614633851e-16 0.000000000e+00 0.000000000e+00 0.000000000e+00 4.340352014e-01 2.614633851e-16
2.614633851e-16 2.614633851e-16 0.000000000e+00 0.000000000e+00 0.000000000e+00 5.325475840e-02
2.614633851e-16 2.614633851e-16 0.000000000e+00 0.000000000e+00 0.000000000e+00 2.713047581e-01
2.614633851e-16 2.614633851e-16 0.000000000e+00 9.104297676e-02 7.038756397e-02 2.614633851e-16
2.614633851e-16 2.614633851e-16 2.614633851e-16 2.614633851e-16 2.614633851e-16 2.614633851e-16

