2.433033205e-16 7.693926550e-04 7.693926550e-04 7.693926550e-04 7.693926550e-04 7.693926550e-04
7.693926550e-04 2.433033205e-16 1.829934439e-03 7.693926550e-04 2.433033205e-16 7.693926550e-04
2.433033205e-16 3.037733037e-03 2.655884520e-02 1.199364452e-02 2.433033205e-16 7.693926550e-04
5.752551844e-03 5.401938113e-02 2.433033205e-16 7.457712576e-01 7.693926550e-04 7.693926550e-04
7.693926550e-04 7.693926550e-04 1.074365900e-01 7.693926550e-04 2.433033205e-16 2.433033205e-16
2.433033205e-16 7.693926550e-04 3.052038707e-02 2.433033205e-16 7.693926550e-04 7.693926550e-04

2.037324080e-16 2.037324080e-16 2.037324080e-16 2.037324080e-16 2.037324080e-16 2.037324080e-16
2.037324080e-16 2.037324080e-16 2.037324080e-16 2.037324080e-16 2.037324080e-16 2.037324080e-16
2.037324080e-16 2.037324080e-16 2.037324080e-16 2.037324080e-16 2.037324080e-16 2.037324080e-16
6.442584425e-04 9.649692632e-02 0.000000000e+00 2.037324080e-16 2.037324080e-16 2.037324080e-16
6.442584425e-04 2.037324080e-16 8.753694962e-01 6.442584425e-04 2.037324080e-16 2.037324080e-16
2.037324080e-16 0.000000000e+00 2.555654373e-02 2.037324080e-16 6.442584425e-04 2.037324080e-16

1.782469044e-16 1.782469044e-16 1.782469044e-16 1.782469044e-16 1.782469044e-16 1.782469044e-16
1.782469044e-16 1.782469044e-16 1.782469044e-16 1.782469044e-16 1.782469044e-16 1.782469044e-16
1.782469044e-16 1.782469044e-16 1.782469044e-16 0.000000000e+00 1.782469044e-16 1.782469044e-16
1.782469044e-16 1.782469044e-16 0.000000000e+00 5.636662037e-04 1.782469044e-16 1.782469044e-16
1.782469044e-16 0.000000000e+00 9.988726676e-01 1.782469044e-16 1.782469044e-16 1.782469044e-16
1.782469044e-16 0.000000000e+00 5.636662037e-04 1.782469044e-16 1.782469044e-16 1.782469044e-16

2.033175455e-16 2.033175455e-16 2.033175455e-16 2.033175455e-16 2.033175455e-16 2.033175455e-16
2.033175455e-16 2.033175455e-16 1.002254454e-02 2.033175455e-16 2.033175455e-16 2.033175455e-16
2.033175455e-16 0.000000000e+00 2.033175455e-16 0.000000000e+00 2.033175455e-16 2.033175455e-16
2.033175455e-16 2.538495667e-03 0.000000000e+00 4.141163688e-02 2.033175455e-16 2.033175455e-16
2.033175455e-16 0.000000000e+00 9.008857771e-01 0.000000000e+00 2.033175455e-16 2.033175455e-16
2.033175455e-16 0.000000000e+00 4.514154577e-02 2.033175455e-16 2.033175455e-16 2.033175455e-16

0.000000000e+00 0.000000000e+00 0.000000000e+00 0.000000000e+00 0.000000000e+00 0.000000000e+00
0.000000000e+00 0.000000000e+00 0.000000000e+00 0.000000000e+00 0.000000000e+00 0.000000000e+00
0.000000000e+00 0.000000000e+00 0.000000000e+00 0.000000000e+00 0.000000000e+00 0.000000000e+00
0.000000000e+00 0.000000000e+00 0.000000000e+00 0.000000000e+00 0.000000000e+00 0.000000000e+00
0.000000000e+00 0.000000000e+00 0.000000000e+00 0.000000000e+00 0.000000000e+00 0.000000000e+00
0.000000000e+00 0.000000000e+00 0.000000000e+00 0.000000000e+00 0.000000000e+00 0.000000000e+00

0.000000000e+00 0.000000000e+00 0.000000000e+00 0.000000000e+00 0.000000000e+00 0.000000000e+00
0.000000000e+00 0.000000000e+00 0.000000000e+00 0.000000000e+00 0.000000000e+00 0.000000000e+00
0.000000000e+00 0.000000000e+00 0.000000000e+00 0.000000000e+00 0.000000000e+00 0.000000000e+00
0.000000000e+00 0.000000000e+00 0.000000000e+00 0.000000000e+00 0.000000000e+00 0.000000000e+00
0.000000000e+00 0.000000000e+00 0.000000000e+00 0.000000000e+00 0.000000000e+00 0.000000000e+00
0.000000000e+00 0.000000000e+00 0.000000000e+00 0.000000000e+00 0.000000000e+00 0.000000000e+00

