2.506265664e-13 2.506265664e-13 2.506265664e-13 2.506265664e-13 2.506265664e-13 2.506265664e-13
2.506265664e-13 2.506265664e-13 4.511278195e-02 2.506265664e-03 2.506265664e-13 2.506265664e-13
2.506265664e-13 3.007518797e-02 1.203007519e-01 2.506265664e-13 5.012531329e-03 2.506265664e-13
2.506265664e-13 2.506265664e-13 1.203007519e-01 5.664160401e-01 7.017543860e-02 2.506265664e-13
2.506265664e-13 2.506265664e-13 2.506265664e-13 4.010025063e-02 2.506265664e-13 2.506265664e-13
2.506265664e-13 2.506265664e-13 2.506265664e-13 2.506265664e-13 2.506265664e-13 2.506265664e-13

2.506265664e-13 2.506265664e-13 2.506265664e-13 2.506265664e-13 2.506265664e-13 2.506265664e-13
2.506265664e-13 2.506265664e-13 2.506265664e-13 2.506265664e-13 2.506265664e-13 2.506265664e-13
2.506265664e-13 7.518796993e-03 3.258145363e-01 0.000000000e+00 2.506265664e-13 3.007518797e-02
2.506265664e-13 2.506265664e-13 0.000000000e+00 4.711779449e-01 1.553884712e-01 2.506265664e-13
2.506265664e-13 2.506265664e-13 2.506265664e-13 1.002506266e-02 2.506265664e-13 2.506265664e-13
2.506265664e-13 2.506265664e-13 2.506265664e-13 2.506265664e-13 2.506265664e-13 2.506265664e-13

2.506265664e-13 2.506265664e-13 2.506265664e-13 2.506265664e-13 2.506265664e-13 2.506265664e-13
2.506265664e-13 2.506265664e-13 2.506265664e-13 2.506265664e-13 2.506265664e-13 2.506265664e-13
2.506265664e-13 2.506265664e-13 9.899749373e-01 0.000000000e+00 0.000000000e+00 2.506265664e-13
2.506265664e-13 0.000000000e+00 0.000000000e+00 7.518796993e-03 2.506265664e-13 2.506265664e-13
2.506265664e-13 2.506265664e-13 2.506265664e-13 2.506265664e-03 2.506265664e-13 2.506265664e-13
2.506265664e-13 2.506265664e-13 2.506265664e-13 2.506265664e-13 2.506265664e-13 2.506265664e-13

2.506265664e-13 2.506265664e-13 2.506265664e-13 2.506265664e-13 1.253132832e-02 2.506265664e-13
2.506265664e-13 2.506265664e-13 2.506265664e-13 2.506265664e-13 2.506265664e-13 2.506265664e-13
2.506265664e-13 2.506265664e-13 1.929824561e-01 0.000000000e+00 0.000000000e+00 0.000000000e+00
1.453634085e-01 0.000000000e+00 0.000000000e+00 0.000000000e+00 6.491228070e-01 2.506265664e-13
2.506265664e-13 2.506265664e-13 2.506265664e-13 2.506265664e-13 2.506265664e-13 2.506265664e-13
2.506265664e-13 2.506265664e-13 2.506265664e-13 2.506265664e-13 2.506265664e-13 2.506265664e-13

