2.139758137e-16 2.139758137e-16 2.139758137e-16 2.139758137e-16 2.139758137e-16 2.139758137e-16
2.139758137e-16 2.139758137e-16 1.609356214e-03 1.609356214e-03 5.059145759e-03 2.139758137e-16
2.139758137e-16 6.766509357e-04 2.671568137e-03 2.139758137e-16 0.000000000e+00 2.139758137e-16
2.139758137e-16 2.139758137e-16 2.139758137e-16 3.056182171e-01 6.827557056e-01 2.139758137e-16
2.139758137e-16 2.139758137e-16 2.139758137e-16 2.139758137e-16 2.139758137e-16 2.139758137e-16
2.139758137e-16 2.139758137e-16 2.139758137e-16 2.139758137e-16 2.139758137e-16 2.139758137e-16

2.103615311e-16 2.103615311e-16 2.103615311e-16 1.582172449e-03 2.103615311e-16 2.103615311e-16
2.103615311e-16 2.103615311e-16 2.103615311e-16 2.103615311e-16 0.000000000e+00 2.103615311e-16
2.103615311e-16 2.103615311e-16 2.103615311e-16 0.000000000e+00 0.000000000e+00 2.103615311e-16
2.103615311e-16 2.103615311e-16 2.103615311e-16 3.667516455e-01 6.316661820e-01 2.103615311e-16
2.103615311e-16 2.103615311e-16 2.103615311e-16 2.103615311e-16 2.103615311e-16 2.103615311e-16
2.103615311e-16 2.103615311e-16 2.103615311e-16 2.103615311e-16 2.103615311e-16 2.103615311e-16

1.795592434e-16 1.795592434e-16 1.795592434e-16 1.350502092e-03 1.795592434e-16 1.795592434e-16
1.795592434e-16 1.795592434e-16 9.967311796e-01 0.000000000e+00 0.000000000e+00 1.795592434e-16
1.795592434e-16 1.795592434e-16 1.350502092e-03 0.000000000e+00 0.000000000e+00 1.795592434e-16
1.795592434e-16 1.795592434e-16 1.795592434e-16 0.000000000e+00 1.795592434e-16 1.795592434e-16
1.795592434e-16 1.795592434e-16 1.795592434e-16 1.795592434e-16 1.795592434e-16 5.678161841e-04
1.795592434e-16 1.795592434e-16 1.795592434e-16 1.795592434e-16 1.795592434e-16 1.795592434e-16

2.172876946e-16 2.172876946e-16 2.172876946e-16 6.524638214e-01 2.172876946e-16 2.172876946e-16
2.172876946e-16 2.172876946e-16 3.103485234e-01 0.000000000e+00 0.000000000e+00 2.172876946e-16
2.172876946e-16 2.172876946e-16 3.650053115e-02 0.000000000e+00 0.000000000e+00 2.172876946e-16
2.172876946e-16 2.172876946e-16 2.172876946e-16 0.000000000e+00 0.000000000e+00 2.172876946e-16
2.172876946e-16 2.172876946e-16 2.172876946e-16 0.000000000e+00 2.172876946e-16 6.871240227e-04
2.172876946e-16 2.172876946e-16 2.172876946e-16 2.172876946e-16 2.172876946e-16 2.172876946e-16

2.407673186e-16 2.407673186e-16 2.407673186e-16 1.965039086e-01 2.407673186e-16 2.407673186e-16
2.407673186e-16 2.407673186e-16 4.030126890e-01 0.000000000e+00 0.000000000e+00 2.407673186e-16
7.613731131e-04 2.407673186e-16 3.765022561e-01 0.000000000e+00 0.000000000e+00 2.407673186e-16
2.407673186e-16 1.024377474e-02 2.407673186e-16 0.000000000e+00 0.000000000e+00 2.407673186e-16
2.407673186e-16 2.407673186e-16 0.000000000e+00 0.000000000e+00 0.000000000e+00 4.306976730e-03
2.407673186e-16 2.407673186e-16 8.669021623e-03 2.407673186e-16 2.407673186e-16 2.407673186e-16

6.995125072e-04 6.995125072e-04 6.995125072e-04 6.995125072e-04 6.995125072e-04 6.995125072e-04
6.995125072e-04 6.995125072e-04 6.470464930e-01 0.000000000e+00 0.000000000e+00 6.995125072e-04
6.995125072e-04 6.995125072e-04 3.368647193e-01 0.000000000e+00 0.000000000e+00 6.995125072e-04
6.995125072e-04 6.995125072e-04 6.995125072e-04 0.000000000e+00 0.000000000e+00 6.995125072e-04
6.995125072e-04 6.995125072e-04 0.000000000e+00 0.000000000e+00 0.000000000e+00 6.995125072e-04
6.995125072e-04 6.995125072e-04 6.995125072e-04 0.000000000e+00 0.000000000e+00 6.995125072e-04

6.999006537e-04 6.999006537e-04 6.999006537e-04 6.999006537e-04 0.000000000e+00 6.999006537e-04
6.999006537e-04 6.999006537e-04 6.371347613e-01 0.000000000e+00 0.000000000e+00 6.999006537e-04
6.999006537e-04 6.999006537e-04 3.461038624e-01 0.000000000e+00 0.000000000e+00 6.999006537e-04
6.999006537e-04 2.763363186e-03 6.999006537e-04 0.000000000e+00 0.000000000e+00 6.999006537e-04
6.999006537e-04 6.999006537e-04 0.000000000e+00 0.000000000e+00 0.000000000e+00 0.000000000e+00
6.999006537e-04 6.999006537e-04 6.999006537e-04 0.000000000e+00 0.000000000e+00 6.999006537e-04

1.987971305e-16 1.987971305e-16 1.987971305e-16 1.987971305e-16 0.000000000e+00 1.987971305e-16
1.987971305e-16 1.987971305e-16 0.000000000e+00 0.000000000e+00 0.000000000e+00 0.000000000e+00
6.286517246e-04 1.987971305e-16 8.708274521e-01 0.000000000e+00 0.000000000e+00 1.987971305e-16
1.987971305e-16 1.987971305e-16 1.987971305e-16 0.000000000e+00 0.000000000e+00 6.286517246e-04
1.987971305e-16 6.286517246e-04 0.000000000e+00 0.000000000e+00 0.000000000e+00 0.000000000e+00
1.987971305e-16 1.987971305e-16 1.272865927e-01 0.000000000e+00 0.000000000e+00 1.987971305e-16

2.432273085e-16 2.432273085e-16 2.432273085e-16 7.691522842e-04 0.000000000e+00 2.432273085e-16
2.432273085e-16 7.691522842e-04 0.000000000e+00 0.000000000e+00 0.000000000e+00 0.000000000e+00
7.691522842e-04 2.432273085e-16 0.000000000e+00 0.000000000e+00 0.000000000e+00 2.401907771e-01
7.691522842e-04 2.432273085e-16 0.000000000e+00 0.000000000e+00 0.000000000e+00 4.548490210e-01
2.432273085e-16 2.616041719e-01 0.000000000e+00 0.000000000e+00 0.000000000e+00 0.000000000e+00
7.691522842e-04 2.432273085e-16 7.691522842e-04 0.000000000e+00 0.000000000e+00 3.874111618e-02

0.000000000e+00 0.000000000e+00 0.000000000e+00 0.000000000e+00 0.000000000e+00 0.000000000e+00
0.000000000e+00 0.000000000e+00 0.000000000e+00 0.000000000e+00 0.000000000e+00 0.000000000e+00
0.000000000e+00 0.000000000e+00 0.000000000e+00 0.000000000e+00 0.000000000e+00 0.000000000e+00
0.000000000e+00 0.000000000e+00 0.000000000e+00 0.000000000e+00 0.000000000e+00 0.000000000e+00
0.000000000e+00 0.000000000e+00 0.000000000e+00 0.000000000e+00 0.000000000e+00 0.000000000e+00
0.000000000e+00 0.000000000e+00 0.000000000e+00 0.000000000e+00 0.000000000e+00 0.000000000e+00

