2.418207324e-16 2.418207324e-16 3.643526086e-02 7.647042999e-04 7.647042999e-04 2.418207324e-16
7.647042999e-04 7.647042999e-04 1.119401107e-01 7.647042999e-04 2.418207324e-16 7.647042999e-04
1.028859367e-02 7.214778924e-02 2.418207324e-16 7.298989513e-01 7.647042999e-04 7.647042999e-04
7.647042999e-04 1.818783589e-03 2.447053759e-02 7.647042999e-04 2.418207324e-16 7.647042999e-04
7.647042999e-04 2.418207324e-16 2.418207324e-16 2.418207324e-16 2.418207324e-16 7.647042999e-04
2.418207324e-16 7.647042999e-04 7.647042999e-04 7.647042999e-04 7.647042999e-04 2.418207324e-16

2.246816702e-16 2.246816702e-16 7.105058263e-04 1.689877168e-03 7.105058263e-04 2.246816702e-16
2.246816702e-16 7.105058263e-04 7.105058263e-04 2.246816702e-16 2.246816702e-16 2.246816702e-16
2.805234762e-03 5.377280794e-01 0.000000000e+00 7.105058263e-04 2.246816702e-16 7.105058263e-04
2.246816702e-16 2.246816702e-16 4.393521758e-01 4.019227902e-03 7.105058263e-04 0.000000000e+00
2.246816702e-16 2.805234762e-03 7.105058263e-04 2.246816702e-16 2.246816702e-16 7.105058263e-04
2.246816702e-16 2.805234762e-03 2.246816702e-16 7.105058263e-04 1.689877168e-03 2.246816702e-16

2.590397246e-16 2.590397246e-16 4.734347566e-01 2.590397246e-16 2.590397246e-16 2.590397246e-16
2.590397246e-16 1.367903412e-01 2.590397246e-16 0.000000000e+00 2.590397246e-16 2.590397246e-16
1.102119924e-02 7.692286172e-03 0.000000000e+00 6.973509954e-02 8.191555344e-04 2.590397246e-16
2.590397246e-16 0.000000000e+00 2.397597001e-01 5.751325376e-02 2.590397246e-16 0.000000000e+00
2.590397246e-16 2.590397246e-16 2.590397246e-16 2.590397246e-16 2.590397246e-16 3.234207934e-03
2.590397246e-16 2.590397246e-16 2.590397246e-16 2.590397246e-16 2.590397246e-16 2.590397246e-16

2.502512385e-16 2.502512385e-16 0.000000000e+00 2.502512385e-16 1.064728108e-02 2.502512385e-16
2.502512385e-16 3.139194586e-02 0.000000000e+00 0.000000000e+00 3.124480395e-03 1.882191163e-03
7.431308632e-03 1.767473020e-02 0.000000000e+00 6.251084998e-01 2.502512385e-16 1.064728108e-02
1.882191163e-03 0.000000000e+00 7.960699393e-02 2.042442753e-01 4.476630246e-03 0.000000000e+00
2.502512385e-16 2.502512385e-16 2.502512385e-16 2.502512385e-16 2.502512385e-16 1.882191163e-03
2.502512385e-16 2.502512385e-16 2.502512385e-16 2.502512385e-16 2.502512385e-16 2.502512385e-16

2.311128212e-16 2.311128212e-16 0.000000000e+00 2.311128212e-16 2.311128212e-16 2.311128212e-16
2.311128212e-16 4.852016372e-01 0.000000000e+00 0.000000000e+00 2.311128212e-16 2.311128212e-16
2.573991814e-01 2.311128212e-16 0.000000000e+00 0.000000000e+00 0.000000000e+00 2.311128212e-16
2.311128212e-16 0.000000000e+00 2.573991814e-01 2.311128212e-16 2.311128212e-16 0.000000000e+00
2.311128212e-16 2.311128212e-16 2.311128212e-16 2.311128212e-16 2.311128212e-16 2.311128212e-16
2.311128212e-16 2.311128212e-16 2.311128212e-16 2.311128212e-16 2.311128212e-16 2.311128212e-16

2.176140664e-16 2.176140664e-16 0.000000000e+00 2.176140664e-16 1.223733825e-02 2.176140664e-16
2.176140664e-16 5.930182285e-01 0.000000000e+00 0.000000000e+00 2.176140664e-16 2.176140664e-16
3.854857452e-01 0.000000000e+00 0.000000000e+00 0.000000000e+00 0.000000000e+00 2.176140664e-16
2.176140664e-16 0.000000000e+00 9.258687971e-03 0.000000000e+00 2.176140664e-16 0.000000000e+00
2.176140664e-16 2.176140664e-16 2.176140664e-16 2.176140664e-16 2.176140664e-16 2.176140664e-16
2.176140664e-16 2.176140664e-16 2.176140664e-16 2.176140664e-16 2.176140664e-16 2.176140664e-16

