3.061815931e-16 3.061815931e-16 9.682312118e-04 9.682312118e-04 3.061815931e-16 3.061815931e-16
3.061815931e-16 3.061815931e-16 3.061815931e-16 9.092182437e-03 3.061815931e-16 3.061815931e-16
9.682312118e-04 3.061815931e-16 0.000000000e+00 1.319598455e-01 1.097223054e-01 3.061815931e-16
3.061815931e-16 3.061815931e-16 1.684490982e-01 3.061815931e-16 2.030694997e-01 9.682312118e-04
1.509323087e-02 3.061815931e-16 9.682312118e-04 1.128482219e-01 1.066141007e-01 8.835502080e-02
3.061815931e-16 3.061815931e-16 3.061815931e-16 4.613254663e-02 3.822791809e-03 3.061815931e-16

8.145074509e-04 8.145074509e-04 3.215856268e-03 8.145074509e-04 6.089863620e-03 2.575698716e-16
2.575698716e-16 1.937236112e-03 6.472587334e-01 0.000000000e+00 1.095866233e-02 6.089863620e-03
8.145074509e-04 2.575698716e-16 0.000000000e+00 4.553235071e-02 2.575698716e-16 3.231000778e-02
1.937236112e-03 2.575698716e-16 7.648638310e-03 0.000000000e+00 1.979253105e-01 6.089863620e-03
1.937236112e-03 2.575698716e-16 8.145074509e-04 4.607549935e-03 1.937236112e-03 2.575698716e-16
2.575698716e-16 8.145074509e-04 3.215856268e-03 1.448421829e-02 2.575698716e-16 1.937236112e-03

2.085183638e-16 2.085183638e-16 1.568309608e-03 1.472722310e-02 2.085183638e-16 1.172584930e-02
2.085183638e-16 2.085183638e-16 6.593929636e-04 0.000000000e+00 1.627696759e-02 8.871698869e-03
2.085183638e-16 2.085183638e-16 0.000000000e+00 2.603429831e-03 0.000000000e+00 2.085183638e-16
2.085183638e-16 0.000000000e+00 2.603429831e-03 0.000000000e+00 9.169148348e-01 2.085183638e-16
2.085183638e-16 2.085183638e-16 2.085183638e-16 2.085183638e-16 1.785682955e-02 2.085183638e-16
2.085183638e-16 2.085183638e-16 2.085183638e-16 6.192034557e-03 2.085183638e-16 2.085183638e-16

