2.464722198e-16 2.464722198e-16 2.464722198e-16 2.464722198e-16 2.464722198e-16 2.464722198e-16
2.464722198e-16 2.464722198e-16 7.794135947e-04 8.874431194e-03 2.464722198e-16 2.464722198e-16
2.464722198e-16 2.464722198e-16 2.464722198e-16 2.281275800e-01 1.923964998e-02 2.464722198e-16
2.464722198e-16 3.713610299e-02 5.752422274e-01 1.167404434e-01 2.464722198e-16 2.464722198e-16
2.464722198e-16 2.464722198e-16 1.386015147e-02 2.464722198e-16 2.464722198e-16 2.464722198e-16
2.464722198e-16 2.464722198e-16 2.464722198e-16 2.464722198e-16 2.464722198e-16 2.464722198e-16

2.604475976e-16 2.604475976e-16 2.604475976e-16 2.604475976e-16 3.251785755e-03 2.604475976e-16
2.604475976e-16 2.604475976e-16 2.604475976e-16 1.637878640e-01 2.604475976e-16 2.604475976e-16
2.604475976e-16 1.958880082e-03 0.000000000e+00 2.571960823e-01 3.101649051e-01 2.604475976e-16
2.604475976e-16 2.604475976e-16 4.659028262e-03 2.346686851e-01 2.604475976e-16 2.604475976e-16
2.431276933e-02 2.604475976e-16 0.000000000e+00 2.604475976e-16 2.604475976e-16 2.604475976e-16
2.604475976e-16 2.604475976e-16 2.604475976e-16 2.604475976e-16 2.604475976e-16 2.604475976e-16

2.456210903e-16 2.456210903e-16 2.456210903e-16 2.456210903e-16 2.456210903e-16 2.456210903e-16
2.456210903e-16 2.456210903e-16 2.456210903e-16 7.813410540e-02 2.456210903e-16 2.456210903e-16
2.456210903e-16 2.456210903e-16 0.000000000e+00 5.805398019e-01 2.456210903e-16 2.456210903e-16
2.456210903e-16 0.000000000e+00 1.714321351e-01 1.084600585e-01 2.456210903e-16 2.456210903e-16
6.143389905e-02 0.000000000e+00 0.000000000e+00 2.456210903e-16 2.456210903e-16 2.456210903e-16
2.456210903e-16 2.456210903e-16 2.456210903e-16 2.456210903e-16 2.456210903e-16 2.456210903e-16

2.546502980e-16 2.546502980e-16 2.546502980e-16 2.546502980e-16 2.546502980e-16 2.546502980e-16
2.546502980e-16 2.546502980e-16 2.546502980e-16 2.139652544e-01 2.546502980e-16 2.546502980e-16
2.546502980e-16 8.052749486e-04 0.000000000e+00 1.344724296e-01 2.546502980e-16 1.432003860e-02
2.546502980e-16 0.000000000e+00 2.966827139e-01 0.000000000e+00 3.179404299e-03 2.546502980e-16
3.365748842e-01 0.000000000e+00 0.000000000e+00 0.000000000e+00 2.546502980e-16 2.546502980e-16
2.546502980e-16 2.546502980e-16 2.546502980e-16 2.546502980e-16 2.546502980e-16 2.546502980e-16

2.221282917e-16 2.221282917e-16 1.094982084e-02 7.024313347e-04 7.024313347e-04 2.221282917e-16
2.221282917e-16 2.221282917e-16 6.627250285e-02 8.189394675e-01 2.221282917e-16 2.221282917e-16
2.221282917e-16 3.731366678e-02 0.000000000e+00 0.000000000e+00 0.000000000e+00 2.221282917e-16
2.221282917e-16 0.000000000e+00 2.221282917e-16 0.000000000e+00 5.767034148e-02 2.221282917e-16
2.773354876e-03 0.000000000e+00 0.000000000e+00 0.000000000e+00 2.221282917e-16 2.221282917e-16
2.221282917e-16 2.221282917e-16 2.221282917e-16 3.973551680e-03 7.024313347e-04 2.221282917e-16

2.412211872e-16 2.412211872e-16 1.703695625e-02 2.412211872e-16 2.412211872e-16 2.412211872e-16
7.628083714e-04 2.412211872e-16 2.352058099e-01 0.000000000e+00 4.264228430e-02 2.412211872e-16
2.412211872e-16 6.316589287e-01 0.000000000e+00 0.000000000e+00 0.000000000e+00 2.412211872e-16
2.633156078e-02 0.000000000e+00 0.000000000e+00 0.000000000e+00 4.052093917e-02 2.412211872e-16
4.315095777e-03 0.000000000e+00 0.000000000e+00 0.000000000e+00 2.412211872e-16 2.412211872e-16
2.412211872e-16 2.412211872e-16 2.412211872e-16 7.628083714e-04 7.628083714e-04 2.412211872e-16

2.963851774e-16 2.963851774e-16 0.000000000e+00 0.000000000e+00 2.963851774e-16 2.963851774e-16
1.215070789e-01 2.963851774e-16 1.062116916e-01 0.000000000e+00 9.134551718e-02 2.963851774e-16
2.963851774e-16 2.963851774e-16 0.000000000e+00 0.000000000e+00 0.000000000e+00 5.239399219e-02
2.670491896e-01 0.000000000e+00 0.000000000e+00 0.000000000e+00 4.720807322e-02 2.963851774e-16
3.474938411e-02 0.000000000e+00 0.000000000e+00 0.000000000e+00 8.801274033e-03 2.963851774e-16
7.007594864e-03 2.538145560e-02 2.963851774e-16 2.963851774e-16 2.383447487e-01 2.963851774e-16

2.113876171e-16 2.113876171e-16 0.000000000e+00 0.000000000e+00 2.113876171e-16 2.113876171e-16
2.113876171e-16 2.113876171e-16 2.113876171e-16 0.000000000e+00 2.113876171e-16 2.113876171e-16
9.559262335e-02 0.000000000e+00 0.000000000e+00 0.000000000e+00 0.000000000e+00 2.639253533e-03
8.276560104e-01 0.000000000e+00 0.000000000e+00 0.000000000e+00 2.639253533e-03 2.113876171e-16
0.000000000e+00 0.000000000e+00 0.000000000e+00 0.000000000e+00 2.113876171e-16 2.113876171e-16
2.113876171e-16 2.113876171e-16 2.113876171e-16 2.113876171e-16 7.147285922e-02 2.113876171e-16

