2.495939440e-16 2.495939440e-16 2.495939440e-16 2.495939440e-16 2.495939440e-16 2.495939440e-16
2.495939440e-16 0.000000000e+00 3.398180988e-01 7.892853534e-04 2.495939440e-16 2.495939440e-16
2.495939440e-16 2.495939440e-16 4.177872940e-01 1.023243852e-01 2.495939440e-16 2.495939440e-16
2.495939440e-16 7.892853534e-04 1.182190338e-01 1.948333214e-02 2.495939440e-16 2.495939440e-16
2.495939440e-16 2.495939440e-16 2.495939440e-16 7.892853534e-04 2.495939440e-16 2.495939440e-16
2.495939440e-16 2.495939440e-16 2.495939440e-16 2.495939440e-16 2.495939440e-16 2.495939440e-16

2.068868457e-16 2.068868457e-16 2.068868457e-16 2.093547681e-02 2.068868457e-16 2.068868457e-16
2.068868457e-16 0.000000000e+00 2.068868457e-16 8.802283701e-03 2.068868457e-16 2.068868457e-16
2.068868457e-16 0.000000000e+00 0.000000000e+00 3.295282661e-02 2.068868457e-16 2.068868457e-16
1.614961110e-02 6.542336504e-04 8.802283701e-03 9.097405835e-01 6.542336504e-04 2.068868457e-16
2.068868457e-16 2.068868457e-16 2.068868457e-16 6.542336504e-04 2.068868457e-16 2.068868457e-16
2.068868457e-16 6.542336504e-04 2.068868457e-16 2.068868457e-16 2.068868457e-16 2.068868457e-16

2.122802276e-16 2.122802276e-16 2.122802276e-16 3.797384154e-03 2.122802276e-16 2.122802276e-16
2.122802276e-16 0.000000000e+00 0.000000000e+00 2.122802276e-16 1.051364029e-01 6.712890216e-04
2.122802276e-16 0.000000000e+00 0.000000000e+00 1.596603361e-03 6.712890216e-04 2.122802276e-16
2.317238291e-02 2.122802276e-16 1.499291581e-02 8.486191547e-01 0.000000000e+00 2.122802276e-16
2.122802276e-16 2.122802276e-16 2.122802276e-16 6.712890216e-04 2.122802276e-16 2.122802276e-16
2.122802276e-16 6.712890216e-04 2.122802276e-16 2.122802276e-16 2.122802276e-16 2.122802276e-16

1.890154102e-16 1.890154102e-16 1.890154102e-16 1.890154102e-16 1.890154102e-16 1.890154102e-16
5.977192093e-04 0.000000000e+00 0.000000000e+00 0.000000000e+00 1.890154102e-16 9.503289135e-01
1.890154102e-16 0.000000000e+00 0.000000000e+00 0.000000000e+00 1.890154102e-16 1.890154102e-16
4.907336732e-02 1.890154102e-16 1.890154102e-16 1.890154102e-16 0.000000000e+00 1.890154102e-16
1.890154102e-16 1.890154102e-16 1.890154102e-16 1.890154102e-16 1.890154102e-16 1.890154102e-16
1.890154102e-16 1.890154102e-16 1.890154102e-16 1.890154102e-16 1.890154102e-16 1.890154102e-16

1.786123322e-16 1.786123322e-16 1.786123322e-16 1.786123322e-16 1.786123322e-16 1.786123322e-16
1.786123322e-16 0.000000000e+00 0.000000000e+00 0.000000000e+00 0.000000000e+00 9.977699582e-01
1.786123322e-16 0.000000000e+00 0.000000000e+00 0.000000000e+00 1.786123322e-16 1.786123322e-16
2.230041831e-03 1.786123322e-16 1.786123322e-16 1.786123322e-16 0.000000000e+00 1.786123322e-16
1.786123322e-16 1.786123322e-16 0.000000000e+00 1.786123322e-16 1.786123322e-16 1.786123322e-16
1.786123322e-16 1.786123322e-16 1.786123322e-16 1.786123322e-16 1.786123322e-16 1.786123322e-16

0.000000000e+00 0.000000000e+00 0.000000000e+00 0.000000000e+00 0.000000000e+00 0.000000000e+00
0.000000000e+00 0.000000000e+00 0.000000000e+00 0.000000000e+00 0.000000000e+00 0.000000000e+00
0.000000000e+00 0.000000000e+00 0.000000000e+00 0.000000000e+00 0.000000000e+00 0.000000000e+00
0.000000000e+00 0.000000000e+00 0.000000000e+00 0.000000000e+00 0.000000000e+00 0.000000000e+00
0.000000000e+00 0.000000000e+00 0.000000000e+00 0.000000000e+00 0.000000000e+00 0.000000000e+00
0.000000000e+00 0.000000000e+00 0.000000000e+00 0.000000000e+00 0.000000000e+00 0.000000000e+00

