2.325537037e-16 2.325537037e-16 2.325537037e-16 2.325537037e-16 2.325537037e-16 2.325537037e-16
2.325537037e-16 2.325537037e-16 2.325537037e-16 1.307745579e-02 2.325537037e-16 2.325537037e-16
2.325537037e-16 2.325537037e-16 0.000000000e+00 1.991513731e-02 2.981762502e-01 2.325537037e-16
2.325537037e-16 2.170887582e-02 3.110360694e-02 2.325537037e-16 2.325537037e-16 2.325537037e-16
2.325537037e-16 2.325537037e-16 6.160186739e-01 2.325537037e-16 2.325537037e-16 2.325537037e-16
2.325537037e-16 2.325537037e-16 2.325537037e-16 2.325537037e-16 2.325537037e-16 2.325537037e-16

6.353705148e-04 6.353705148e-04 6.353705148e-04 6.353705148e-04 6.353705148e-04 6.353705148e-04
6.353705148e-04 6.353705148e-04 6.353705148e-04 0.000000000e+00 6.353705148e-04 6.353705148e-04
1.511174274e-03 6.353705148e-04 0.000000000e+00 6.353705148e-04 1.511174274e-03 6.353705148e-04
6.353705148e-04 2.355687559e-02 6.353705148e-04 0.000000000e+00 6.353705148e-04 6.353705148e-04
6.353705148e-04 6.353705148e-04 9.549950309e-01 6.353705148e-04 6.353705148e-04 6.353705148e-04
6.353705148e-04 6.353705148e-04 6.353705148e-04 6.353705148e-04 6.353705148e-04 6.353705148e-04

6.070644366e-04 6.070644366e-04 6.070644366e-04 6.070644366e-04 6.070644366e-04 6.070644366e-04
6.070644366e-04 6.070644366e-04 6.070644366e-04 0.000000000e+00 6.070644366e-04 6.070644366e-04
6.070644366e-04 6.070644366e-04 0.000000000e+00 6.070644366e-04 0.000000000e+00 6.070644366e-04
6.070644366e-04 0.000000000e+00 6.070644366e-04 0.000000000e+00 6.070644366e-04 6.070644366e-04
6.070644366e-04 6.070644366e-04 9.817880669e-01 6.070644366e-04 6.070644366e-04 6.070644366e-04
6.070644366e-04 6.070644366e-04 6.070644366e-04 6.070644366e-04 6.070644366e-04 6.070644366e-04

