2.418207324e-16 2.418207324e-16 3.643526086e-02 7.647042999e-04 7.647042999e-04 2.418207324e-16
7.647042999e-04 7.647042999e-04 1.119401107e-01 7.647042999e-04 2.418207324e-16 7.647042999e-04
1.028859367e-02 7.214778924e-02 2.418207324e-16 7.298989513e-01 7.647042999e-04 7.647042999e-04
7.647042999e-04 1.818783589e-03 2.447053759e-02 7.647042999e-04 2.418207324e-16 7.647042999e-04
7.647042999e-04 2.418207324e-16 2.418207324e-16 2.418207324e-16 2.418207324e-16 7.647042999e-04
2.418207324e-16 7.647042999e-04 7.647042999e-04 7.647042999e-04 7.647042999e-04 2.418207324e-16

2.405129169e-16 2.405129169e-16 1.352503524e-02 1.808947239e-03 7.605686242e-04 2.405129169e-16
2.405129169e-16 7.605686242e-04 2.405129169e-16 2.405129169e-16 2.405129169e-16 2.405129169e-16
2.433819597e-02 7.035231764e-01 0.000000000e+00 7.605686242e-04 2.405129169e-16 2.405129169e-16
7.142125354e-03 2.405129169e-16 1.165127463e-01 1.087635170e-01 2.405129169e-16 2.405129169e-16
2.405129169e-16 1.877446611e-02 0.000000000e+00 2.405129169e-16 2.405129169e-16 2.405129169e-16
2.405129169e-16 7.605686242e-04 2.405129169e-16 7.605686242e-04 1.808947239e-03 2.405129169e-16

2.036817634e-16 2.036817634e-16 2.036817634e-16 2.036817634e-16 2.036817634e-16 2.036817634e-16
2.036817634e-16 2.036817634e-16 2.036817634e-16 2.036817634e-16 2.036817634e-16 2.036817634e-16
2.543043064e-03 9.210792172e-02 0.000000000e+00 6.440982901e-04 2.036817634e-16 2.036817634e-16
2.036817634e-16 0.000000000e+00 8.853875462e-01 1.438562396e-02 2.036817634e-16 2.036817634e-16
3.643570149e-03 0.000000000e+00 0.000000000e+00 2.036817634e-16 2.036817634e-16 2.036817634e-16
2.036817634e-16 6.440982901e-04 2.036817634e-16 6.440982901e-04 2.036817634e-16 2.036817634e-16

2.069203582e-16 2.069203582e-16 2.069203582e-16 2.069203582e-16 1.556290679e-03 2.069203582e-16
2.069203582e-16 6.543396264e-04 2.069203582e-16 6.543396264e-04 6.543396264e-04 6.543396264e-04
4.892329814e-03 8.994654466e-01 0.000000000e+00 6.377257899e-02 2.069203582e-16 2.583478134e-03
6.543396264e-04 0.000000000e+00 2.093886804e-02 0.000000000e+00 2.069203582e-16 2.069203582e-16
1.556290679e-03 0.000000000e+00 0.000000000e+00 0.000000000e+00 2.069203582e-16 2.069203582e-16
2.069203582e-16 6.543396264e-04 6.543396264e-04 6.543396264e-04 2.069203582e-16 2.069203582e-16

2.215793771e-16 2.215793771e-16 2.215793771e-16 6.579886468e-03 2.215793771e-16 2.215793771e-16
2.215793771e-16 2.215793771e-16 2.215793771e-16 2.215793771e-16 2.215793771e-16 2.215793771e-16
1.897533194e-02 8.385458898e-01 0.000000000e+00 0.000000000e+00 0.000000000e+00 4.312548997e-02
3.917007003e-02 0.000000000e+00 2.215793771e-16 0.000000000e+00 4.312548997e-02 2.215793771e-16
2.215793771e-16 0.000000000e+00 0.000000000e+00 0.000000000e+00 5.238920916e-03 2.215793771e-16
2.215793771e-16 2.215793771e-16 5.238920916e-03 2.215793771e-16 2.215793771e-16 2.215793771e-16

2.315765152e-16 2.315765152e-16 1.741734719e-03 2.315765152e-16 7.597563440e-02 1.741734719e-03
2.315765152e-16 2.315765152e-16 1.022583295e-01 0.000000000e+00 1.741734719e-03 2.315765152e-16
1.807688956e-02 7.682368735e-01 0.000000000e+00 0.000000000e+00 0.000000000e+00 1.141557130e-02
5.475288652e-03 0.000000000e+00 0.000000000e+00 0.000000000e+00 9.852739444e-03 2.315765152e-16
2.315765152e-16 0.000000000e+00 0.000000000e+00 0.000000000e+00 1.741734719e-03 2.315765152e-16
2.315765152e-16 2.315765152e-16 1.741734719e-03 2.315765152e-16 2.315765152e-16 2.315765152e-16

2.334817638e-16 2.334817638e-16 0.000000000e+00 0.000000000e+00 2.334817638e-16 2.334817638e-16
2.334817638e-16 5.414683230e-01 2.189815230e-01 0.000000000e+00 2.334817638e-16 2.334817638e-16
2.247592805e-01 2.334817638e-16 0.000000000e+00 0.000000000e+00 0.000000000e+00 2.334817638e-16
1.479087347e-02 0.000000000e+00 0.000000000e+00 0.000000000e+00 2.334817638e-16 2.334817638e-16
2.334817638e-16 0.000000000e+00 0.000000000e+00 0.000000000e+00 2.334817638e-16 2.334817638e-16
2.334817638e-16 2.334817638e-16 2.334817638e-16 2.334817638e-16 2.334817638e-16 2.334817638e-16

1.943553935e-16 1.943553935e-16 0.000000000e+00 0.000000000e+00 1.943553935e-16 1.943553935e-16
1.943553935e-16 1.814306560e-02 1.814306560e-02 0.000000000e+00 1.943553935e-16 1.943553935e-16
9.470699096e-01 0.000000000e+00 0.000000000e+00 0.000000000e+00 0.000000000e+00 1.943553935e-16
1.664395917e-02 0.000000000e+00 0.000000000e+00 0.000000000e+00 1.943553935e-16 1.943553935e-16
0.000000000e+00 0.000000000e+00 0.000000000e+00 0.000000000e+00 1.943553935e-16 1.943553935e-16
1.943553935e-16 1.943553935e-16 1.943553935e-16 1.943553935e-16 1.943553935e-16 1.943553935e-16

