2.725576028e-16 2.725576028e-16 2.725576028e-16 4.875658621e-03 3.402983703e-03 2.725576028e-16
8.619028185e-04 2.725576028e-16 8.619028185e-04 1.652158862e-01 2.049961928e-03 8.619028185e-04
8.619028185e-04 2.725576028e-16 3.458915988e-01 2.725576028e-16 0.000000000e+00 8.619028185e-04
8.619028185e-04 2.725576028e-16 1.174683912e-01 1.776361029e-01 1.745142322e-01 2.725576028e-16
2.725576028e-16 2.725576028e-16 2.725576028e-16 2.725576028e-16 2.725576028e-16 8.619028185e-04
2.725576028e-16 8.619028185e-04 2.725576028e-16 2.049961928e-03 2.725576028e-16 2.725576028e-16

2.594720789e-16 2.594720789e-16 2.594720789e-16 4.128579333e-01 4.641577654e-03 2.594720789e-16
2.594720789e-16 2.594720789e-16 3.463808015e-01 2.594720789e-16 0.000000000e+00 4.641577654e-03
2.594720789e-16 2.594720789e-16 1.145763046e-01 0.000000000e+00 0.000000000e+00 2.422170471e-02
1.951543005e-03 2.594720789e-16 6.134838535e-03 6.985149200e-02 1.279068396e-02 2.594720789e-16
2.594720789e-16 2.594720789e-16 2.594720789e-16 2.594720789e-16 2.594720789e-16 1.951543005e-03
2.594720789e-16 2.594720789e-16 2.594720789e-16 2.594720789e-16 2.594720789e-16 2.594720789e-16

2.485346378e-16 2.485346378e-16 3.744684863e-02 5.727039630e-01 2.485346378e-16 2.485346378e-16
2.485346378e-16 2.485346378e-16 7.415089886e-02 0.000000000e+00 0.000000000e+00 2.485346378e-16
2.485346378e-16 2.485346378e-16 2.423368837e-01 0.000000000e+00 0.000000000e+00 1.057424596e-02
2.485346378e-16 2.485346378e-16 2.320069517e-02 0.000000000e+00 2.485346378e-16 2.485346378e-16
2.485346378e-16 2.485346378e-16 2.485346378e-16 3.958646476e-02 2.485346378e-16 2.485346378e-16
2.485346378e-16 2.485346378e-16 2.485346378e-16 2.485346378e-16 2.485346378e-16 2.485346378e-16

2.869071407e-16 2.869071407e-16 3.582143055e-03 2.307227741e-01 3.582143055e-03 2.869071407e-16
2.869071407e-16 2.869071407e-16 3.582143055e-03 0.000000000e+00 0.000000000e+00 4.322845444e-02
2.869071407e-16 2.869071407e-16 3.342638505e-01 0.000000000e+00 0.000000000e+00 1.033032315e-02
2.869071407e-16 2.869071407e-16 7.176022341e-02 0.000000000e+00 0.000000000e+00 4.322845444e-02
2.869071407e-16 1.674491908e-01 2.869071407e-16 0.000000000e+00 6.370051239e-02 2.869071407e-16
2.869071407e-16 2.869071407e-16 2.869071407e-16 2.456978759e-02 2.869071407e-16 2.869071407e-16

2.646033577e-16 2.646033577e-16 2.646033577e-16 2.384131112e-01 2.646033577e-16 2.646033577e-16
2.646033577e-16 2.646033577e-16 2.646033577e-16 0.000000000e+00 0.000000000e+00 3.303671976e-03
8.367492870e-04 2.646033577e-16 3.886144870e-01 0.000000000e+00 0.000000000e+00 3.303671976e-03
6.256160132e-03 2.646033577e-16 5.149914942e-02 0.000000000e+00 0.000000000e+00 2.646033577e-16
2.646033577e-16 2.646033577e-16 0.000000000e+00 0.000000000e+00 0.000000000e+00 4.733368760e-03
2.646033577e-16 2.646033577e-16 1.603942719e-01 2.646033577e-16 1.426453585e-01 2.646033577e-16

3.676706199e-03 2.944810540e-16 2.944810540e-16 2.089653839e-01 6.962574646e-03 2.944810540e-16
2.944810540e-16 2.944810540e-16 2.944810540e-16 0.000000000e+00 0.000000000e+00 1.252909905e-02
2.944810540e-16 2.944810540e-16 2.871375256e-01 0.000000000e+00 0.000000000e+00 6.538210930e-02
6.962574646e-03 2.944810540e-16 8.785912113e-02 0.000000000e+00 0.000000000e+00 7.645501981e-02
2.944810540e-16 2.944810540e-16 0.000000000e+00 0.000000000e+00 0.000000000e+00 2.944810540e-16
2.944810540e-16 1.145986974e-01 1.207264580e-01 0.000000000e+00 0.000000000e+00 8.744730342e-03

8.532734946e-04 2.698287710e-16 2.029437822e-03 3.853920986e-01 0.000000000e+00 2.698287710e-16
2.698287710e-16 2.698287710e-16 2.029437822e-03 0.000000000e+00 0.000000000e+00 2.698287710e-16
2.698287710e-16 2.698287710e-16 1.191495578e-01 0.000000000e+00 0.000000000e+00 2.041506368e-01
8.532734946e-04 2.698287710e-16 2.310725196e-02 0.000000000e+00 0.000000000e+00 3.368913216e-03
2.698287710e-16 2.698287710e-16 0.000000000e+00 0.000000000e+00 0.000000000e+00 0.000000000e+00
2.698287710e-16 8.852543636e-02 1.696874091e-01 0.000000000e+00 0.000000000e+00 8.532734946e-04

2.130975289e-16 2.130975289e-16 2.130975289e-16 5.038379998e-03 0.000000000e+00 2.130975289e-16
2.130975289e-16 2.130975289e-16 0.000000000e+00 0.000000000e+00 0.000000000e+00 0.000000000e+00
2.130975289e-16 2.130975289e-16 7.273065360e-01 0.000000000e+00 0.000000000e+00 1.663441775e-02
2.130975289e-16 2.130975289e-16 2.130975289e-16 0.000000000e+00 0.000000000e+00 2.130975289e-16
2.130975289e-16 2.130975289e-16 0.000000000e+00 0.000000000e+00 0.000000000e+00 0.000000000e+00
2.130975289e-16 2.130975289e-16 2.510206662e-01 0.000000000e+00 0.000000000e+00 2.130975289e-16

1.905372717e-16 1.905372717e-16 1.905372717e-16 4.946848256e-02 0.000000000e+00 1.905372717e-16
1.905372717e-16 1.905372717e-16 0.000000000e+00 0.000000000e+00 0.000000000e+00 0.000000000e+00
6.025317579e-04 1.905372717e-16 0.000000000e+00 0.000000000e+00 0.000000000e+00 6.025317579e-04
1.905372717e-16 1.905372717e-16 0.000000000e+00 0.000000000e+00 0.000000000e+00 1.905372717e-16
1.905372717e-16 1.905372717e-16 0.000000000e+00 0.000000000e+00 0.000000000e+00 0.000000000e+00
6.025317579e-04 9.481213904e-01 1.905372717e-16 0.000000000e+00 0.000000000e+00 6.025317579e-04

0.000000000e+00 0.000000000e+00 0.000000000e+00 0.000000000e+00 0.000000000e+00 0.000000000e+00
0.000000000e+00 0.000000000e+00 0.000000000e+00 0.000000000e+00 0.000000000e+00 0.000000000e+00
0.000000000e+00 0.000000000e+00 0.000000000e+00 0.000000000e+00 0.000000000e+00 0.000000000e+00
0.000000000e+00 0.000000000e+00 0.000000000e+00 0.000000000e+00 0.000000000e+00 0.000000000e+00
0.000000000e+00 0.000000000e+00 0.000000000e+00 0.000000000e+00 0.000000000e+00 0.000000000e+00
0.000000000e+00 0.000000000e+00 0.000000000e+00 0.000000000e+00 0.000000000e+00 0.000000000e+00

