2.699258974e-16 2.699258974e-16 2.699258974e-16 2.699258974e-16 2.699258974e-16 2.699258974e-16
2.699258974e-16 2.699258974e-16 1.134898598e-01 2.699258974e-16 2.699258974e-16 2.699258974e-16
2.699258974e-16 4.771660812e-02 2.465177752e-01 1.078440280e-01 2.699258974e-16 2.699258974e-16
2.699258974e-16 2.030168330e-03 2.699258974e-16 4.110594138e-01 2.311556955e-02 2.699258974e-16
2.699258974e-16 8.535806354e-04 2.030168330e-03 4.534282829e-02 2.699258974e-16 2.699258974e-16
2.699258974e-16 2.699258974e-16 2.699258974e-16 2.699258974e-16 2.699258974e-16 2.699258974e-16

2.878970264e-16 2.878970264e-16 2.878970264e-16 2.878970264e-16 2.878970264e-16 0.000000000e+00
2.878970264e-16 2.878970264e-16 1.745141646e-01 2.878970264e-16 2.212297114e-01 2.878970264e-16
2.878970264e-16 3.850566905e-02 4.836166355e-02 2.878970264e-16 2.878970264e-16 2.878970264e-16
2.878970264e-16 2.878970264e-16 0.000000000e+00 1.745141646e-01 6.929065267e-02 2.878970264e-16
2.878970264e-16 2.042933215e-01 2.878970264e-16 6.929065267e-02 2.878970264e-16 2.878970264e-16
2.878970264e-16 2.878970264e-16 2.878970264e-16 2.878970264e-16 2.878970264e-16 2.878970264e-16

2.121130409e-16 2.121130409e-16 2.121130409e-16 2.121130409e-16 2.121130409e-16 0.000000000e+00
2.121130409e-16 2.121130409e-16 4.320309991e-02 2.121130409e-16 2.121130409e-16 2.121130409e-16
2.121130409e-16 2.121130409e-16 2.121130409e-16 0.000000000e+00 0.000000000e+00 2.121130409e-16
2.121130409e-16 2.121130409e-16 0.000000000e+00 1.885250700e-01 2.121130409e-16 2.121130409e-16
2.121130409e-16 7.682718301e-01 2.121130409e-16 2.121130409e-16 2.121130409e-16 2.121130409e-16
2.121130409e-16 2.121130409e-16 2.121130409e-16 2.121130409e-16 2.121130409e-16 2.121130409e-16

1.879498834e-16 1.879498834e-16 1.879498834e-16 1.879498834e-16 1.879498834e-16 0.000000000e+00
1.879498834e-16 1.879498834e-16 0.000000000e+00 1.879498834e-16 0.000000000e+00 1.879498834e-16
1.879498834e-16 1.879498834e-16 5.581245468e-03 0.000000000e+00 0.000000000e+00 1.879498834e-16
1.879498834e-16 1.879498834e-16 0.000000000e+00 1.879498834e-16 1.879498834e-16 1.879498834e-16
1.879498834e-16 9.644821972e-01 1.879498834e-16 1.879498834e-16 1.879498834e-16 1.879498834e-16
1.879498834e-16 1.879498834e-16 2.993655734e-02 1.879498834e-16 1.879498834e-16 1.879498834e-16

2.385580139e-16 4.007357266e-02 2.385580139e-16 2.385580139e-16 2.385580139e-16 0.000000000e+00
2.385580139e-16 2.385580139e-16 0.000000000e+00 2.385580139e-16 0.000000000e+00 2.385580139e-16
2.385580139e-16 2.385580139e-16 0.000000000e+00 0.000000000e+00 0.000000000e+00 2.385580139e-16
2.385580139e-16 2.385580139e-16 0.000000000e+00 2.385580139e-16 2.385580139e-16 2.385580139e-16
1.862186616e-02 2.385580139e-16 0.000000000e+00 1.181510485e-01 2.415437073e-01 2.385580139e-16
5.816098054e-01 2.385580139e-16 2.385580139e-16 2.385580139e-16 2.385580139e-16 2.385580139e-16

