3.061815931e-16 3.061815931e-16 9.682312118e-04 9.682312118e-04 3.061815931e-16 3.061815931e-16
3.061815931e-16 3.061815931e-16 3.061815931e-16 9.092182437e-03 3.061815931e-16 3.061815931e-16
9.682312118e-04 3.061815931e-16 0.000000000e+00 1.319598455e-01 1.097223054e-01 3.061815931e-16
3.061815931e-16 3.061815931e-16 1.684490982e-01 3.061815931e-16 2.030694997e-01 9.682312118e-04
1.509323087e-02 3.061815931e-16 9.682312118e-04 1.128482219e-01 1.066141007e-01 8.835502080e-02
3.061815931e-16 3.061815931e-16 3.061815931e-16 4.613254663e-02 3.822791809e-03 3.061815931e-16

6.992175840e-03 5.290233304e-03 1.258236617e-02 9.351899609e-04 2.957330321e-16 3.692337614e-03
2.957330321e-16 2.957330321e-16 1.873443899e-02 0.000000000e+00 2.957330321e-16 2.957330321e-16
1.457816874e-02 1.663029052e-02 0.000000000e+00 1.792641059e-01 2.957330321e-16 2.957330321e-16
9.114452686e-02 2.088701572e-02 2.957330321e-16 0.000000000e+00 4.746143945e-01 8.781908322e-03
8.781908322e-03 2.957330321e-16 6.023478648e-02 3.467292398e-02 2.957330321e-16 1.064810650e-02
2.957330321e-16 2.957330321e-16 2.957330321e-16 2.088701572e-02 2.957330321e-16 1.064810650e-02

2.469853357e-16 2.469853357e-16 2.469853357e-16 2.469853357e-16 2.469853357e-16 2.469853357e-16
2.469853357e-16 2.469853357e-16 3.083704375e-03 0.000000000e+00 2.469853357e-16 2.469853357e-16
2.469853357e-16 2.469853357e-16 0.000000000e+00 5.328878632e-01 2.469853357e-16 2.469853357e-16
2.469853357e-16 0.000000000e+00 0.000000000e+00 0.000000000e+00 7.368866089e-02 2.469853357e-16
4.418208000e-03 2.469853357e-16 2.195194010e-01 1.525131565e-01 2.469853357e-16 2.469853357e-16
2.469853357e-16 2.469853357e-16 1.388900610e-02 2.469853357e-16 2.469853357e-16 2.469853357e-16

