1.954249276e-03 1.105490332e-02 1.954249276e-03 1.065215716e-01 2.598318976e-16 2.598318976e-16
2.598318976e-16 0.000000000e+00 2.598318976e-16 5.529552203e-02 2.598318976e-16 2.598318976e-16
1.835139244e-02 1.835139244e-02 4.932738060e-01 2.761716464e-01 2.598318976e-16 2.598318976e-16
2.598318976e-16 2.598318976e-16 7.715810060e-03 2.598318976e-16 2.598318976e-16 2.598318976e-16
9.355457176e-03 2.598318976e-16 2.598318976e-16 2.598318976e-16 2.598318976e-16 2.598318976e-16
2.598318976e-16 2.598318976e-16 2.598318976e-16 2.598318976e-16 2.598318976e-16 2.598318976e-16

2.903917793e-16 8.663907632e-02 7.539333664e-02 2.266801588e-02 6.865889715e-03 2.903917793e-16
9.182994365e-04 0.000000000e+00 0.000000000e+00 3.799806000e-01 2.184096447e-03 2.903917793e-16
3.883933741e-02 2.903917793e-16 0.000000000e+00 2.486820062e-02 9.182994365e-04 9.182994365e-04
9.182994365e-04 1.282296619e-01 2.162809068e-01 9.182994365e-04 2.903917793e-16 9.182994365e-04
2.903917793e-16 9.182994365e-04 9.182994365e-04 2.903917793e-16 2.903917793e-16 9.182994365e-04
9.182994365e-04 9.182994365e-04 9.182994365e-04 5.194686069e-03 9.182994365e-04 9.182994365e-04

8.013093105e-04 5.991184504e-03 1.605243963e-02 1.905845467e-03 8.013093105e-04 8.013093105e-04
1.905845467e-03 0.000000000e+00 0.000000000e+00 2.887047387e-01 2.533962531e-16 8.013093105e-04
1.905845467e-03 0.000000000e+00 0.000000000e+00 1.065400004e-01 8.013093105e-04 2.533962531e-16
2.533962531e-16 5.430283051e-01 0.000000000e+00 2.533962531e-16 4.532889978e-03 8.013093105e-04
8.013093105e-04 8.013093105e-04 1.424951848e-02 8.013093105e-04 2.533962531e-16 8.013093105e-04
8.013093105e-04 8.013093105e-04 8.013093105e-04 3.163747079e-03 8.013093105e-04 8.013093105e-04

2.689893826e-16 1.144452104e-02 3.823924039e-02 1.704025128e-02 3.358433139e-03 8.506191156e-04
6.359861289e-03 0.000000000e+00 0.000000000e+00 3.358433139e-03 2.689893826e-16 1.325983973e-02
3.374249089e-02 0.000000000e+00 0.000000000e+00 7.241360915e-02 2.689893826e-16 2.689893826e-16
9.685179814e-03 0.000000000e+00 0.000000000e+00 0.000000000e+00 7.987745167e-03 2.023124609e-03
8.506191156e-04 3.358433139e-03 2.689893826e-16 2.260134080e-01 2.689893826e-16 2.689893826e-16
2.689893826e-16 2.689893826e-16 2.689893826e-16 5.491635719e-01 2.689893826e-16 8.506191156e-04

1.847467243e-16 1.847467243e-16 1.847467243e-16 1.847467243e-16 1.847467243e-16 1.847467243e-16
1.847467243e-16 0.000000000e+00 0.000000000e+00 1.847467243e-16 1.847467243e-16 1.847467243e-16
1.847467243e-16 0.000000000e+00 0.000000000e+00 1.847467243e-16 1.847467243e-16 1.847467243e-16
1.847467243e-16 0.000000000e+00 0.000000000e+00 0.000000000e+00 1.847467243e-16 1.847467243e-16
0.000000000e+00 1.847467243e-16 0.000000000e+00 1.847467243e-16 2.626339498e-02 1.847467243e-16
1.847467243e-16 1.847467243e-16 1.847467243e-16 9.737366050e-01 1.847467243e-16 1.847467243e-16

0.000000000e+00 0.000000000e+00 0.000000000e+00 0.000000000e+00 0.000000000e+00 0.000000000e+00
0.000000000e+00 0.000000000e+00 0.000000000e+00 0.000000000e+00 0.000000000e+00 0.000000000e+00
0.000000000e+00 0.000000000e+00 0.000000000e+00 0.000000000e+00 0.000000000e+00 0.000000000e+00
0.000000000e+00 0.000000000e+00 0.000000000e+00 0.000000000e+00 0.000000000e+00 0.000000000e+00
0.000000000e+00 0.000000000e+00 0.000000000e+00 0.000000000e+00 0.000000000e+00 0.000000000e+00
0.000000000e+00 0.000000000e+00 0.000000000e+00 0.000000000e+00 0.000000000e+00 0.000000000e+00

