2.166137116e-16 2.166137116e-16 2.166137116e-16 2.166137116e-16 2.166137116e-16 2.166137116e-16
2.166137116e-16 2.166137116e-16 2.166137116e-16 6.849927012e-04 2.166137116e-16 2.166137116e-16
2.166137116e-16 2.166137116e-16 1.629196388e-03 1.629196388e-03 1.629196388e-03 2.166137116e-16
2.166137116e-16 1.629196388e-03 6.403348521e-01 2.166137116e-16 2.166137116e-16 2.166137116e-16
2.166137116e-16 2.166137116e-16 3.446640181e-01 0.000000000e+00 7.799351508e-03 2.166137116e-16
2.166137116e-16 2.166137116e-16 2.166137116e-16 2.166137116e-16 2.166137116e-16 2.166137116e-16

2.113210884e-16 2.113210884e-16 2.113210884e-16 2.113210884e-16 2.113210884e-16 2.113210884e-16
2.113210884e-16 3.420499310e-01 2.113210884e-16 2.113210884e-16 2.113210884e-16 2.113210884e-16
2.113210884e-16 1.589389477e-03 2.113210884e-16 6.682559569e-04 6.682559569e-04 2.113210884e-16
2.113210884e-16 2.113210884e-16 0.000000000e+00 0.000000000e+00 2.113210884e-16 2.113210884e-16
2.113210884e-16 2.113210884e-16 6.682559569e-04 0.000000000e+00 6.543559116e-01 2.113210884e-16
2.113210884e-16 2.113210884e-16 2.113210884e-16 2.113210884e-16 2.113210884e-16 2.113210884e-16

6.571104155e-04 2.077965587e-16 2.077965587e-16 7.658681221e-02 2.077965587e-16 2.077965587e-16
6.571104155e-04 2.594417824e-03 2.077965587e-16 8.685611724e-01 2.077965587e-16 2.077965587e-16
2.077965587e-16 0.000000000e+00 0.000000000e+00 2.077965587e-16 6.571104155e-04 1.562880763e-03
2.077965587e-16 2.077965587e-16 0.000000000e+00 0.000000000e+00 2.077965587e-16 2.077965587e-16
2.077965587e-16 2.077965587e-16 2.077965587e-16 0.000000000e+00 4.806627515e-02 2.077965587e-16
2.077965587e-16 2.077965587e-16 2.077965587e-16 2.077965587e-16 6.571104155e-04 2.077965587e-16

1.773306804e-16 1.773306804e-16 1.773306804e-16 1.000000000e+00 1.773306804e-16 1.773306804e-16
1.773306804e-16 1.773306804e-16 1.773306804e-16 1.773306804e-16 1.773306804e-16 1.773306804e-16
1.773306804e-16 0.000000000e+00 0.000000000e+00 0.000000000e+00 1.773306804e-16 1.773306804e-16
1.773306804e-16 1.773306804e-16 0.000000000e+00 0.000000000e+00 1.773306804e-16 1.773306804e-16
1.773306804e-16 1.773306804e-16 1.773306804e-16 0.000000000e+00 0.000000000e+00 1.773306804e-16
1.773306804e-16 1.773306804e-16 1.773306804e-16 1.773306804e-16 1.773306804e-16 1.773306804e-16

