2.855187792e-16 1.028033408e-02 2.855187792e-16 6.750674740e-03 2.855187792e-16 2.855187792e-16
3.564808842e-03 4.058904157e-02 0.000000000e+00 6.339226164e-02 2.855187792e-16 2.855187792e-16
1.028033408e-02 2.194021866e-01 2.855187792e-16 3.179931761e-01 2.855187792e-16 2.147445608e-03
2.855187792e-16 3.564808842e-03 1.602545484e-01 1.539206794e-01 2.855187792e-16 2.855187792e-16
2.855187792e-16 2.855187792e-16 2.855187792e-16 2.855187792e-16 2.855187792e-16 2.147445608e-03
2.855187792e-16 2.855187792e-16 2.855187792e-16 3.564808842e-03 2.147445608e-03 2.855187792e-16

3.785381621e-03 3.031852722e-01 1.920653214e-02 5.423543027e-03 7.168373179e-03 3.031852722e-16
9.003205514e-03 3.031852722e-16 0.000000000e+00 6.175265579e-02 3.031852722e-16 3.031852722e-16
2.830232897e-02 0.000000000e+00 0.000000000e+00 1.179859852e-01 3.785381621e-03 5.423543027e-03
3.031852722e-16 2.657732319e-01 1.148564504e-01 1.920653214e-02 3.031852722e-16 3.031852722e-16
3.785381621e-03 3.031852722e-16 7.168373179e-03 3.031852722e-16 3.031852722e-16 2.280318945e-03
3.031852722e-16 7.168373179e-03 3.031852722e-16 3.785381621e-03 7.168373179e-03 3.785381621e-03

2.370002759e-16 5.603525556e-03 2.370002759e-16 1.782527941e-03 2.370002759e-16 2.370002759e-16
1.782527941e-03 0.000000000e+00 0.000000000e+00 4.131945642e-01 2.370002759e-16 2.370002759e-16
2.370002759e-16 0.000000000e+00 0.000000000e+00 2.370002759e-16 2.020003825e-01 2.370002759e-16
2.370002759e-16 1.782527941e-03 0.000000000e+00 3.738539440e-01 2.370002759e-16 2.370002759e-16
2.370002759e-16 2.370002759e-16 2.370002759e-16 2.370002759e-16 2.370002759e-16 2.370002759e-16
2.370002759e-16 2.370002759e-16 2.370002759e-16 2.370002759e-16 2.370002759e-16 2.370002759e-16

2.668748175e-16 5.679434467e-02 2.007220528e-03 3.332032001e-03 2.668748175e-16 2.668748175e-16
2.007220528e-03 0.000000000e+00 0.000000000e+00 2.371970786e-01 2.668748175e-16 2.668748175e-16
7.924952326e-03 0.000000000e+00 0.000000000e+00 0.000000000e+00 2.114244506e-01 2.007220528e-03
2.007220528e-03 2.668748175e-16 0.000000000e+00 4.064130455e-01 2.668748175e-16 2.668748175e-16
4.774001867e-03 0.000000000e+00 5.925283901e-02 2.668748175e-16 2.668748175e-16 2.668748175e-16
2.668748175e-16 2.007220528e-03 8.439322735e-04 2.668748175e-16 2.007220528e-03 2.668748175e-16

7.274781528e-04 1.730244391e-03 7.274781528e-04 1.730244391e-03 7.274781528e-04 7.274781528e-04
4.115237880e-03 0.000000000e+00 0.000000000e+00 4.685624636e-02 7.274781528e-04 7.274781528e-04
2.885771610e-02 0.000000000e+00 0.000000000e+00 0.000000000e+00 1.624787289e-02 5.439167845e-03
8.283092386e-03 0.000000000e+00 0.000000000e+00 8.518753082e-01 7.274781528e-04 7.274781528e-04
1.293659420e-02 0.000000000e+00 0.000000000e+00 7.274781528e-04 7.274781528e-04 7.274781528e-04
7.274781528e-04 8.283092386e-03 7.274781528e-04 7.274781528e-04 1.730244391e-03 1.730244391e-03

