2.162882454e-16 2.162882454e-16 2.162882454e-16 2.162882454e-16 2.162882454e-16 2.162882454e-16
2.162882454e-16 0.000000000e+00 2.162882454e-16 1.626748490e-03 2.162882454e-16 2.162882454e-16
2.162882454e-16 2.188683157e-02 8.044340757e-01 1.409632336e-01 2.162882454e-16 2.162882454e-16
2.162882454e-16 2.162882454e-16 9.202279106e-03 2.188683157e-02 2.162882454e-16 2.162882454e-16
2.162882454e-16 2.162882454e-16 2.162882454e-16 2.162882454e-16 2.162882454e-16 2.162882454e-16
2.162882454e-16 2.162882454e-16 2.162882454e-16 2.162882454e-16 2.162882454e-16 2.162882454e-16

2.093715066e-16 2.093715066e-16 2.093715066e-16 2.118690682e-02 2.093715066e-16 2.093715066e-16
2.093715066e-16 0.000000000e+00 0.000000000e+00 4.950283639e-03 2.093715066e-16 2.093715066e-16
2.093715066e-16 2.093715066e-16 0.000000000e+00 7.290430056e-02 2.093715066e-16 2.093715066e-16
1.478747883e-02 6.620908382e-04 6.217368968e-03 8.786294795e-01 2.093715066e-16 2.093715066e-16
2.093715066e-16 2.093715066e-16 2.093715066e-16 2.093715066e-16 2.093715066e-16 2.093715066e-16
2.093715066e-16 6.620908382e-04 2.093715066e-16 2.093715066e-16 2.093715066e-16 2.093715066e-16

2.081095053e-16 2.081095053e-16 2.081095053e-16 5.403069615e-02 2.081095053e-16 2.081095053e-16
2.081095053e-16 0.000000000e+00 0.000000000e+00 8.854303426e-03 2.081095053e-16 2.081095053e-16
2.081095053e-16 0.000000000e+00 0.000000000e+00 8.837426542e-01 2.081095053e-16 2.081095053e-16
4.428834120e-02 1.565234499e-03 0.000000000e+00 2.081095053e-16 2.081095053e-16 2.081095053e-16
2.081095053e-16 2.081095053e-16 4.920445461e-03 2.081095053e-16 2.081095053e-16 2.081095053e-16
2.081095053e-16 2.081095053e-16 2.598325080e-03 2.081095053e-16 2.081095053e-16 2.081095053e-16

2.461263065e-16 2.461263065e-16 2.461263065e-16 1.921264795e-02 2.461263065e-16 2.461263065e-16
2.461263065e-16 0.000000000e+00 0.000000000e+00 4.429023788e-01 2.461263065e-16 2.461263065e-16
2.461263065e-16 0.000000000e+00 0.000000000e+00 1.979279571e-01 7.783197208e-04 2.461263065e-16
3.155788018e-01 0.000000000e+00 0.000000000e+00 0.000000000e+00 2.461263065e-16 2.461263065e-16
1.047178021e-02 2.461263065e-16 2.461263065e-16 5.819297229e-03 2.461263065e-16 2.461263065e-16
2.461263065e-16 7.308817160e-03 2.461263065e-16 2.461263065e-16 2.461263065e-16 2.461263065e-16

2.577384117e-16 2.577384117e-16 2.577384117e-16 2.577384117e-16 2.577384117e-16 2.577384117e-16
2.577384117e-16 0.000000000e+00 0.000000000e+00 2.165599855e-01 2.577384117e-16 2.577384117e-16
2.577384117e-16 0.000000000e+00 0.000000000e+00 3.169798511e-01 2.577384117e-16 2.577384117e-16
4.785153049e-02 0.000000000e+00 0.000000000e+00 0.000000000e+00 2.577384117e-16 2.577384117e-16
0.000000000e+00 2.577384117e-16 0.000000000e+00 2.577384117e-16 2.739465098e-01 2.577384117e-16
2.577384117e-16 2.577384117e-16 2.577384117e-16 1.446621231e-01 2.577384117e-16 2.577384117e-16

0.000000000e+00 0.000000000e+00 0.000000000e+00 0.000000000e+00 0.000000000e+00 0.000000000e+00
0.000000000e+00 0.000000000e+00 0.000000000e+00 0.000000000e+00 0.000000000e+00 0.000000000e+00
0.000000000e+00 0.000000000e+00 0.000000000e+00 0.000000000e+00 0.000000000e+00 0.000000000e+00
0.000000000e+00 0.000000000e+00 0.000000000e+00 0.000000000e+00 0.000000000e+00 0.000000000e+00
0.000000000e+00 0.000000000e+00 0.000000000e+00 0.000000000e+00 0.000000000e+00 0.000000000e+00
0.000000000e+00 0.000000000e+00 0.000000000e+00 0.000000000e+00 0.000000000e+00 0.000000000e+00

