2.699258974e-16 2.699258974e-16 2.699258974e-16 2.699258974e-16 2.699258974e-16 2.699258974e-16
2.699258974e-16 2.699258974e-16 1.134898598e-01 2.699258974e-16 2.699258974e-16 2.699258974e-16
2.699258974e-16 4.771660812e-02 2.465177752e-01 1.078440280e-01 2.699258974e-16 2.699258974e-16
2.699258974e-16 2.030168330e-03 2.699258974e-16 4.110594138e-01 2.311556955e-02 2.699258974e-16
2.699258974e-16 8.535806354e-04 2.030168330e-03 4.534282829e-02 2.699258974e-16 2.699258974e-16
2.699258974e-16 2.699258974e-16 2.699258974e-16 2.699258974e-16 2.699258974e-16 2.699258974e-16

2.097337961e-16 2.097337961e-16 2.097337961e-16 2.097337961e-16 2.097337961e-16 2.097337961e-16
2.097337961e-16 2.097337961e-16 2.097337961e-16 2.097337961e-16 2.097337961e-16 2.097337961e-16
2.097337961e-16 7.730081268e-02 2.630936819e-02 0.000000000e+00 2.097337961e-16 2.097337961e-16
3.751832203e-03 2.097337961e-16 0.000000000e+00 8.731700674e-01 7.551634599e-03 2.097337961e-16
2.097337961e-16 1.577451125e-03 2.097337961e-16 1.033883381e-02 2.097337961e-16 2.097337961e-16
2.097337961e-16 2.097337961e-16 2.097337961e-16 2.097337961e-16 2.097337961e-16 2.097337961e-16

2.052883403e-16 2.052883403e-16 2.052883403e-16 2.052883403e-16 2.052883403e-16 2.052883403e-16
2.052883403e-16 2.052883403e-16 2.052883403e-16 2.052883403e-16 2.052883403e-16 2.052883403e-16
2.052883403e-16 2.498024024e-01 0.000000000e+00 0.000000000e+00 2.052883403e-16 2.052883403e-16
2.052883403e-16 0.000000000e+00 0.000000000e+00 7.501975976e-01 2.052883403e-16 2.052883403e-16
2.052883403e-16 2.052883403e-16 2.052883403e-16 2.052883403e-16 2.052883403e-16 2.052883403e-16
2.052883403e-16 2.052883403e-16 2.052883403e-16 2.052883403e-16 2.052883403e-16 2.052883403e-16

2.135072791e-16 2.135072791e-16 2.135072791e-16 2.135072791e-16 2.135072791e-16 2.135072791e-16
2.135072791e-16 2.135072791e-16 2.135072791e-16 2.135072791e-16 2.135072791e-16 2.135072791e-16
2.135072791e-16 2.135072791e-16 0.000000000e+00 0.000000000e+00 0.000000000e+00 2.432575954e-01
0.000000000e+00 0.000000000e+00 0.000000000e+00 7.321181583e-01 2.135072791e-16 2.135072791e-16
2.135072791e-16 6.340182353e-03 2.135072791e-16 1.828406391e-02 2.135072791e-16 2.135072791e-16
2.135072791e-16 2.135072791e-16 2.135072791e-16 2.135072791e-16 2.135072791e-16 2.135072791e-16

