2.464722198e-16 2.464722198e-16 2.464722198e-16 2.464722198e-16 2.464722198e-16 2.464722198e-16
2.464722198e-16 2.464722198e-16 7.794135947e-04 8.874431194e-03 2.464722198e-16 2.464722198e-16
2.464722198e-16 2.464722198e-16 2.464722198e-16 2.281275800e-01 1.923964998e-02 2.464722198e-16
2.464722198e-16 3.713610299e-02 5.752422274e-01 1.167404434e-01 2.464722198e-16 2.464722198e-16
2.464722198e-16 2.464722198e-16 1.386015147e-02 2.464722198e-16 2.464722198e-16 2.464722198e-16
2.464722198e-16 2.464722198e-16 2.464722198e-16 2.464722198e-16 2.464722198e-16 2.464722198e-16

2.162015333e-16 2.162015333e-16 2.162015333e-16 2.162015333e-16 2.162015333e-16 2.162015333e-16
2.162015333e-16 2.162015333e-16 2.162015333e-16 2.135024007e-01 2.162015333e-16 2.162015333e-16
2.162015333e-16 2.162015333e-16 0.000000000e+00 2.162015333e-16 2.162015333e-16 2.162015333e-16
2.162015333e-16 2.162015333e-16 7.241081827e-01 2.162015333e-16 2.162015333e-16 0.000000000e+00
6.238941661e-02 2.162015333e-16 2.162015333e-16 2.162015333e-16 2.162015333e-16 2.162015333e-16
2.162015333e-16 2.162015333e-16 2.162015333e-16 2.162015333e-16 2.162015333e-16 2.162015333e-16

2.108328005e-16 2.108328005e-16 2.983016061e-01 2.108328005e-16 2.108328005e-16 2.108328005e-16
2.108328005e-16 2.108328005e-16 2.108328005e-16 0.000000000e+00 2.108328005e-16 2.108328005e-16
2.108328005e-16 2.108328005e-16 0.000000000e+00 2.108328005e-16 2.108328005e-16 2.108328005e-16
2.108328005e-16 0.000000000e+00 6.927282242e-01 2.108328005e-16 2.108328005e-16 0.000000000e+00
2.108328005e-16 2.108328005e-16 8.970169744e-03 2.108328005e-16 2.108328005e-16 2.108328005e-16
2.108328005e-16 2.108328005e-16 2.108328005e-16 2.108328005e-16 2.108328005e-16 2.108328005e-16

2.576382865e-16 2.576382865e-16 0.000000000e+00 2.576382865e-16 2.576382865e-16 2.576382865e-16
2.576382865e-16 2.576382865e-16 0.000000000e+00 0.000000000e+00 3.216710454e-03 2.576382865e-16
2.576382865e-16 1.632116888e-02 0.000000000e+00 5.074823715e-01 2.576382865e-16 3.445862126e-02
2.576382865e-16 0.000000000e+00 2.836547734e-01 4.103648907e-02 3.020654358e-02 0.000000000e+00
9.276474436e-03 2.576382865e-16 7.434684735e-02 2.576382865e-16 2.576382865e-16 2.576382865e-16
2.576382865e-16 2.576382865e-16 2.576382865e-16 2.576382865e-16 2.576382865e-16 2.576382865e-16

2.608279413e-16 2.608279413e-16 0.000000000e+00 1.522284444e-01 2.608279413e-16 2.608279413e-16
2.608279413e-16 5.513702743e-01 0.000000000e+00 0.000000000e+00 2.608279413e-16 2.608279413e-16
2.608279413e-16 2.608279413e-16 0.000000000e+00 0.000000000e+00 0.000000000e+00 2.608279413e-16
3.256534489e-03 0.000000000e+00 1.124130765e-01 3.271870566e-02 2.608279413e-16 0.000000000e+00
2.608279413e-16 6.277570323e-02 1.109728136e-02 1.961740726e-03 1.961740726e-03 2.608279413e-16
2.608279413e-16 7.021649857e-02 2.608279413e-16 2.608279413e-16 2.608279413e-16 2.608279413e-16

2.542146904e-16 2.542146904e-16 0.000000000e+00 8.038974365e-04 3.173965575e-03 2.542146904e-16
2.542146904e-16 1.863454946e-01 0.000000000e+00 0.000000000e+00 4.547530629e-03 2.542146904e-16
2.542146904e-16 0.000000000e+00 0.000000000e+00 0.000000000e+00 0.000000000e+00 2.542146904e-16
1.068841109e-01 0.000000000e+00 5.895501211e-01 0.000000000e+00 4.547530629e-03 0.000000000e+00
2.542146904e-16 2.774992383e-02 1.081591156e-02 4.947722674e-02 2.542146904e-16 2.542146904e-16
2.542146904e-16 1.610428694e-02 2.542146904e-16 2.542146904e-16 2.542146904e-16 2.542146904e-16

