2.664219589e-16 6.663654048e-02 3.326377892e-03 6.299158303e-03 1.687760714e-02 2.664219589e-16
1.313327850e-02 0.000000000e+00 6.663654048e-02 8.425002089e-04 2.664219589e-16 2.664219589e-16
2.003814486e-03 2.664219589e-16 6.021387173e-01 8.425002089e-04 2.664219589e-16 2.664219589e-16
2.664219589e-16 1.313327850e-02 1.614966510e-01 8.425002089e-04 2.664219589e-16 2.664219589e-16
2.003814486e-03 4.765900887e-03 2.664219589e-16 2.664219589e-16 2.664219589e-16 2.664219589e-16
2.664219589e-16 2.664219589e-16 3.326377892e-03 1.687760714e-02 1.881683492e-02 2.664219589e-16

2.724806123e-16 1.726141774e-02 7.335346981e-02 3.644375355e-02 6.442406316e-03 2.724806123e-16
8.616593531e-04 0.000000000e+00 2.724806123e-16 5.760031274e-01 2.724806123e-16 8.616593531e-04
6.815190994e-02 0.000000000e+00 0.000000000e+00 2.757309929e-02 2.724806123e-16 8.616593531e-04
2.724806123e-16 4.816822217e-02 1.319989997e-01 8.616593531e-04 2.724806123e-16 8.616593531e-04
8.616593531e-04 8.616593531e-04 8.616593531e-04 2.724806123e-16 2.724806123e-16 8.616593531e-04
8.616593531e-04 2.724806123e-16 8.616593531e-04 3.402022447e-03 8.616593531e-04 8.616593531e-04

2.319952838e-16 2.319952838e-16 1.304605353e-02 2.465845035e-01 2.319952838e-16 2.319952838e-16
2.319952838e-16 0.000000000e+00 0.000000000e+00 2.319952838e-16 1.276347018e-01 2.319952838e-16
1.744884364e-03 0.000000000e+00 0.000000000e+00 6.075000880e-01 2.319952838e-16 2.319952838e-16
2.319952838e-16 1.744884364e-03 2.319952838e-16 1.744884364e-03 0.000000000e+00 2.319952838e-16
2.319952838e-16 2.319952838e-16 2.319952838e-16 2.319952838e-16 2.319952838e-16 2.319952838e-16
2.319952838e-16 2.319952838e-16 2.319952838e-16 2.319952838e-16 2.319952838e-16 2.319952838e-16

2.047893811e-16 2.047893811e-16 1.540263160e-03 8.355949935e-01 1.540263160e-03 2.047893811e-16
2.047893811e-16 0.000000000e+00 0.000000000e+00 0.000000000e+00 2.047893811e-16 4.841945971e-03
2.047893811e-16 0.000000000e+00 0.000000000e+00 0.000000000e+00 1.549422711e-01 2.047893811e-16
2.047893811e-16 2.047893811e-16 2.047893811e-16 1.540263160e-03 0.000000000e+00 2.047893811e-16
2.047893811e-16 2.047893811e-16 2.047893811e-16 2.047893811e-16 2.047893811e-16 2.047893811e-16
2.047893811e-16 2.047893811e-16 2.047893811e-16 2.047893811e-16 2.047893811e-16 2.047893811e-16

1.973124542e-16 1.484027652e-03 1.973124542e-16 9.042746868e-01 1.973124542e-16 1.973124542e-16
1.973124542e-16 0.000000000e+00 0.000000000e+00 0.000000000e+00 0.000000000e+00 3.529632484e-03
1.973124542e-16 0.000000000e+00 0.000000000e+00 0.000000000e+00 8.922762544e-02 1.973124542e-16
1.973124542e-16 1.973124542e-16 1.973124542e-16 1.484027652e-03 0.000000000e+00 1.973124542e-16
1.973124542e-16 1.973124542e-16 0.000000000e+00 1.973124542e-16 1.973124542e-16 1.973124542e-16
1.973124542e-16 1.973124542e-16 1.973124542e-16 1.973124542e-16 1.973124542e-16 1.973124542e-16

0.000000000e+00 0.000000000e+00 0.000000000e+00 0.000000000e+00 0.000000000e+00 0.000000000e+00
0.000000000e+00 0.000000000e+00 0.000000000e+00 0.000000000e+00 0.000000000e+00 0.000000000e+00
0.000000000e+00 0.000000000e+00 0.000000000e+00 0.000000000e+00 0.000000000e+00 0.000000000e+00
0.000000000e+00 0.000000000e+00 0.000000000e+00 0.000000000e+00 0.000000000e+00 0.000000000e+00
0.000000000e+00 0.000000000e+00 0.000000000e+00 0.000000000e+00 0.000000000e+00 0.000000000e+00
0.000000000e+00 0.000000000e+00 0.000000000e+00 0.000000000e+00 0.000000000e+00 0.000000000e+00

