2.433033205e-16 7.693926550e-04 7.693926550e-04 7.693926550e-04 7.693926550e-04 7.693926550e-04
7.693926550e-04 2.433033205e-16 1.829934439e-03 7.693926550e-04 2.433033205e-16 7.693926550e-04
2.433033205e-16 3.037733037e-03 2.655884520e-02 1.199364452e-02 2.433033205e-16 7.693926550e-04
5.752551844e-03 5.401938113e-02 2.433033205e-16 7.457712576e-01 7.693926550e-04 7.693926550e-04
7.693926550e-04 7.693926550e-04 1.074365900e-01 7.693926550e-04 2.433033205e-16 2.433033205e-16
2.433033205e-16 7.693926550e-04 3.052038707e-02 2.433033205e-16 7.693926550e-04 7.693926550e-04

2.274784643e-16 2.274784643e-16 2.274784643e-16 2.274784643e-16 2.274784643e-16 2.274784643e-16
2.274784643e-16 2.274784643e-16 2.274784643e-16 2.274784643e-16 2.274784643e-16 2.274784643e-16
2.274784643e-16 1.710912433e-03 2.738500183e-01 0.000000000e+00 2.274784643e-16 2.274784643e-16
6.198996149e-01 2.274784643e-16 0.000000000e+00 9.803993346e-02 2.274784643e-16 2.274784643e-16
2.274784643e-16 4.069258477e-03 1.710912433e-03 2.274784643e-16 2.274784643e-16 2.274784643e-16
2.274784643e-16 2.274784643e-16 7.193500660e-04 2.274784643e-16 2.274784643e-16 2.274784643e-16

2.092963077e-16 2.092963077e-16 2.092963077e-16 2.092963077e-16 2.092963077e-16 2.092963077e-16
2.092963077e-16 2.092963077e-16 2.092963077e-16 2.092963077e-16 2.092963077e-16 2.092963077e-16
6.244404998e-02 8.470583930e-01 0.000000000e+00 0.000000000e+00 2.092963077e-16 2.092963077e-16
2.092963077e-16 0.000000000e+00 0.000000000e+00 2.092963077e-16 2.092963077e-16 2.092963077e-16
6.215135907e-03 8.362056808e-02 2.092963077e-16 2.092963077e-16 2.092963077e-16 2.092963077e-16
6.618530384e-04 2.092963077e-16 2.092963077e-16 2.092963077e-16 2.092963077e-16 2.092963077e-16

1.773306804e-16 1.773306804e-16 1.773306804e-16 1.773306804e-16 1.773306804e-16 1.773306804e-16
1.773306804e-16 1.773306804e-16 1.773306804e-16 1.773306804e-16 1.773306804e-16 1.773306804e-16
1.773306804e-16 1.773306804e-16 0.000000000e+00 0.000000000e+00 0.000000000e+00 1.773306804e-16
0.000000000e+00 0.000000000e+00 0.000000000e+00 1.773306804e-16 1.773306804e-16 1.773306804e-16
1.773306804e-16 1.000000000e+00 1.773306804e-16 1.773306804e-16 1.773306804e-16 1.773306804e-16
1.773306804e-16 1.773306804e-16 1.773306804e-16 1.773306804e-16 1.773306804e-16 1.773306804e-16

