2.554020676e-16 8.076522528e-04 2.554020676e-16 7.584264521e-03 8.076522528e-04 2.554020676e-16
2.554020676e-16 2.554020676e-16 8.076522528e-04 1.902209178e-01 8.076522528e-04 8.076522528e-04
8.076522528e-04 2.554020676e-16 2.618030028e-01 2.554020676e-16 4.812375630e-01 1.993671493e-02
8.076522528e-04 2.554020676e-16 6.038609059e-03 2.187179634e-02 8.076522528e-04 2.554020676e-16
8.076522528e-04 2.554020676e-16 2.554020676e-16 8.076522528e-04 2.554020676e-16 2.554020676e-16
8.076522528e-04 8.076522528e-04 8.076522528e-04 8.076522528e-04 2.554020676e-16 2.554020676e-16

9.015385681e-04 2.144232159e-03 2.850915273e-16 5.099872280e-03 2.144232159e-03 9.015385681e-04
0.000000000e+00 2.144232159e-03 1.405359544e-02 2.144232159e-03 9.015385681e-04 2.144232159e-03
3.112042092e-02 4.052830391e-02 2.429895803e-01 0.000000000e+00 2.013542813e-02 1.806030861e-02
4.930590486e-01 5.099872280e-03 2.850915273e-16 8.505773358e-02 9.015385681e-04 9.015385681e-04
2.144232159e-03 9.015385681e-04 1.026495053e-02 2.144232159e-03 2.850915273e-16 9.015385681e-04
9.015385681e-04 3.559474443e-03 3.559474443e-03 2.144232159e-03 9.015385681e-04 2.144232159e-03

2.515011833e-16 2.515011833e-16 2.515011833e-16 2.515011833e-16 2.515011833e-16 2.515011833e-16
0.000000000e+00 2.515011833e-16 7.953165737e-04 2.515011833e-16 2.515011833e-16 2.515011833e-16
2.515011833e-16 2.347762203e-02 1.962489529e-01 0.000000000e+00 7.953165737e-04 2.515011833e-16
7.953165737e-04 5.098364337e-01 0.000000000e+00 1.272990096e-01 2.515011833e-16 2.515011833e-16
7.953165737e-04 2.515011833e-16 1.383660824e-01 7.953165737e-04 0.000000000e+00 2.515011833e-16
2.515011833e-16 7.953165737e-04 2.515011833e-16 2.515011833e-16 2.515011833e-16 2.515011833e-16

2.605087875e-16 2.605087875e-16 2.605087875e-16 2.605087875e-16 2.605087875e-16 2.605087875e-16
0.000000000e+00 2.605087875e-16 2.605087875e-16 2.605087875e-16 0.000000000e+00 2.605087875e-16
2.605087875e-16 4.605188255e-02 1.462170657e-01 0.000000000e+00 8.238011190e-04 2.605087875e-16
2.033534608e-02 5.772974414e-01 0.000000000e+00 1.095304528e-01 2.605087875e-16 2.605087875e-16
4.149370094e-02 0.000000000e+00 4.376091858e-02 8.238011190e-04 0.000000000e+00 2.605087875e-16
2.605087875e-16 1.284178854e-02 8.238011190e-04 2.605087875e-16 2.605087875e-16 2.605087875e-16

