2.418207324e-16 2.418207324e-16 3.643526086e-02 7.647042999e-04 7.647042999e-04 2.418207324e-16
7.647042999e-04 7.647042999e-04 1.119401107e-01 7.647042999e-04 2.418207324e-16 7.647042999e-04
1.028859367e-02 7.214778924e-02 2.418207324e-16 7.298989513e-01 7.647042999e-04 7.647042999e-04
7.647042999e-04 1.818783589e-03 2.447053759e-02 7.647042999e-04 2.418207324e-16 7.647042999e-04
7.647042999e-04 2.418207324e-16 2.418207324e-16 2.418207324e-16 2.418207324e-16 7.647042999e-04
2.418207324e-16 7.647042999e-04 7.647042999e-04 7.647042999e-04 7.647042999e-04 2.418207324e-16

2.245139683e-16 2.245139683e-16 7.099755066e-04 2.245139683e-16 2.245139683e-16 2.245139683e-16
2.245139683e-16 2.245139683e-16 1.262534825e-02 0.000000000e+00 2.245139683e-16 2.245139683e-16
1.688615848e-03 1.688615848e-03 0.000000000e+00 2.586818121e-01 7.099755066e-04 2.245139683e-16
2.245139683e-16 2.245139683e-16 7.022512972e-01 2.245139683e-16 6.667030305e-03 7.099755066e-04
1.688615848e-03 2.245139683e-16 7.099755066e-04 2.803140942e-03 7.099755066e-04 1.688615848e-03
2.245139683e-16 2.245139683e-16 2.245139683e-16 6.667030305e-03 2.245139683e-16 2.245139683e-16

2.637028946e-16 2.637028946e-16 1.539063691e-01 2.637028946e-16 2.637028946e-16 2.637028946e-16
2.637028946e-16 0.000000000e+00 2.637028946e-16 0.000000000e+00 2.637028946e-16 1.983363842e-03
4.717260785e-03 1.688447055e-01 0.000000000e+00 3.555245113e-01 1.670535670e-02 2.637028946e-16
2.637028946e-16 2.637028946e-16 2.802860742e-01 0.000000000e+00 1.983363842e-03 1.983363842e-03
2.637028946e-16 2.637028946e-16 2.637028946e-16 2.637028946e-16 2.637028946e-16 6.234869995e-03
2.637028946e-16 2.637028946e-16 2.637028946e-16 7.830760832e-03 2.637028946e-16 2.637028946e-16

2.048768240e-16 2.048768240e-16 2.048768240e-16 2.048768240e-16 2.048768240e-16 2.048768240e-16
2.048768240e-16 0.000000000e+00 0.000000000e+00 0.000000000e+00 2.048768240e-16 2.048768240e-16
2.048768240e-16 2.413369930e-01 0.000000000e+00 7.586630070e-01 2.048768240e-16 2.048768240e-16
2.048768240e-16 2.048768240e-16 2.048768240e-16 0.000000000e+00 2.048768240e-16 2.048768240e-16
2.048768240e-16 2.048768240e-16 0.000000000e+00 2.048768240e-16 2.048768240e-16 2.048768240e-16
2.048768240e-16 2.048768240e-16 2.048768240e-16 2.048768240e-16 2.048768240e-16 2.048768240e-16

1.773306804e-16 1.773306804e-16 0.000000000e+00 1.773306804e-16 1.773306804e-16 1.773306804e-16
1.773306804e-16 0.000000000e+00 0.000000000e+00 0.000000000e+00 1.773306804e-16 1.773306804e-16
1.773306804e-16 1.773306804e-16 0.000000000e+00 1.000000000e+00 1.773306804e-16 1.773306804e-16
1.773306804e-16 1.773306804e-16 0.000000000e+00 0.000000000e+00 1.773306804e-16 1.773306804e-16
1.773306804e-16 1.773306804e-16 0.000000000e+00 1.773306804e-16 1.773306804e-16 1.773306804e-16
1.773306804e-16 1.773306804e-16 1.773306804e-16 1.773306804e-16 1.773306804e-16 1.773306804e-16

1.801219558e-16 1.801219558e-16 0.000000000e+00 1.801219558e-16 1.801219558e-16 1.801219558e-16
1.801219558e-16 0.000000000e+00 0.000000000e+00 0.000000000e+00 1.801219558e-16 1.801219558e-16
1.801219558e-16 6.485436388e-03 0.000000000e+00 9.935145636e-01 1.801219558e-16 1.801219558e-16
1.801219558e-16 1.801219558e-16 0.000000000e+00 0.000000000e+00 0.000000000e+00 0.000000000e+00
1.801219558e-16 1.801219558e-16 0.000000000e+00 1.801219558e-16 1.801219558e-16 1.801219558e-16
1.801219558e-16 1.801219558e-16 1.801219558e-16 1.801219558e-16 1.801219558e-16 1.801219558e-16

