2.454900024e-16 2.454900024e-16 2.454900024e-16 2.454900024e-16 2.454900024e-16 2.454900024e-16
2.454900024e-16 2.454900024e-16 2.878223015e-02 7.763075505e-04 2.454900024e-16 2.454900024e-16
2.454900024e-16 1.733845389e-02 9.808110655e-02 2.454900024e-16 1.846380925e-03 2.454900024e-16
2.454900024e-16 2.454900024e-16 9.808110655e-02 6.802512666e-01 5.000130616e-02 2.454900024e-16
2.454900024e-16 2.454900024e-16 2.454900024e-16 2.484184161e-02 2.454900024e-16 2.454900024e-16
2.454900024e-16 2.454900024e-16 2.454900024e-16 2.454900024e-16 2.454900024e-16 2.454900024e-16

2.779612405e-16 2.779612405e-16 2.779612405e-16 2.779612405e-16 2.779612405e-16 2.779612405e-16
2.779612405e-16 2.779612405e-16 1.370210774e-02 3.258928803e-02 2.779612405e-16 2.779612405e-16
4.669262535e-02 2.504488405e-01 2.779612405e-16 0.000000000e+00 0.000000000e+00 2.779612405e-16
2.779612405e-16 2.779612405e-16 3.346237237e-01 1.529233675e-01 1.286697452e-01 2.779612405e-16
2.779612405e-16 2.779612405e-16 3.034208307e-02 1.000821880e-02 2.779612405e-16 2.779612405e-16
2.779612405e-16 2.779612405e-16 2.779612405e-16 2.779612405e-16 2.779612405e-16 2.779612405e-16

2.199569872e-16 2.199569872e-16 2.199569872e-16 2.199569872e-16 2.199569872e-16 2.199569872e-16
2.199569872e-16 2.199569872e-16 2.199569872e-16 2.199569872e-16 2.199569872e-16 2.199569872e-16
2.199569872e-16 4.490599725e-01 0.000000000e+00 0.000000000e+00 0.000000000e+00 2.199569872e-16
2.199569872e-16 4.083705805e-02 0.000000000e+00 5.101029694e-01 2.199569872e-16 2.199569872e-16
2.199569872e-16 2.199569872e-16 2.199569872e-16 2.199569872e-16 2.199569872e-16 2.199569872e-16
2.199569872e-16 2.199569872e-16 2.199569872e-16 2.199569872e-16 2.199569872e-16 2.199569872e-16

7.263250569e-04 7.263250569e-04 7.263250569e-04 7.263250569e-04 7.263250569e-04 7.263250569e-04
7.263250569e-04 7.263250569e-04 7.263250569e-04 0.000000000e+00 7.263250569e-04 8.269963195e-03
5.430546442e-03 9.416209809e-02 0.000000000e+00 0.000000000e+00 0.000000000e+00 7.263250569e-04
7.263250569e-04 8.023099104e-01 0.000000000e+00 0.000000000e+00 6.852681112e-02 7.263250569e-04
2.867692597e-03 7.263250569e-04 1.727501851e-03 7.263250569e-04 7.263250569e-04 7.263250569e-04
7.263250569e-04 7.263250569e-04 7.263250569e-04 7.263250569e-04 7.263250569e-04 7.263250569e-04

0.000000000e+00 0.000000000e+00 0.000000000e+00 0.000000000e+00 0.000000000e+00 0.000000000e+00
0.000000000e+00 0.000000000e+00 0.000000000e+00 0.000000000e+00 0.000000000e+00 0.000000000e+00
0.000000000e+00 0.000000000e+00 0.000000000e+00 0.000000000e+00 0.000000000e+00 0.000000000e+00
0.000000000e+00 0.000000000e+00 0.000000000e+00 0.000000000e+00 0.000000000e+00 0.000000000e+00
0.000000000e+00 0.000000000e+00 0.000000000e+00 0.000000000e+00 0.000000000e+00 0.000000000e+00
0.000000000e+00 0.000000000e+00 0.000000000e+00 0.000000000e+00 0.000000000e+00 0.000000000e+00

