2.554020676e-16 8.076522528e-04 2.554020676e-16 7.584264521e-03 8.076522528e-04 2.554020676e-16
2.554020676e-16 2.554020676e-16 8.076522528e-04 1.902209178e-01 8.076522528e-04 8.076522528e-04
8.076522528e-04 2.554020676e-16 2.618030028e-01 2.554020676e-16 4.812375630e-01 1.993671493e-02
8.076522528e-04 2.554020676e-16 6.038609059e-03 2.187179634e-02 8.076522528e-04 2.554020676e-16
8.076522528e-04 2.554020676e-16 2.554020676e-16 8.076522528e-04 2.554020676e-16 2.554020676e-16
8.076522528e-04 8.076522528e-04 8.076522528e-04 8.076522528e-04 2.554020676e-16 2.554020676e-16

2.611317070e-16 3.260327117e-03 2.611317070e-16 1.964025410e-03 2.611317070e-16 2.611317070e-16
2.611317070e-16 2.611317070e-16 2.611317070e-16 2.481410691e-01 1.654247413e-02 2.611317070e-16
2.611317070e-16 2.611317070e-16 2.611317070e-01 0.000000000e+00 2.611317070e-16 2.841772648e-01
2.611317070e-16 2.611317070e-16 0.000000000e+00 1.762029531e-01 7.754408409e-03 2.611317070e-16
2.611317070e-16 2.611317070e-16 2.611317070e-16 2.611317070e-16 2.611317070e-16 2.611317070e-16
2.611317070e-16 2.611317070e-16 8.257709635e-04 2.611317070e-16 2.611317070e-16 2.611317070e-16

1.943209706e-16 1.943209706e-16 1.943209706e-16 1.943209706e-16 1.943209706e-16 1.943209706e-16
1.943209706e-16 1.943209706e-16 1.943209706e-16 0.000000000e+00 9.037583100e-01 1.943209706e-16
1.943209706e-16 1.943209706e-16 1.943209706e-16 0.000000000e+00 0.000000000e+00 1.943209706e-16
1.943209706e-16 1.943209706e-16 0.000000000e+00 1.943209706e-16 9.624169001e-02 1.943209706e-16
1.943209706e-16 1.943209706e-16 1.943209706e-16 1.943209706e-16 1.943209706e-16 1.943209706e-16
1.943209706e-16 1.943209706e-16 1.943209706e-16 1.943209706e-16 1.943209706e-16 1.943209706e-16

1.808341644e-16 1.808341644e-16 1.808341644e-16 1.808341644e-16 8.914225591e-03 1.808341644e-16
1.808341644e-16 1.808341644e-16 1.808341644e-16 0.000000000e+00 1.808341644e-16 1.808341644e-16
1.808341644e-16 1.808341644e-16 1.808341644e-16 0.000000000e+00 0.000000000e+00 0.000000000e+00
1.808341644e-16 0.000000000e+00 0.000000000e+00 1.808341644e-16 9.910857744e-01 1.808341644e-16
1.808341644e-16 1.808341644e-16 1.808341644e-16 1.808341644e-16 1.808341644e-16 1.808341644e-16
1.808341644e-16 1.808341644e-16 1.808341644e-16 1.808341644e-16 1.808341644e-16 1.808341644e-16

