2.085954658e-16 2.085954658e-16 2.085954658e-16 2.085954658e-16 2.085954658e-16 2.085954658e-16
2.085954658e-16 2.085954658e-16 2.085954658e-16 2.085954658e-16 2.085954658e-16 2.085954658e-16
1.529055036e-01 2.085954658e-16 2.085954658e-16 0.000000000e+00 2.085954658e-16 2.085954658e-16
2.085954658e-16 2.277015651e-02 2.604392479e-03 2.085954658e-16 2.085954658e-16 2.085954658e-16
8.201510579e-01 2.085954658e-16 2.085954658e-16 2.085954658e-16 2.085954658e-16 2.085954658e-16
1.568889508e-03 2.085954658e-16 2.085954658e-16 2.085954658e-16 2.085954658e-16 2.085954658e-16

2.204214463e-16 2.204214463e-16 3.133487497e-02 6.970338157e-04 2.204214463e-16 6.970338157e-04
2.204214463e-16 2.204214463e-16 2.204214463e-16 2.204214463e-16 2.204214463e-16 2.204214463e-16
8.126466939e-01 2.204214463e-16 3.510861059e-02 0.000000000e+00 6.970338157e-04 2.204214463e-16
0.000000000e+00 2.752044273e-03 2.752044273e-03 6.970338157e-04 0.000000000e+00 6.970338157e-04
1.091685187e-01 2.204214463e-16 2.204214463e-16 2.204214463e-16 2.204214463e-16 2.204214463e-16
2.752044273e-03 2.204214463e-16 2.204214463e-16 2.204214463e-16 2.204214463e-16 2.204214463e-16

2.141679005e-16 2.141679005e-16 8.035168509e-01 2.141679005e-16 2.141679005e-16 2.141679005e-16
2.141679005e-16 1.371282486e-01 0.000000000e+00 2.337844015e-02 2.141679005e-16 2.141679005e-16
2.141679005e-16 0.000000000e+00 2.141679005e-16 0.000000000e+00 2.141679005e-16 2.141679005e-16
0.000000000e+00 2.141679005e-16 3.597646032e-02 2.141679005e-16 0.000000000e+00 2.141679005e-16
2.141679005e-16 2.141679005e-16 2.141679005e-16 2.141679005e-16 2.141679005e-16 2.141679005e-16
2.141679005e-16 2.141679005e-16 2.141679005e-16 2.141679005e-16 2.141679005e-16 2.141679005e-16

1.971075735e-03 8.287352598e-04 1.326480313e-01 2.860730647e-02 4.688034576e-03 1.971075735e-03
8.287352598e-04 2.651952831e-02 0.000000000e+00 1.185115434e-01 8.287352598e-04 3.272030817e-03
8.287352598e-04 0.000000000e+00 0.000000000e+00 0.000000000e+00 4.688034576e-03 3.272030817e-03
0.000000000e+00 6.196241303e-03 0.000000000e+00 6.389303618e-01 0.000000000e+00 8.287352598e-04
9.436009445e-03 3.272030817e-03 8.287352598e-04 8.287352598e-04 8.287352598e-04 3.272030817e-03
1.971075735e-03 8.287352598e-04 8.287352598e-04 8.287352598e-04 8.287352598e-04 8.287352598e-04

0.000000000e+00 0.000000000e+00 0.000000000e+00 0.000000000e+00 0.000000000e+00 0.000000000e+00
0.000000000e+00 0.000000000e+00 0.000000000e+00 0.000000000e+00 0.000000000e+00 0.000000000e+00
0.000000000e+00 0.000000000e+00 0.000000000e+00 0.000000000e+00 0.000000000e+00 0.000000000e+00
0.000000000e+00 0.000000000e+00 0.000000000e+00 0.000000000e+00 0.000000000e+00 0.000000000e+00
0.000000000e+00 0.000000000e+00 0.000000000e+00 0.000000000e+00 0.000000000e+00 0.000000000e+00
0.000000000e+00 0.000000000e+00 0.000000000e+00 0.000000000e+00 0.000000000e+00 0.000000000e+00

0.000000000e+00 0.000000000e+00 0.000000000e+00 0.000000000e+00 0.000000000e+00 0.000000000e+00
0.000000000e+00 0.000000000e+00 0.000000000e+00 0.000000000e+00 0.000000000e+00 0.000000000e+00
0.000000000e+00 0.000000000e+00 0.000000000e+00 0.000000000e+00 0.000000000e+00 0.000000000e+00
0.000000000e+00 0.000000000e+00 0.000000000e+00 0.000000000e+00 0.000000000e+00 0.000000000e+00
0.000000000e+00 0.000000000e+00 0.000000000e+00 0.000000000e+00 0.000000000e+00 0.000000000e+00
0.000000000e+00 0.000000000e+00 0.000000000e+00 0.000000000e+00 0.000000000e+00 0.000000000e+00

