2.983426995e-16 2.243896957e-03 3.724920288e-03 2.243896957e-03 2.983426995e-16 2.983426995e-16
2.983426995e-16 2.983426995e-16 2.983426995e-16 2.243896957e-03 2.983426995e-16 2.243896957e-03
5.336916453e-03 2.983426995e-16 2.554909138e-02 3.552938707e-01 2.328866562e-02 5.806576073e-02
5.336916453e-03 2.983426995e-16 2.243896957e-03 0.000000000e+00 2.983426995e-16 1.038845552e-01
2.983426995e-16 2.983426995e-16 5.336916453e-03 4.241207624e-02 1.542696270e-01 1.876189834e-01
2.983426995e-16 2.983426995e-16 2.243896957e-03 3.724920288e-03 1.269339804e-02 2.983426995e-16

2.279203939e-16 2.279203939e-16 2.279203939e-16 2.279203939e-16 2.279203939e-16 2.279203939e-16
2.279203939e-16 2.279203939e-16 2.279203939e-16 2.279203939e-16 2.279203939e-16 2.845671440e-03
1.714236277e-03 2.279203939e-16 2.306392224e-02 8.144846392e-01 0.000000000e+00 2.845671440e-03
1.714236277e-03 1.714236277e-03 1.153634350e-01 0.000000000e+00 0.000000000e+00 2.845671440e-03
1.714236277e-03 4.077163954e-03 2.279203939e-16 5.388845002e-03 6.768185447e-03 2.845671440e-03
2.279203939e-16 2.279203939e-16 2.845671440e-03 2.845671440e-03 4.077163954e-03 2.845671440e-03

8.487025495e-04 8.487025495e-04 8.487025495e-04 8.487025495e-04 8.487025495e-04 8.487025495e-04
8.487025495e-04 8.487025495e-04 8.487025495e-04 2.018566221e-03 8.487025495e-04 4.800986623e-03
8.487025495e-04 8.487025495e-04 1.904462814e-01 0.000000000e+00 0.000000000e+00 2.018566221e-03
8.487025495e-04 3.350866110e-03 2.954848380e-01 0.000000000e+00 0.000000000e+00 3.350866110e-03
8.487025495e-04 9.617702793e-02 0.000000000e+00 8.487025495e-04 3.797282613e-01 8.487025495e-04
8.487025495e-04 8.487025495e-04 4.800986623e-03 8.487025495e-04 8.487025495e-04 8.487025495e-04

0.000000000e+00 0.000000000e+00 0.000000000e+00 0.000000000e+00 0.000000000e+00 0.000000000e+00
0.000000000e+00 0.000000000e+00 0.000000000e+00 0.000000000e+00 0.000000000e+00 0.000000000e+00
0.000000000e+00 0.000000000e+00 0.000000000e+00 0.000000000e+00 0.000000000e+00 0.000000000e+00
0.000000000e+00 0.000000000e+00 0.000000000e+00 0.000000000e+00 0.000000000e+00 0.000000000e+00
0.000000000e+00 0.000000000e+00 0.000000000e+00 0.000000000e+00 0.000000000e+00 0.000000000e+00
0.000000000e+00 0.000000000e+00 0.000000000e+00 0.000000000e+00 0.000000000e+00 0.000000000e+00

