2.554020676e-16 8.076522528e-04 2.554020676e-16 7.584264521e-03 8.076522528e-04 2.554020676e-16
2.554020676e-16 2.554020676e-16 8.076522528e-04 1.902209178e-01 8.076522528e-04 8.076522528e-04
8.076522528e-04 2.554020676e-16 2.618030028e-01 2.554020676e-16 4.812375630e-01 1.993671493e-02
8.076522528e-04 2.554020676e-16 6.038609059e-03 2.187179634e-02 8.076522528e-04 2.554020676e-16
8.076522528e-04 2.554020676e-16 2.554020676e-16 8.076522528e-04 2.554020676e-16 2.554020676e-16
8.076522528e-04 8.076522528e-04 8.076522528e-04 8.076522528e-04 2.554020676e-16 2.554020676e-16

2.625268172e-16 2.625268172e-16 2.625268172e-16 1.116956236e-02 8.301826893e-04 2.625268172e-16
2.625268172e-16 2.625268172e-16 1.974518322e-03 2.625268172e-16 2.625268172e-16 2.625268172e-16
2.625268172e-16 6.072615596e-02 3.366072468e-01 0.000000000e+00 2.625268172e-16 1.974518322e-03
2.625268172e-16 0.000000000e+00 2.625268172e-16 4.576984285e-01 8.301826893e-04 2.625268172e-16
1.294126738e-02 8.301826893e-04 5.109499706e-02 4.409991226e-02 2.625268172e-16 2.625268172e-16
2.625268172e-16 2.625268172e-16 9.452489929e-03 2.625268172e-16 7.795836753e-03 1.974518322e-03

1.988135778e-16 1.988135778e-16 1.988135778e-16 1.988135778e-16 1.988135778e-16 1.988135778e-16
1.988135778e-16 1.988135778e-16 9.800521318e-03 1.988135778e-16 1.988135778e-16 1.988135778e-16
1.988135778e-16 1.988135778e-16 9.381907880e-01 0.000000000e+00 1.988135778e-16 1.988135778e-16
1.988135778e-16 0.000000000e+00 0.000000000e+00 9.800521318e-03 1.988135778e-16 1.988135778e-16
7.158443325e-03 0.000000000e+00 2.659093053e-02 1.988135778e-16 1.988135778e-16 1.988135778e-16
1.988135778e-16 8.458795481e-03 1.988135778e-16 1.988135778e-16 1.988135778e-16 1.988135778e-16

1.773306804e-16 1.773306804e-16 1.773306804e-16 1.773306804e-16 1.773306804e-16 1.773306804e-16
1.773306804e-16 1.773306804e-16 1.000000000e+00 1.773306804e-16 1.773306804e-16 1.773306804e-16
1.773306804e-16 0.000000000e+00 1.773306804e-16 0.000000000e+00 1.773306804e-16 1.773306804e-16
1.773306804e-16 0.000000000e+00 0.000000000e+00 1.773306804e-16 1.773306804e-16 1.773306804e-16
1.773306804e-16 0.000000000e+00 1.773306804e-16 0.000000000e+00 1.773306804e-16 1.773306804e-16
1.773306804e-16 1.773306804e-16 1.773306804e-16 1.773306804e-16 1.773306804e-16 1.773306804e-16

0.000000000e+00 0.000000000e+00 0.000000000e+00 0.000000000e+00 0.000000000e+00 0.000000000e+00
0.000000000e+00 0.000000000e+00 0.000000000e+00 0.000000000e+00 0.000000000e+00 0.000000000e+00
0.000000000e+00 0.000000000e+00 0.000000000e+00 0.000000000e+00 0.000000000e+00 0.000000000e+00
0.000000000e+00 0.000000000e+00 0.000000000e+00 0.000000000e+00 0.000000000e+00 0.000000000e+00
0.000000000e+00 0.000000000e+00 0.000000000e+00 0.000000000e+00 0.000000000e+00 0.000000000e+00
0.000000000e+00 0.000000000e+00 0.000000000e+00 0.000000000e+00 0.000000000e+00 0.000000000e+00

