2.139758137e-16 2.139758137e-16 2.139758137e-16 2.139758137e-16 2.139758137e-16 2.139758137e-16
2.139758137e-16 2.139758137e-16 1.609356214e-03 1.609356214e-03 5.059145759e-03 2.139758137e-16
2.139758137e-16 6.766509357e-04 2.671568137e-03 2.139758137e-16 0.000000000e+00 2.139758137e-16
2.139758137e-16 2.139758137e-16 2.139758137e-16 3.056182171e-01 6.827557056e-01 2.139758137e-16
2.139758137e-16 2.139758137e-16 2.139758137e-16 2.139758137e-16 2.139758137e-16 2.139758137e-16
2.139758137e-16 2.139758137e-16 2.139758137e-16 2.139758137e-16 2.139758137e-16 2.139758137e-16

2.212044133e-16 2.212044133e-16 2.212044133e-16 2.212044133e-16 2.212044133e-16 2.212044133e-16
2.212044133e-16 2.212044133e-16 2.212044133e-16 8.837823705e-02 2.577162728e-01 2.212044133e-16
2.212044133e-16 2.212044133e-16 2.212044133e-16 0.000000000e+00 0.000000000e+00 2.212044133e-16
2.212044133e-16 2.212044133e-16 2.212044133e-16 2.212044133e-16 0.000000000e+00 2.212044133e-16
2.212044133e-16 2.212044133e-16 2.212044133e-16 6.539054902e-01 2.212044133e-16 2.212044133e-16
2.212044133e-16 2.212044133e-16 2.212044133e-16 2.212044133e-16 2.212044133e-16 2.212044133e-16

2.105974467e-16 2.105974467e-16 2.105974467e-16 2.105974467e-16 2.105974467e-16 2.105974467e-16
2.105974467e-16 2.105974467e-16 2.105974467e-16 3.379824667e-01 2.629387960e-03 2.105974467e-16
2.105974467e-16 2.105974467e-16 2.105974467e-16 0.000000000e+00 0.000000000e+00 2.105974467e-16
2.105974467e-16 2.105974467e-16 2.105974467e-16 0.000000000e+00 0.000000000e+00 2.105974467e-16
2.105974467e-16 2.105974467e-16 2.105974467e-16 6.587221777e-01 0.000000000e+00 2.105974467e-16
2.105974467e-16 2.105974467e-16 2.105974467e-16 2.105974467e-16 6.659676012e-04 2.105974467e-16

8.237706226e-04 8.237706226e-04 8.237706226e-04 8.237706226e-04 8.237706226e-04 8.237706226e-04
8.237706226e-04 8.237706226e-04 3.169849384e-01 4.002489404e-01 8.237706226e-04 8.237706226e-04
8.237706226e-04 8.237706226e-04 1.959267771e-03 0.000000000e+00 0.000000000e+00 0.000000000e+00
8.237706226e-04 8.237706226e-04 1.970919034e-01 0.000000000e+00 0.000000000e+00 0.000000000e+00
8.237706226e-04 8.237706226e-04 1.959267771e-03 5.783728104e-02 0.000000000e+00 8.237706226e-04
8.237706226e-04 8.237706226e-04 8.237706226e-04 4.659950347e-03 8.237706226e-04 1.959267771e-03

7.569441528e-04 7.569441528e-04 7.569441528e-04 1.082452070e-01 7.569441528e-04 7.569441528e-04
7.569441528e-04 7.569441528e-04 7.569441528e-04 7.113137676e-01 0.000000000e+00 7.569441528e-04
7.569441528e-04 7.569441528e-04 7.569441528e-04 0.000000000e+00 0.000000000e+00 0.000000000e+00
7.569441528e-04 7.569441528e-04 1.290405282e-01 0.000000000e+00 0.000000000e+00 0.000000000e+00
7.569441528e-04 7.569441528e-04 8.618593321e-03 0.000000000e+00 0.000000000e+00 7.569441528e-04
7.569441528e-04 7.569441528e-04 2.612913244e-02 7.569441528e-04 7.569441528e-04 7.569441528e-04

