2.506265664e-13 2.506265664e-13 2.506265664e-13 2.506265664e-13 2.506265664e-13 2.506265664e-13
2.506265664e-13 0.000000000e+00 2.506265664e-13 2.807017544e-01 2.506265664e-13 2.506265664e-13
2.506265664e-13 2.506265664e-13 7.769423559e-02 1.303258145e-01 1.754385965e-02 2.506265664e-13
2.506265664e-13 3.759398496e-01 4.511278195e-02 2.506265664e-13 2.506265664e-13 2.506265664e-13
2.506265664e-13 2.506265664e-13 6.265664160e-02 1.002506266e-02 2.506265664e-13 2.506265664e-13
2.506265664e-13 2.506265664e-13 2.506265664e-13 2.506265664e-13 2.506265664e-13 2.506265664e-13

2.506265664e-13 2.506265664e-13 2.506265664e-13 2.506265664e-13 2.506265664e-13 2.506265664e-13
2.506265664e-13 0.000000000e+00 2.506265664e-13 5.012531329e-03 2.506265664e-13 2.506265664e-13
2.506265664e-13 0.000000000e+00 2.506265664e-13 2.506265664e-13 2.506265664e-13 2.506265664e-13
2.506265664e-13 9.548872180e-01 2.506265664e-02 0.000000000e+00 2.506265664e-13 2.506265664e-13
2.506265664e-13 2.506265664e-13 2.506265664e-13 2.506265664e-13 1.503759399e-02 2.506265664e-13
2.506265664e-13 2.506265664e-13 2.506265664e-13 2.506265664e-13 2.506265664e-13 2.506265664e-13

5.012531329e-03 2.506265664e-03 2.506265664e-03 5.012531329e-03 2.506265664e-03 2.506265664e-03
2.506265664e-03 0.000000000e+00 0.000000000e+00 2.957393484e-01 2.506265664e-03 2.506265664e-03
5.012531329e-03 0.000000000e+00 0.000000000e+00 1.503759398e-01 2.506265664e-03 2.506265664e-03
2.506265664e-03 2.907268170e-01 9.774436090e-02 0.000000000e+00 5.012531329e-03 5.012531329e-03
2.506265664e-03 2.506265664e-03 7.518796993e-03 2.506265664e-03 8.270676692e-02 2.506265664e-03
2.506265664e-03 2.506265664e-03 2.506265664e-03 2.506265664e-03 2.506265664e-03 2.506265664e-03

