2.664219589e-16 6.663654048e-02 3.326377892e-03 6.299158303e-03 1.687760714e-02 2.664219589e-16
1.313327850e-02 0.000000000e+00 6.663654048e-02 8.425002089e-04 2.664219589e-16 2.664219589e-16
2.003814486e-03 2.664219589e-16 6.021387173e-01 8.425002089e-04 2.664219589e-16 2.664219589e-16
2.664219589e-16 1.313327850e-02 1.614966510e-01 8.425002089e-04 2.664219589e-16 2.664219589e-16
2.003814486e-03 4.765900887e-03 2.664219589e-16 2.664219589e-16 2.664219589e-16 2.664219589e-16
2.664219589e-16 2.664219589e-16 3.326377892e-03 1.687760714e-02 1.881683492e-02 2.664219589e-16

2.724806123e-16 1.726141774e-02 7.335346981e-02 3.644375355e-02 6.442406316e-03 2.724806123e-16
8.616593531e-04 0.000000000e+00 2.724806123e-16 5.760031274e-01 2.724806123e-16 8.616593531e-04
6.815190994e-02 0.000000000e+00 0.000000000e+00 2.757309929e-02 2.724806123e-16 8.616593531e-04
2.724806123e-16 4.816822217e-02 1.319989997e-01 8.616593531e-04 2.724806123e-16 8.616593531e-04
8.616593531e-04 8.616593531e-04 8.616593531e-04 2.724806123e-16 2.724806123e-16 8.616593531e-04
8.616593531e-04 2.724806123e-16 8.616593531e-04 3.402022447e-03 8.616593531e-04 8.616593531e-04

2.448611722e-16 1.841651363e-03 1.841651363e-03 1.041795334e-02 3.057183399e-03 2.448611722e-16
7.743190147e-04 0.000000000e+00 0.000000000e+00 3.728893405e-01 2.448611722e-16 2.448611722e-16
1.841651363e-03 0.000000000e+00 0.000000000e+00 2.448611722e-16 0.000000000e+00 2.448611722e-16
2.448611722e-16 3.057183399e-03 2.357135735e-01 3.662425357e-01 7.743190147e-04 2.448611722e-16
2.448611722e-16 2.448611722e-16 2.448611722e-16 2.448611722e-16 2.448611722e-16 2.448611722e-16
7.743190147e-04 2.448611722e-16 2.448611722e-16 7.743190147e-04 2.448611722e-16 2.448611722e-16

1.855245155e-16 1.395368134e-03 1.855245155e-16 6.679959912e-03 1.855245155e-16 1.855245155e-16
1.855245155e-16 0.000000000e+00 0.000000000e+00 9.843075173e-01 1.855245155e-16 1.855245155e-16
2.316343028e-03 0.000000000e+00 0.000000000e+00 0.000000000e+00 0.000000000e+00 1.855245155e-16
1.855245155e-16 3.318763426e-03 0.000000000e+00 1.395368134e-03 5.866800309e-04 1.855245155e-16
1.855245155e-16 1.855245155e-16 1.855245155e-16 1.855245155e-16 1.855245155e-16 1.855245155e-16
1.855245155e-16 1.855245155e-16 1.855245155e-16 1.855245155e-16 1.855245155e-16 1.855245155e-16

8.127113557e-04 1.026804763e-01 1.932964253e-03 6.925109902e-01 1.628085410e-02 3.208764885e-03
8.127113557e-04 0.000000000e+00 0.000000000e+00 0.000000000e+00 8.127113557e-04 1.628085410e-02
1.026804763e-01 0.000000000e+00 0.000000000e+00 0.000000000e+00 0.000000000e+00 1.932964253e-03
1.093449705e-02 3.208764885e-03 0.000000000e+00 9.253560697e-03 8.127113557e-04 3.208764885e-03
8.127113557e-04 8.127113557e-04 0.000000000e+00 8.127113557e-04 8.127113557e-04 3.208764885e-03
8.127113557e-04 8.127113557e-04 1.445227870e-02 6.076434675e-03 8.127113557e-04 3.208764885e-03

2.019130809e-16 6.385052250e-04 6.385052250e-04 2.204071136e-02 6.385052250e-04 6.385052250e-04
2.019130809e-16 0.000000000e+00 0.000000000e+00 0.000000000e+00 0.000000000e+00 6.385052250e-04
2.204071136e-02 0.000000000e+00 0.000000000e+00 0.000000000e+00 0.000000000e+00 6.385052250e-04
6.385052250e-04 2.019130809e-16 0.000000000e+00 0.000000000e+00 6.385052250e-04 6.385052250e-04
6.385052250e-04 9.390681004e-01 0.000000000e+00 6.385052250e-04 6.385052250e-04 6.385052250e-04
2.019130809e-16 6.385052250e-04 6.385052250e-04 5.995888091e-03 6.385052250e-04 6.385052250e-04

1.919160327e-16 1.919160327e-16 1.919160327e-16 1.919160327e-16 1.919160327e-16 1.919160327e-16
1.919160327e-16 0.000000000e+00 0.000000000e+00 0.000000000e+00 0.000000000e+00 1.919160327e-16
1.919160327e-16 0.000000000e+00 0.000000000e+00 0.000000000e+00 0.000000000e+00 1.919160327e-16
1.919160327e-16 0.000000000e+00 0.000000000e+00 0.000000000e+00 0.000000000e+00 1.919160327e-16
7.468503345e-02 1.919160327e-16 0.000000000e+00 1.919160327e-16 1.919160327e-16 1.919160327e-16
1.919160327e-16 9.253149666e-01 1.919160327e-16 1.919160327e-16 1.919160327e-16 1.919160327e-16

