2.554020676e-16 8.076522528e-04 2.554020676e-16 7.584264521e-03 8.076522528e-04 2.554020676e-16
2.554020676e-16 2.554020676e-16 8.076522528e-04 1.902209178e-01 8.076522528e-04 8.076522528e-04
8.076522528e-04 2.554020676e-16 2.618030028e-01 2.554020676e-16 4.812375630e-01 1.993671493e-02
8.076522528e-04 2.554020676e-16 6.038609059e-03 2.187179634e-02 8.076522528e-04 2.554020676e-16
8.076522528e-04 2.554020676e-16 2.554020676e-16 8.076522528e-04 2.554020676e-16 2.554020676e-16
8.076522528e-04 8.076522528e-04 8.076522528e-04 8.076522528e-04 2.554020676e-16 2.554020676e-16

2.261510049e-16 7.151522706e-04 1.700928337e-03 1.936683116e-02 2.261510049e-16 2.261510049e-16
1.700928337e-03 7.151522706e-04 2.261510049e-16 1.525991438e-01 1.700928337e-03 2.261510049e-16
2.261510049e-16 2.261510049e-16 7.790922277e-01 0.000000000e+00 2.468650867e-02 7.151522706e-04
2.261510049e-16 2.261510049e-16 6.715642746e-03 6.715642746e-03 7.151522706e-04 7.151522706e-04
7.151522706e-04 2.261510049e-16 2.261510049e-16 7.151522706e-04 0.000000000e+00 2.261510049e-16
7.151522706e-04 2.261510049e-16 2.261510049e-16 2.261510049e-16 2.261510049e-16 2.261510049e-16

2.055546912e-16 2.055546912e-16 2.055546912e-16 2.055546912e-16 2.055546912e-16 2.055546912e-16
2.055546912e-16 0.000000000e+00 0.000000000e+00 2.055546912e-16 2.055546912e-16 2.055546912e-16
2.055546912e-16 2.554824631e-01 2.055546912e-16 0.000000000e+00 2.055546912e-16 2.055546912e-16
2.055546912e-16 2.055546912e-16 7.445175369e-01 2.055546912e-16 2.055546912e-16 2.055546912e-16
2.055546912e-16 2.055546912e-16 2.055546912e-16 2.055546912e-16 0.000000000e+00 2.055546912e-16
2.055546912e-16 2.055546912e-16 2.055546912e-16 2.055546912e-16 2.055546912e-16 2.055546912e-16

1.773306804e-16 1.773306804e-16 1.773306804e-16 1.773306804e-16 1.773306804e-16 1.773306804e-16
1.773306804e-16 0.000000000e+00 0.000000000e+00 1.773306804e-16 1.773306804e-16 1.773306804e-16
1.773306804e-16 1.773306804e-16 0.000000000e+00 0.000000000e+00 1.773306804e-16 1.773306804e-16
1.773306804e-16 1.773306804e-16 1.000000000e+00 1.773306804e-16 1.773306804e-16 1.773306804e-16
1.773306804e-16 1.773306804e-16 1.773306804e-16 1.773306804e-16 0.000000000e+00 1.773306804e-16
0.000000000e+00 1.773306804e-16 1.773306804e-16 1.773306804e-16 1.773306804e-16 1.773306804e-16

