2.506265664e-13 2.506265664e-13 2.506265664e-13 2.506265664e-13 2.506265664e-13 2.506265664e-13
2.506265664e-13 1.002506266e-02 0.000000000e+00 3.383458647e-01 2.506265664e-13 2.506265664e-13
2.506265664e-13 2.506265664e-13 2.506265664e-13 2.030075188e-01 5.012531329e-03 2.506265664e-13
2.506265664e-13 5.012531329e-03 7.518796993e-03 4.285714286e-01 2.506265664e-13 2.506265664e-13
2.506265664e-13 2.506265664e-13 2.506265664e-03 2.506265664e-13 2.506265664e-13 2.506265664e-13
2.506265664e-13 2.506265664e-13 2.506265664e-13 2.506265664e-13 2.506265664e-13 2.506265664e-13

5.012531329e-03 2.506265664e-13 2.506265664e-13 2.506265664e-13 2.506265664e-13 2.506265664e-13
2.506265664e-13 2.506265664e-13 0.000000000e+00 2.506265664e-13 2.506265664e-13 2.506265664e-13
2.506265664e-13 0.000000000e+00 0.000000000e+00 2.506265664e-03 2.506265664e-13 2.506265664e-13
2.506265664e-13 2.506265664e-13 5.012531329e-03 9.874686717e-01 2.506265664e-13 2.506265664e-13
2.506265664e-13 2.506265664e-13 2.506265664e-13 2.506265664e-13 2.506265664e-13 2.506265664e-13
2.506265664e-13 2.506265664e-13 2.506265664e-13 2.506265664e-13 2.506265664e-13 2.506265664e-13

2.506265664e-02 2.506265664e-13 1.002506266e-02 2.506265664e-13 2.506265664e-13 2.506265664e-13
2.506265664e-13 0.000000000e+00 0.000000000e+00 1.754385965e-02 2.506265664e-13 2.506265664e-13
2.506265664e-13 0.000000000e+00 0.000000000e+00 2.380952381e-01 2.506265664e-13 2.506265664e-13
7.518796993e-03 0.000000000e+00 2.055137845e-01 4.486215539e-01 2.506265664e-13 2.506265664e-13
2.506265664e-13 7.518796993e-03 2.506265664e-02 2.506265664e-13 7.518796993e-03 2.506265664e-13
2.506265664e-13 7.518796993e-03 2.506265664e-13 2.506265664e-13 2.506265664e-13 2.506265664e-13

5.764411028e-02 2.506265664e-13 2.506265664e-03 2.506265664e-13 2.506265664e-13 2.506265664e-13
2.506265664e-13 0.000000000e+00 0.000000000e+00 2.506265664e-13 2.506265664e-13 2.506265664e-13
0.000000000e+00 0.000000000e+00 0.000000000e+00 2.506265664e-03 2.506265664e-13 2.506265664e-13
2.506265664e-13 0.000000000e+00 0.000000000e+00 1.002506266e-01 2.506265664e-13 2.506265664e-13
8.295739348e-01 2.506265664e-13 2.506265664e-13 2.506265664e-03 2.506265664e-03 2.506265664e-13
2.506265664e-13 2.506265664e-03 2.506265664e-13 2.506265664e-13 2.506265664e-13 2.506265664e-13

