3.061815931e-16 3.061815931e-16 9.682312118e-04 9.682312118e-04 3.061815931e-16 3.061815931e-16
3.061815931e-16 3.061815931e-16 3.061815931e-16 9.092182437e-03 3.061815931e-16 3.061815931e-16
9.682312118e-04 3.061815931e-16 0.000000000e+00 1.319598455e-01 1.097223054e-01 3.061815931e-16
3.061815931e-16 3.061815931e-16 1.684490982e-01 3.061815931e-16 2.030694997e-01 9.682312118e-04
1.509323087e-02 3.061815931e-16 9.682312118e-04 1.128482219e-01 1.066141007e-01 8.835502080e-02
3.061815931e-16 3.061815931e-16 3.061815931e-16 4.613254663e-02 3.822791809e-03 3.061815931e-16

8.963152363e-04 8.963152363e-04 8.416854930e-03 8.963152363e-04 2.131808912e-03 8.963152363e-04
8.963152363e-04 8.963152363e-04 2.212534082e-02 0.000000000e+00 8.963152363e-04 8.963152363e-04
8.963152363e-04 4.029349113e-02 0.000000000e+00 6.701519480e-03 8.963152363e-04 8.963152363e-04
6.293066881e-02 8.963152363e-04 6.322702974e-01 0.000000000e+00 4.514613480e-02 2.131808912e-03
3.538851569e-03 5.010554493e-02 6.701519480e-03 2.212534082e-02 6.701519480e-03 2.131808912e-03
8.963152363e-04 5.070324653e-03 5.070324653e-03 6.031957547e-02 3.538851569e-03 8.963152363e-04

2.340665915e-03 4.424111407e-02 1.957101275e-01 2.340665915e-03 7.358078923e-03 9.241468751e-03
3.885558972e-03 5.567073120e-03 3.112088483e-16 0.000000000e+00 9.841287887e-04 2.340665915e-03
1.750055962e-02 2.028265821e-01 0.000000000e+00 3.625767825e-01 1.324080593e-02 2.340665915e-03
2.905132937e-02 0.000000000e+00 0.000000000e+00 0.000000000e+00 1.120532575e-02 7.358078923e-03
3.885558972e-03 1.750055962e-02 9.241468751e-03 9.841287887e-04 2.340665915e-03 3.885558972e-03
2.340665915e-03 1.534104957e-02 7.358078923e-03 9.241468751e-03 3.885558972e-03 3.885558972e-03

1.028872656e-03 1.028872656e-03 6.040575409e-02 1.171478103e-02 1.028872656e-03 1.171478103e-02
1.028872656e-03 1.028872656e-03 0.000000000e+00 0.000000000e+00 1.028872656e-03 7.692617362e-03
4.902188156e-02 1.862458450e-01 0.000000000e+00 8.447151273e-02 1.028872656e-03 1.028872656e-03
9.072766864e-02 0.000000000e+00 0.000000000e+00 0.000000000e+00 2.297937344e-02 2.297937344e-02
1.028872656e-03 1.972218956e-01 0.000000000e+00 1.384280525e-02 4.062217696e-03 1.028872656e-03
1.028872656e-03 4.351601522e-02 1.028872656e-03 1.789992607e-01 1.028872656e-03 1.028872656e-03

8.344027000e-04 8.344027000e-04 4.898830190e-02 4.720094459e-03 8.344027000e-04 8.344027000e-04
8.344027000e-04 8.344027000e-04 0.000000000e+00 0.000000000e+00 8.344027000e-04 8.344027000e-04
6.850532751e-02 0.000000000e+00 0.000000000e+00 8.344027000e-04 8.344027000e-04 8.344027000e-04
1.984555255e-03 0.000000000e+00 0.000000000e+00 0.000000000e+00 3.529093748e-02 8.344027000e-04
8.344027000e-04 3.245100937e-01 0.000000000e+00 4.785287615e-01 8.344027000e-04 8.344027000e-04
8.344027000e-04 1.122633983e-02 0.000000000e+00 1.122633983e-02 8.344027000e-04 8.344027000e-04

7.156233182e-04 7.156233182e-04 1.702048683e-03 1.702048683e-03 7.156233182e-04 7.156233182e-04
7.156233182e-04 1.702048683e-03 0.000000000e+00 0.000000000e+00 7.156233182e-04 7.156233182e-04
6.619489339e-01 0.000000000e+00 0.000000000e+00 0.000000000e+00 7.156233182e-04 7.156233182e-04
7.156233182e-04 0.000000000e+00 0.000000000e+00 0.000000000e+00 8.148112814e-03 7.156233182e-04
7.156233182e-04 3.081037224e-01 0.000000000e+00 0.000000000e+00 7.156233182e-04 7.156233182e-04
7.156233182e-04 2.825439756e-03 0.000000000e+00 1.702048683e-03 7.156233182e-04 7.156233182e-04

0.000000000e+00 0.000000000e+00 0.000000000e+00 0.000000000e+00 0.000000000e+00 0.000000000e+00
0.000000000e+00 0.000000000e+00 0.000000000e+00 0.000000000e+00 0.000000000e+00 0.000000000e+00
0.000000000e+00 0.000000000e+00 0.000000000e+00 0.000000000e+00 0.000000000e+00 0.000000000e+00
0.000000000e+00 0.000000000e+00 0.000000000e+00 0.000000000e+00 0.000000000e+00 0.000000000e+00
0.000000000e+00 0.000000000e+00 0.000000000e+00 0.000000000e+00 0.000000000e+00 0.000000000e+00
0.000000000e+00 0.000000000e+00 0.000000000e+00 0.000000000e+00 0.000000000e+00 0.000000000e+00

