2.464722198e-16 2.464722198e-16 2.464722198e-16 2.464722198e-16 2.464722198e-16 2.464722198e-16
2.464722198e-16 2.464722198e-16 7.794135947e-04 8.874431194e-03 2.464722198e-16 2.464722198e-16
2.464722198e-16 2.464722198e-16 2.464722198e-16 2.281275800e-01 1.923964998e-02 2.464722198e-16
2.464722198e-16 3.713610299e-02 5.752422274e-01 1.167404434e-01 2.464722198e-16 2.464722198e-16
2.464722198e-16 2.464722198e-16 1.386015147e-02 2.464722198e-16 2.464722198e-16 2.464722198e-16
2.464722198e-16 2.464722198e-16 2.464722198e-16 2.464722198e-16 2.464722198e-16 2.464722198e-16

1.310201626e-02 2.068222592e-16 2.068222592e-16 2.068222592e-16 2.068222592e-16 2.068222592e-16
2.068222592e-16 2.068222592e-16 2.068222592e-16 1.614456947e-02 2.068222592e-16 2.068222592e-16
2.068222592e-16 3.699749047e-03 0.000000000e+00 7.446802361e-03 2.068222592e-16 2.068222592e-16
2.068222592e-16 5.567783417e-02 2.068222592e-16 8.990390183e-01 2.068222592e-16 2.068222592e-16
2.068222592e-16 2.068222592e-16 2.068222592e-16 0.000000000e+00 4.890010405e-03 2.068222592e-16
2.068222592e-16 2.068222592e-16 2.068222592e-16 2.068222592e-16 2.068222592e-16 2.068222592e-16

1.844392246e-16 1.844392246e-16 1.844392246e-16 1.844392246e-16 1.844392246e-16 1.844392246e-16
1.844392246e-16 0.000000000e+00 1.844392246e-16 1.844392246e-16 1.844392246e-16 1.844392246e-16
1.844392246e-16 1.844392246e-16 0.000000000e+00 9.753316113e-01 1.844392246e-16 1.844392246e-16
1.844392246e-16 2.466838867e-02 1.844392246e-16 0.000000000e+00 1.844392246e-16 1.844392246e-16
1.844392246e-16 1.844392246e-16 1.844392246e-16 0.000000000e+00 1.844392246e-16 1.844392246e-16
1.844392246e-16 1.844392246e-16 1.844392246e-16 1.844392246e-16 1.844392246e-16 1.844392246e-16

5.594599924e-03 2.515029905e-01 2.366227676e-16 2.366227676e-16 2.366227676e-16 2.366227676e-16
2.366227676e-16 0.000000000e+00 2.366227676e-16 1.847080060e-02 2.366227676e-16 2.366227676e-16
2.366227676e-16 0.000000000e+00 0.000000000e+00 1.931213047e-01 2.366227676e-16 2.366227676e-16
2.366227676e-16 2.366227676e-16 0.000000000e+00 0.000000000e+00 2.366227676e-16 2.366227676e-16
2.366227676e-16 5.313103042e-01 2.366227676e-16 0.000000000e+00 2.366227676e-16 2.366227676e-16
2.366227676e-16 2.366227676e-16 2.366227676e-16 2.366227676e-16 2.366227676e-16 2.366227676e-16

