2.506265664e-13 2.506265664e-13 2.506265664e-13 2.506265664e-13 2.506265664e-13 2.506265664e-13
2.506265664e-13 2.506265664e-03 7.518796993e-03 3.884711779e-01 2.506265664e-13 2.506265664e-13
2.506265664e-03 2.506265664e-13 2.506265664e-13 2.255639098e-02 2.756892231e-02 2.506265664e-13
2.506265664e-13 4.711779449e-01 6.265664160e-02 0.000000000e+00 2.506265664e-03 2.506265664e-13
2.506265664e-13 2.506265664e-13 1.253132832e-02 2.506265664e-13 2.506265664e-13 2.506265664e-13
2.506265664e-13 2.506265664e-13 2.506265664e-13 2.506265664e-13 2.506265664e-13 2.506265664e-13

2.506265664e-13 2.506265664e-13 1.002506266e-02 2.506265664e-13 2.506265664e-03 2.506265664e-13
2.506265664e-13 2.506265664e-13 7.518796993e-03 1.303258145e-01 2.506265664e-13 2.506265664e-03
2.756892231e-02 2.506265664e-13 0.000000000e+00 2.506265664e-13 0.000000000e+00 2.506265664e-13
2.506265664e-13 5.513784461e-02 4.736842105e-01 0.000000000e+00 2.506265664e-03 2.506265664e-13
5.012531328e-02 1.253132832e-01 2.506265664e-13 3.508771930e-02 5.012531329e-03 2.506265664e-13
2.506265664e-13 2.506265664e-13 7.518796993e-03 6.015037594e-02 5.012531329e-03 2.506265664e-13

2.506265664e-03 2.506265664e-03 5.012531329e-03 2.506265664e-03 7.518796993e-03 2.506265664e-03
2.506265664e-03 7.518796993e-03 2.506265664e-03 2.706766917e-01 2.506265664e-03 2.506265664e-03
5.764411028e-02 2.506265664e-03 0.000000000e+00 2.506265664e-03 0.000000000e+00 2.506265664e-03
2.506265664e-03 2.255639098e-02 0.000000000e+00 0.000000000e+00 2.506265664e-03 3.007518797e-02
4.260651629e-02 4.210526316e-01 0.000000000e+00 1.503759399e-02 2.506265664e-03 2.506265664e-03
2.506265664e-03 2.506265664e-03 2.506265664e-03 7.017543860e-02 2.506265664e-03 2.506265664e-03

2.506265664e-03 2.506265664e-03 7.518796993e-03 2.506265664e-03 7.017543860e-02 2.506265664e-03
2.506265664e-03 5.012531329e-03 2.506265664e-03 6.215538847e-01 2.506265664e-03 2.506265664e-03
5.764411028e-02 2.506265664e-03 0.000000000e+00 2.506265664e-03 0.000000000e+00 2.506265664e-03
2.506265664e-03 0.000000000e+00 0.000000000e+00 0.000000000e+00 0.000000000e+00 2.756892231e-02
3.508771930e-02 2.506265664e-03 0.000000000e+00 2.506265664e-03 2.506265664e-03 2.506265664e-03
2.506265664e-03 2.506265664e-03 2.506265664e-03 1.228070175e-01 2.506265664e-03 2.506265664e-03

2.506265664e-03 2.506265664e-03 2.506265664e-03 2.506265664e-03 8.395989975e-01 2.506265664e-03
2.506265664e-03 7.518796993e-03 2.506265664e-03 3.258145363e-02 0.000000000e+00 2.506265664e-03
2.506265664e-03 2.506265664e-03 0.000000000e+00 2.506265664e-03 0.000000000e+00 2.506265664e-03
2.506265664e-03 0.000000000e+00 0.000000000e+00 0.000000000e+00 0.000000000e+00 0.000000000e+00
4.511278195e-02 2.506265664e-03 0.000000000e+00 2.506265664e-03 2.506265664e-03 2.506265664e-03
2.506265664e-03 2.506265664e-03 2.506265664e-03 2.005012531e-02 2.506265664e-03 2.506265664e-03

