2.418207324e-16 2.418207324e-16 3.643526086e-02 7.647042999e-04 7.647042999e-04 2.418207324e-16
7.647042999e-04 7.647042999e-04 1.119401107e-01 7.647042999e-04 2.418207324e-16 7.647042999e-04
1.028859367e-02 7.214778924e-02 2.418207324e-16 7.298989513e-01 7.647042999e-04 7.647042999e-04
7.647042999e-04 1.818783589e-03 2.447053759e-02 7.647042999e-04 2.418207324e-16 7.647042999e-04
7.647042999e-04 2.418207324e-16 2.418207324e-16 2.418207324e-16 2.418207324e-16 7.647042999e-04
2.418207324e-16 7.647042999e-04 7.647042999e-04 7.647042999e-04 7.647042999e-04 2.418207324e-16

2.468867917e-16 2.468867917e-16 2.468867917e-16 2.468867917e-16 2.468867917e-16 2.468867917e-16
2.468867917e-16 2.468867917e-16 2.285112958e-01 5.942036687e-02 2.468867917e-16 2.468867917e-16
2.468867917e-16 2.468867917e-01 0.000000000e+00 2.468867917e-16 1.743710624e-02 2.468867917e-16
2.468867917e-16 2.468867917e-16 4.477444394e-01 0.000000000e+00 2.468867917e-16 2.468867917e-16
2.468867917e-16 2.468867917e-16 2.468867917e-16 2.468867917e-16 2.468867917e-16 2.468867917e-16
2.468867917e-16 2.468867917e-16 2.468867917e-16 2.468867917e-16 2.468867917e-16 2.468867917e-16

1.885706321e-16 1.885706321e-16 1.885706321e-16 2.365462449e-02 1.885706321e-16 1.885706321e-16
1.885706321e-16 1.885706321e-16 0.000000000e+00 1.885706321e-16 1.885706321e-16 1.885706321e-16
1.885706321e-16 1.194579103e-02 0.000000000e+00 0.000000000e+00 9.643995845e-01 1.885706321e-16
1.885706321e-16 1.885706321e-16 1.885706321e-16 0.000000000e+00 1.885706321e-16 1.885706321e-16
1.885706321e-16 1.885706321e-16 1.885706321e-16 1.885706321e-16 1.885706321e-16 1.885706321e-16
1.885706321e-16 1.885706321e-16 1.885706321e-16 1.885706321e-16 1.885706321e-16 1.885706321e-16

1.868245939e-16 1.868245939e-16 1.868245939e-16 3.805235906e-02 1.868245939e-16 1.868245939e-16
1.868245939e-16 1.868245939e-16 0.000000000e+00 0.000000000e+00 9.619476409e-01 1.868245939e-16
1.868245939e-16 1.868245939e-16 0.000000000e+00 0.000000000e+00 1.868245939e-16 1.868245939e-16
1.868245939e-16 0.000000000e+00 1.868245939e-16 0.000000000e+00 1.868245939e-16 1.868245939e-16
1.868245939e-16 1.868245939e-16 1.868245939e-16 1.868245939e-16 1.868245939e-16 1.868245939e-16
1.868245939e-16 1.868245939e-16 1.868245939e-16 1.868245939e-16 1.868245939e-16 1.868245939e-16

