2.554020676e-16 8.076522528e-04 2.554020676e-16 7.584264521e-03 8.076522528e-04 2.554020676e-16
2.554020676e-16 2.554020676e-16 8.076522528e-04 1.902209178e-01 8.076522528e-04 8.076522528e-04
8.076522528e-04 2.554020676e-16 2.618030028e-01 2.554020676e-16 4.812375630e-01 1.993671493e-02
8.076522528e-04 2.554020676e-16 6.038609059e-03 2.187179634e-02 8.076522528e-04 2.554020676e-16
8.076522528e-04 2.554020676e-16 2.554020676e-16 8.076522528e-04 2.554020676e-16 2.554020676e-16
8.076522528e-04 8.076522528e-04 8.076522528e-04 8.076522528e-04 2.554020676e-16 2.554020676e-16

2.017795600e-16 2.017795600e-16 1.517625675e-03 3.609542502e-03 2.017795600e-16 2.017795600e-16
2.017795600e-16 2.017795600e-16 2.017795600e-16 1.517625675e-03 6.380829950e-04 2.017795600e-16
2.017795600e-16 2.017795600e-16 0.000000000e+00 0.000000000e+00 3.927189663e-02 2.868476453e-02
2.017795600e-16 2.017795600e-16 6.380829950e-04 9.213285873e-01 2.017795600e-16 2.017795600e-16
2.017795600e-16 2.017795600e-16 2.017795600e-16 1.517625675e-03 2.017795600e-16 2.017795600e-16
2.017795600e-16 6.380829950e-04 2.017795600e-16 6.380829950e-04 2.017795600e-16 2.017795600e-16

2.064364605e-16 2.064364605e-16 2.064364605e-16 2.064364605e-16 2.064364605e-16 2.064364605e-16
2.064364605e-16 2.064364605e-16 2.064364605e-16 2.064364605e-16 7.244188008e-01 2.064364605e-16
2.064364605e-16 2.064364605e-16 0.000000000e+00 0.000000000e+00 2.064364605e-16 2.755811992e-01
2.064364605e-16 2.064364605e-16 2.064364605e-16 0.000000000e+00 0.000000000e+00 2.064364605e-16
2.064364605e-16 2.064364605e-16 2.064364605e-16 2.064364605e-16 2.064364605e-16 2.064364605e-16
2.064364605e-16 2.064364605e-16 2.064364605e-16 2.064364605e-16 2.064364605e-16 2.064364605e-16

1.773306804e-16 1.773306804e-16 1.773306804e-16 1.773306804e-16 1.773306804e-16 1.773306804e-16
1.773306804e-16 1.773306804e-16 1.773306804e-16 1.773306804e-16 1.773306804e-16 1.773306804e-16
1.773306804e-16 1.773306804e-16 0.000000000e+00 0.000000000e+00 0.000000000e+00 1.000000000e+00
1.773306804e-16 1.773306804e-16 0.000000000e+00 0.000000000e+00 0.000000000e+00 1.773306804e-16
1.773306804e-16 1.773306804e-16 1.773306804e-16 1.773306804e-16 1.773306804e-16 1.773306804e-16
1.773306804e-16 1.773306804e-16 1.773306804e-16 1.773306804e-16 1.773306804e-16 1.773306804e-16

