2.664219589e-16 6.663654048e-02 3.326377892e-03 6.299158303e-03 1.687760714e-02 2.664219589e-16
1.313327850e-02 0.000000000e+00 6.663654048e-02 8.425002089e-04 2.664219589e-16 2.664219589e-16
2.003814486e-03 2.664219589e-16 6.021387173e-01 8.425002089e-04 2.664219589e-16 2.664219589e-16
2.664219589e-16 1.313327850e-02 1.614966510e-01 8.425002089e-04 2.664219589e-16 2.664219589e-16
2.003814486e-03 4.765900887e-03 2.664219589e-16 2.664219589e-16 2.664219589e-16 2.664219589e-16
2.664219589e-16 2.664219589e-16 3.326377892e-03 1.687760714e-02 1.881683492e-02 2.664219589e-16

2.724806123e-16 1.726141774e-02 7.335346981e-02 3.644375355e-02 6.442406316e-03 2.724806123e-16
8.616593531e-04 0.000000000e+00 2.724806123e-16 5.760031274e-01 2.724806123e-16 8.616593531e-04
6.815190994e-02 0.000000000e+00 0.000000000e+00 2.757309929e-02 2.724806123e-16 8.616593531e-04
2.724806123e-16 4.816822217e-02 1.319989997e-01 8.616593531e-04 2.724806123e-16 8.616593531e-04
8.616593531e-04 8.616593531e-04 8.616593531e-04 2.724806123e-16 2.724806123e-16 8.616593531e-04
8.616593531e-04 2.724806123e-16 8.616593531e-04 3.402022447e-03 8.616593531e-04 8.616593531e-04

2.107514083e-03 1.575734308e-02 3.120801265e-01 1.387798969e-01 2.802095875e-16 2.802095875e-16
2.802095875e-16 0.000000000e+00 0.000000000e+00 1.237334637e-01 2.802095875e-16 2.802095875e-16
4.953452488e-02 0.000000000e+00 0.000000000e+00 1.448932005e-01 2.802095875e-16 2.802095875e-16
2.802095875e-16 2.054003807e-01 2.802095875e-16 2.107514083e-03 2.802095875e-16 2.802095875e-16
2.802095875e-16 3.498521597e-03 0.000000000e+00 2.802095875e-16 2.802095875e-16 2.802095875e-16
2.802095875e-16 2.802095875e-16 2.802095875e-16 2.802095875e-16 2.802095875e-16 2.107514083e-03

2.012419744e-16 2.012419744e-16 2.012419744e-16 2.012419744e-16 2.012419744e-16 2.012419744e-16
2.012419744e-16 0.000000000e+00 0.000000000e+00 2.012419744e-16 2.012419744e-16 2.012419744e-16
5.975959320e-03 0.000000000e+00 0.000000000e+00 2.012419744e-16 2.012419744e-16 2.012419744e-16
1.428024176e-01 2.012419744e-16 0.000000000e+00 2.012419744e-16 2.012419744e-16 2.012419744e-16
2.012419744e-16 8.512216231e-01 0.000000000e+00 2.012419744e-16 2.012419744e-16 2.012419744e-16
2.012419744e-16 2.012419744e-16 0.000000000e+00 2.012419744e-16 2.012419744e-16 2.012419744e-16

7.043997196e-03 1.072702318e-02 1.887328619e-02 1.267561830e-02 8.846993984e-03 1.072702318e-02
1.468621243e-02 0.000000000e+00 0.000000000e+00 1.267561830e-02 8.846993984e-03 7.043997196e-03
2.289353949e-01 0.000000000e+00 0.000000000e+00 5.329440993e-03 5.329440993e-03 7.043997196e-03
5.152539048e-01 0.000000000e+00 0.000000000e+00 8.846993984e-03 2.240753913e-03 3.719702764e-03
1.468621243e-02 0.000000000e+00 0.000000000e+00 3.492989663e-02 3.719702764e-03 3.719702764e-03
2.325604501e-02 3.719702764e-03 0.000000000e+00 3.719702764e-03 1.072702318e-02 1.267561830e-02

