2.855187792e-16 1.028033408e-02 2.855187792e-16 6.750674740e-03 2.855187792e-16 2.855187792e-16
3.564808842e-03 4.058904157e-02 0.000000000e+00 6.339226164e-02 2.855187792e-16 2.855187792e-16
1.028033408e-02 2.194021866e-01 2.855187792e-16 3.179931761e-01 2.855187792e-16 2.147445608e-03
2.855187792e-16 3.564808842e-03 1.602545484e-01 1.539206794e-01 2.855187792e-16 2.855187792e-16
2.855187792e-16 2.855187792e-16 2.855187792e-16 2.855187792e-16 2.855187792e-16 2.147445608e-03
2.855187792e-16 2.855187792e-16 2.855187792e-16 3.564808842e-03 2.147445608e-03 2.855187792e-16

2.435792653e-16 2.435792653e-16 2.435792653e-16 2.435792653e-16 2.435792653e-16 2.435792653e-16
2.435792653e-16 5.648854719e-01 0.000000000e+00 2.435792653e-16 2.435792653e-16 2.435792653e-16
1.756927023e-01 2.435792653e-16 0.000000000e+00 9.731770598e-02 0.000000000e+00 2.435792653e-16
2.435792653e-16 1.449006173e-01 1.720350246e-02 2.435792653e-16 2.435792653e-16 2.435792653e-16
2.435792653e-16 2.435792653e-16 2.435792653e-16 2.435792653e-16 2.435792653e-16 2.435792653e-16
2.435792653e-16 2.435792653e-16 2.435792653e-16 2.435792653e-16 2.435792653e-16 2.435792653e-16

1.954584752e-16 1.954584752e-16 1.954584752e-16 1.954584752e-16 1.954584752e-16 1.954584752e-16
1.954584752e-16 8.924664166e-01 0.000000000e+00 1.954584752e-16 1.954584752e-16 1.954584752e-16
1.954584752e-16 0.000000000e+00 0.000000000e+00 1.954584752e-16 0.000000000e+00 1.954584752e-16
1.954584752e-16 1.075335834e-01 1.954584752e-16 1.954584752e-16 1.954584752e-16 1.954584752e-16
1.954584752e-16 0.000000000e+00 1.954584752e-16 1.954584752e-16 1.954584752e-16 1.954584752e-16
1.954584752e-16 1.954584752e-16 1.954584752e-16 1.954584752e-16 1.954584752e-16 1.954584752e-16

0.000000000e+00 0.000000000e+00 0.000000000e+00 0.000000000e+00 0.000000000e+00 0.000000000e+00
0.000000000e+00 0.000000000e+00 0.000000000e+00 0.000000000e+00 0.000000000e+00 0.000000000e+00
0.000000000e+00 0.000000000e+00 0.000000000e+00 0.000000000e+00 0.000000000e+00 0.000000000e+00
0.000000000e+00 0.000000000e+00 0.000000000e+00 0.000000000e+00 0.000000000e+00 0.000000000e+00
0.000000000e+00 0.000000000e+00 0.000000000e+00 0.000000000e+00 0.000000000e+00 0.000000000e+00
0.000000000e+00 0.000000000e+00 0.000000000e+00 0.000000000e+00 0.000000000e+00 0.000000000e+00

