2.675474067e-16 2.675474067e-16 2.012279210e-03 1.504529632e-02 2.675474067e-16 2.675474067e-16
2.675474067e-16 2.012279210e-03 1.504529632e-02 7.982340355e-02 2.012279210e-03 2.675474067e-16
2.012279210e-03 2.675474067e-16 0.000000000e+00 2.675474067e-16 5.449394950e-02 3.803425065e-02
2.012279210e-03 8.460591873e-04 7.460687883e-02 6.323639321e-01 6.691803359e-02 2.675474067e-16
2.675474067e-16 2.675474067e-16 2.675474067e-16 8.460591873e-04 2.675474067e-16 3.340429529e-03
2.012279210e-03 2.012279210e-03 8.460591873e-04 8.460591873e-04 8.460591873e-04 2.012279210e-03

3.712175107e-03 9.402143726e-04 9.402143726e-04 7.029742080e-03 9.402143726e-04 9.402143726e-04
2.236219243e-03 9.402143726e-04 2.236219243e-03 1.671963860e-02 9.402143726e-04 2.236219243e-03
9.402143726e-04 9.402143726e-04 0.000000000e+00 0.000000000e+00 1.035291039e-01 5.318655668e-03
2.236219243e-03 9.402143726e-04 1.408251581e-01 0.000000000e+00 4.286549899e-01 5.318655668e-03
9.402143726e-04 9.402143726e-04 9.402143726e-04 6.877474725e-02 9.402143726e-04 6.055840455e-02
2.236219243e-03 2.236219243e-03 9.402143726e-04 7.029742080e-03 1.250084560e-01 9.402143726e-04

3.895118737e-03 2.346424730e-03 9.865500722e-04 5.792096883e-02 9.865500722e-04 2.346424730e-03
9.865500722e-04 2.346424730e-03 9.264205832e-03 1.537879364e-02 9.865500722e-04 9.865500722e-04
5.580769968e-03 9.924168325e-02 0.000000000e+00 0.000000000e+00 9.264205832e-03 3.895118737e-03
9.865500722e-04 9.865500722e-04 0.000000000e+00 0.000000000e+00 7.216410835e-02 9.264205832e-03
7.376182240e-03 3.895118737e-03 4.666249868e-01 8.699559416e-02 0.000000000e+00 4.969113626e-02
2.346424730e-03 3.657714164e-02 3.895118737e-03 2.203411898e-02 1.976332393e-02 9.865500722e-04

0.000000000e+00 0.000000000e+00 0.000000000e+00 0.000000000e+00 0.000000000e+00 0.000000000e+00
0.000000000e+00 0.000000000e+00 0.000000000e+00 0.000000000e+00 0.000000000e+00 0.000000000e+00
0.000000000e+00 0.000000000e+00 0.000000000e+00 0.000000000e+00 0.000000000e+00 0.000000000e+00
0.000000000e+00 0.000000000e+00 0.000000000e+00 0.000000000e+00 0.000000000e+00 0.000000000e+00
0.000000000e+00 0.000000000e+00 0.000000000e+00 0.000000000e+00 0.000000000e+00 0.000000000e+00
0.000000000e+00 0.000000000e+00 0.000000000e+00 0.000000000e+00 0.000000000e+00 0.000000000e+00

