2.464722198e-16 2.464722198e-16 2.464722198e-16 2.464722198e-16 2.464722198e-16 2.464722198e-16
2.464722198e-16 2.464722198e-16 7.794135947e-04 8.874431194e-03 2.464722198e-16 2.464722198e-16
2.464722198e-16 2.464722198e-16 2.464722198e-16 2.281275800e-01 1.923964998e-02 2.464722198e-16
2.464722198e-16 3.713610299e-02 5.752422274e-01 1.167404434e-01 2.464722198e-16 2.464722198e-16
2.464722198e-16 2.464722198e-16 1.386015147e-02 2.464722198e-16 2.464722198e-16 2.464722198e-16
2.464722198e-16 2.464722198e-16 2.464722198e-16 2.464722198e-16 2.464722198e-16 2.464722198e-16

2.312860509e-16 2.312860509e-16 2.312860509e-16 2.312860509e-16 2.312860509e-16 2.312860509e-16
2.312860509e-16 2.312860509e-16 2.312860509e-16 2.312860509e-16 2.312860509e-16 2.312860509e-16
2.312860509e-16 2.027461321e-01 0.000000000e+00 2.312860509e-16 4.292440174e-01 2.312860509e-16
2.312860509e-16 2.312860509e-16 3.680098505e-01 0.000000000e+00 2.312860509e-16 2.312860509e-16
2.312860509e-16 2.312860509e-16 2.312860509e-16 2.312860509e-16 2.312860509e-16 2.312860509e-16
2.312860509e-16 2.312860509e-16 2.312860509e-16 2.312860509e-16 2.312860509e-16 2.312860509e-16

2.248477523e-16 2.248477523e-16 2.248477523e-16 4.022198869e-03 2.248477523e-16 2.248477523e-16
2.248477523e-16 2.248477523e-16 0.000000000e+00 2.248477523e-16 2.248477523e-16 2.248477523e-16
5.316196875e-03 2.192406823e-01 0.000000000e+00 0.000000000e+00 6.962412368e-01 8.095824787e-03
2.248477523e-16 6.708386035e-02 2.248477523e-16 0.000000000e+00 2.248477523e-16 2.248477523e-16
2.248477523e-16 2.248477523e-16 2.248477523e-16 2.248477523e-16 2.248477523e-16 2.248477523e-16
2.248477523e-16 2.248477523e-16 2.248477523e-16 2.248477523e-16 2.248477523e-16 2.248477523e-16

1.967681273e-16 1.967681273e-16 1.967681273e-16 1.967681273e-16 1.967681273e-16 1.967681273e-16
1.967681273e-16 1.967681273e-16 0.000000000e+00 0.000000000e+00 1.967681273e-16 1.967681273e-16
1.967681273e-16 1.215040889e-01 0.000000000e+00 0.000000000e+00 1.967681273e-16 8.784959111e-01
1.967681273e-16 0.000000000e+00 1.967681273e-16 0.000000000e+00 1.967681273e-16 1.967681273e-16
1.967681273e-16 1.967681273e-16 1.967681273e-16 1.967681273e-16 1.967681273e-16 1.967681273e-16
1.967681273e-16 1.967681273e-16 1.967681273e-16 1.967681273e-16 1.967681273e-16 1.967681273e-16

