2.269698984e-16 4.060160973e-03 2.269698984e-16 1.707087404e-03 2.269698984e-16 2.269698984e-16
2.269698984e-16 2.269698984e-16 2.269698984e-16 7.177418392e-04 2.269698984e-16 1.707087404e-03
1.707087404e-03 2.269698984e-16 2.847149450e-02 8.404741066e-01 1.603041703e-02 1.707087404e-03
7.177418392e-04 2.269698984e-16 5.676892732e-02 2.269698984e-16 0.000000000e+00 2.269698984e-16
7.177418392e-04 2.269698984e-16 1.707087404e-03 2.661085905e-02 1.276345534e-02 1.707087404e-03
2.269698984e-16 2.269698984e-16 2.269698984e-16 7.177418392e-04 1.707087404e-03 2.269698984e-16

2.462149794e-16 2.462149794e-16 2.462149794e-16 2.462149794e-16 2.462149794e-16 2.462149794e-16
2.462149794e-16 2.462149794e-16 2.462149794e-16 2.462149794e-16 2.462149794e-16 2.462149794e-16
2.462149794e-16 2.462149794e-16 7.311450335e-03 2.309239502e-01 1.047555292e-02 2.462149794e-16
2.462149794e-16 2.462149794e-16 5.564690406e-01 0.000000000e+00 0.000000000e+00 2.462149794e-16
2.462149794e-16 2.462149794e-16 3.088563057e-02 2.462149794e-16 0.000000000e+00 5.821393770e-03
2.462149794e-16 2.462149794e-16 2.462149794e-16 1.492478126e-01 8.865169045e-03 2.462149794e-16

2.577627858e-16 2.577627858e-16 2.577627858e-16 2.577627858e-16 2.577627858e-16 2.577627858e-16
2.577627858e-16 2.577627858e-16 2.577627858e-16 2.577627858e-16 2.577627858e-16 3.218264874e-03
2.577627858e-16 2.577627858e-16 1.950215934e-01 3.475160505e-01 2.577627858e-16 4.611000888e-03
2.577627858e-16 2.577627858e-16 2.042056867e-01 0.000000000e+00 0.000000000e+00 0.000000000e+00
2.577627858e-16 2.577627858e-16 2.577627858e-16 0.000000000e+00 0.000000000e+00 1.632905580e-02
2.577627858e-16 2.577627858e-16 2.577627858e-16 2.290983478e-01 2.577627858e-16 2.577627858e-16

6.775115451e-03 6.775115451e-03 2.155220401e-03 6.775115451e-03 8.509288686e-03 5.126006871e-03
6.775115451e-03 3.577715176e-03 9.061585547e-04 8.509288686e-03 8.509288686e-03 1.031755386e-02
5.126006871e-03 9.061585547e-04 2.023861330e-02 5.399322951e-01 0.000000000e+00 3.832584063e-02
5.126006871e-03 9.061585547e-04 8.509288686e-03 0.000000000e+00 0.000000000e+00 0.000000000e+00
2.155220401e-03 5.126006871e-03 2.155220401e-03 0.000000000e+00 0.000000000e+00 0.000000000e+00
6.775115451e-03 6.775115451e-03 8.509288686e-03 2.023861330e-02 2.477089527e-01 6.775115451e-03

