2.554020676e-16 8.076522528e-04 2.554020676e-16 7.584264521e-03 8.076522528e-04 2.554020676e-16
2.554020676e-16 2.554020676e-16 8.076522528e-04 1.902209178e-01 8.076522528e-04 8.076522528e-04
8.076522528e-04 2.554020676e-16 2.618030028e-01 2.554020676e-16 4.812375630e-01 1.993671493e-02
8.076522528e-04 2.554020676e-16 6.038609059e-03 2.187179634e-02 8.076522528e-04 2.554020676e-16
8.076522528e-04 2.554020676e-16 2.554020676e-16 8.076522528e-04 2.554020676e-16 2.554020676e-16
8.076522528e-04 8.076522528e-04 8.076522528e-04 8.076522528e-04 2.554020676e-16 2.554020676e-16

2.059477981e-16 2.059477981e-16 2.059477981e-16 1.548975853e-03 2.059477981e-16 2.059477981e-16
2.059477981e-16 2.059477981e-16 3.684106210e-03 3.684106210e-03 2.059477981e-16 4.869335048e-03
2.059477981e-16 4.869335048e-03 8.659038256e-02 0.000000000e+00 0.000000000e+00 2.059477981e-16
2.059477981e-16 2.059477981e-16 2.059477981e-16 8.883354482e-01 4.869335048e-03 2.059477981e-16
2.059477981e-16 2.059477981e-16 2.059477981e-16 2.059477981e-16 2.059477981e-16 2.059477981e-16
2.059477981e-16 2.059477981e-16 1.548975853e-03 2.059477981e-16 2.059477981e-16 2.059477981e-16

2.456555086e-16 7.768309270e-04 2.456555086e-16 7.768309270e-04 2.456555086e-16 2.456555086e-16
2.456555086e-16 2.456555086e-16 7.768309270e-04 5.121735406e-01 2.456555086e-16 7.294836631e-03
2.456555086e-16 2.456555086e-16 1.601029902e-01 0.000000000e+00 0.000000000e+00 7.768309270e-04
2.456555086e-16 2.456555086e-16 0.000000000e+00 2.456555086e-01 7.088896937e-02 2.456555086e-16
2.456555086e-16 2.456555086e-16 2.456555086e-16 2.456555086e-16 0.000000000e+00 2.456555086e-16
2.456555086e-16 2.456555086e-16 7.768309270e-04 2.456555086e-16 2.456555086e-16 2.456555086e-16

9.105222835e-04 1.036723944e-02 9.105222835e-04 2.913671307e-02 9.105222835e-04 2.165599156e-03
9.105222835e-04 9.105222835e-04 1.619163029e-02 5.221832343e-01 0.000000000e+00 1.031825899e-01
9.105222835e-04 9.105222835e-04 2.687847674e-02 0.000000000e+00 0.000000000e+00 9.105222835e-04
2.165599156e-03 2.247603860e-02 0.000000000e+00 1.712854600e-01 0.000000000e+00 2.165599156e-03
9.105222835e-04 9.105222835e-04 3.851040389e-02 3.594944146e-03 0.000000000e+00 9.105222835e-04
9.105222835e-04 2.033607507e-02 2.165599156e-03 8.550266314e-03 6.807741934e-03 9.105222835e-04

