2.554020676e-16 8.076522528e-04 2.554020676e-16 7.584264521e-03 8.076522528e-04 2.554020676e-16
2.554020676e-16 2.554020676e-16 8.076522528e-04 1.902209178e-01 8.076522528e-04 8.076522528e-04
8.076522528e-04 2.554020676e-16 2.618030028e-01 2.554020676e-16 4.812375630e-01 1.993671493e-02
8.076522528e-04 2.554020676e-16 6.038609059e-03 2.187179634e-02 8.076522528e-04 2.554020676e-16
8.076522528e-04 2.554020676e-16 2.554020676e-16 8.076522528e-04 2.554020676e-16 2.554020676e-16
8.076522528e-04 8.076522528e-04 8.076522528e-04 8.076522528e-04 2.554020676e-16 2.554020676e-16

2.437015920e-16 2.437015920e-16 2.437015920e-16 3.042705606e-03 2.437015920e-16 2.437015920e-16
2.437015920e-16 2.437015920e-16 2.437015920e-16 3.777624590e-01 2.437015920e-16 2.437015920e-16
2.437015920e-16 2.437015920e-16 1.757809360e-01 0.000000000e+00 3.877647878e-01 2.437015920e-16
2.437015920e-16 2.437015920e-16 0.000000000e+00 2.437015920e-16 7.706521003e-04 2.437015920e-16
2.437015920e-16 2.437015920e-16 7.706521003e-04 5.410780730e-02 2.437015920e-16 2.437015920e-16
2.437015920e-16 2.437015920e-16 2.437015920e-16 2.437015920e-16 2.437015920e-16 2.437015920e-16

2.036749323e-16 2.036749323e-16 2.036749323e-16 1.290263575e-02 2.036749323e-16 2.036749323e-16
2.036749323e-16 2.036749323e-16 2.036749323e-16 2.036749323e-16 2.036749323e-16 2.036749323e-16
2.036749323e-16 2.036749323e-16 1.492986339e-01 0.000000000e+00 8.377987303e-01 2.036749323e-16
2.036749323e-16 2.036749323e-16 0.000000000e+00 0.000000000e+00 2.036749323e-16 2.036749323e-16
2.036749323e-16 2.036749323e-16 2.036749323e-16 0.000000000e+00 2.036749323e-16 2.036749323e-16
2.036749323e-16 2.036749323e-16 2.036749323e-16 2.036749323e-16 2.036749323e-16 2.036749323e-16

2.086261090e-16 2.086261090e-16 2.086261090e-16 0.000000000e+00 2.086261090e-16 2.086261090e-16
2.086261090e-16 2.086261090e-16 1.321628863e-02 0.000000000e+00 2.086261090e-16 2.086261090e-16
2.086261090e-16 2.086261090e-16 7.623950075e-01 0.000000000e+00 2.243887038e-01 2.086261090e-16
2.086261090e-16 2.086261090e-16 0.000000000e+00 0.000000000e+00 2.086261090e-16 2.086261090e-16
2.086261090e-16 2.086261090e-16 2.086261090e-16 0.000000000e+00 2.086261090e-16 2.086261090e-16
2.086261090e-16 2.086261090e-16 2.086261090e-16 2.086261090e-16 2.086261090e-16 2.086261090e-16

2.013588081e-16 2.013588081e-16 2.013588081e-16 0.000000000e+00 2.013588081e-16 2.013588081e-16
2.013588081e-16 2.013588081e-16 1.220574058e-01 0.000000000e+00 2.013588081e-16 2.013588081e-16
6.367524607e-04 0.000000000e+00 0.000000000e+00 0.000000000e+00 8.685412942e-01 2.013588081e-16
2.013588081e-16 7.250086397e-03 0.000000000e+00 0.000000000e+00 1.514461113e-03 2.013588081e-16
2.013588081e-16 2.013588081e-16 2.013588081e-16 0.000000000e+00 2.013588081e-16 2.013588081e-16
2.013588081e-16 2.013588081e-16 2.013588081e-16 2.013588081e-16 2.013588081e-16 2.013588081e-16

2.249749511e-16 2.276586438e-02 0.000000000e+00 0.000000000e+00 2.249749511e-16 2.249749511e-16
2.249749511e-16 2.455813135e-02 2.249749511e-16 0.000000000e+00 7.678444381e-01 2.249749511e-16
1.109014700e-02 0.000000000e+00 0.000000000e+00 0.000000000e+00 1.544094286e-01 2.249749511e-16
2.249749511e-16 2.249749511e-16 0.000000000e+00 0.000000000e+00 2.249749511e-16 2.249749511e-16
1.265127121e-02 2.249749511e-16 0.000000000e+00 0.000000000e+00 2.249749511e-16 6.680719369e-03
2.249749511e-16 2.249749511e-16 2.249749511e-16 2.249749511e-16 2.249749511e-16 2.249749511e-16

0.000000000e+00 0.000000000e+00 0.000000000e+00 0.000000000e+00 0.000000000e+00 0.000000000e+00
0.000000000e+00 0.000000000e+00 0.000000000e+00 0.000000000e+00 0.000000000e+00 0.000000000e+00
0.000000000e+00 0.000000000e+00 0.000000000e+00 0.000000000e+00 0.000000000e+00 0.000000000e+00
0.000000000e+00 0.000000000e+00 0.000000000e+00 0.000000000e+00 0.000000000e+00 0.000000000e+00
0.000000000e+00 0.000000000e+00 0.000000000e+00 0.000000000e+00 0.000000000e+00 0.000000000e+00
0.000000000e+00 0.000000000e+00 0.000000000e+00 0.000000000e+00 0.000000000e+00 0.000000000e+00

