2.506265664e-03 2.506265664e-03 2.506265664e-03 2.506265664e-03 2.506265664e-03 2.506265664e-03
2.506265664e-03 2.506265664e-03 4.335839599e-01 2.506265664e-03 2.506265664e-03 2.506265664e-03
2.506265664e-03 4.260651629e-02 3.007518797e-02 2.506265664e-03 7.518796993e-03 2.506265664e-03
2.255639098e-02 5.012531329e-03 0.000000000e+00 2.255639098e-02 3.258145363e-01 2.506265664e-03
2.506265664e-03 7.518796993e-03 5.012531329e-03 1.002506266e-02 2.506265664e-03 2.506265664e-03
2.506265664e-03 5.012531329e-03 2.756892231e-02 2.506265664e-03 2.506265664e-03 2.506265664e-03

2.506265664e-13 2.506265664e-13 2.506265664e-13 2.506265664e-13 2.506265664e-13 2.506265664e-13
2.506265664e-13 2.506265664e-03 7.518796993e-03 2.506265664e-13 2.506265664e-13 2.506265664e-13
7.518796993e-03 2.506265664e-13 9.348370927e-01 0.000000000e+00 2.506265664e-13 2.506265664e-13
2.506265664e-13 2.756892231e-02 0.000000000e+00 2.506265664e-13 2.005012531e-02 2.506265664e-13
2.506265664e-13 2.506265664e-13 2.506265664e-13 0.000000000e+00 2.506265664e-13 2.506265664e-13
2.506265664e-13 2.506265664e-13 2.506265664e-13 2.506265664e-13 2.506265664e-13 2.506265664e-13

2.506265664e-13 1.754385965e-02 2.506265664e-13 2.255639098e-02 2.506265664e-13 2.506265664e-13
2.506265664e-03 4.636591479e-01 2.506265664e-13 2.506265664e-03 1.002506266e-02 2.506265664e-13
2.506265664e-13 0.000000000e+00 0.000000000e+00 0.000000000e+00 2.506265664e-13 1.253132832e-02
4.511278195e-02 7.518796993e-03 0.000000000e+00 2.506265664e-13 2.681704261e-01 2.506265664e-13
2.506265664e-13 2.506265664e-13 5.012531329e-03 0.000000000e+00 2.756892231e-02 1.253132832e-02
1.002506266e-02 1.253132832e-02 8.020050125e-02 2.506265664e-13 2.506265664e-13 2.506265664e-13

1.253132832e-02 3.007518797e-02 1.002506266e-02 5.513784461e-02 1.002506266e-02 1.253132832e-02
2.506265664e-03 1.253132832e-02 0.000000000e+00 3.508771930e-02 3.258145363e-02 1.503759399e-02
2.506265664e-03 0.000000000e+00 0.000000000e+00 0.000000000e+00 2.506265664e-03 1.253132832e-02
9.523809524e-02 2.506265664e-03 0.000000000e+00 2.506265664e-03 3.959899749e-01 1.002506266e-02
2.255639098e-02 8.521303258e-02 0.000000000e+00 0.000000000e+00 1.002506266e-02 6.516290727e-02
1.503759399e-02 1.253132832e-02 2.005012531e-02 2.506265664e-03 2.506265664e-03 1.253132832e-02

2.506265664e-03 1.002506266e-02 1.754385965e-02 3.007518797e-02 7.518796993e-03 1.002506266e-02
1.002506266e-02 4.511278195e-02 0.000000000e+00 1.403508772e-01 1.754385965e-01 1.503759399e-02
1.002506266e-02 0.000000000e+00 0.000000000e+00 0.000000000e+00 2.506265664e-03 1.253132832e-02
4.010025063e-02 2.506265664e-03 0.000000000e+00 2.506265664e-03 4.010025063e-02 1.002506266e-02
1.754385965e-02 1.002506266e-02 0.000000000e+00 0.000000000e+00 0.000000000e+00 3.358395990e-01
1.002506266e-02 3.508771930e-02 0.000000000e+00 2.506265664e-03 2.506265664e-03 2.506265664e-03

