2.725576028e-16 2.725576028e-16 2.725576028e-16 4.875658621e-03 3.402983703e-03 2.725576028e-16
8.619028185e-04 2.725576028e-16 8.619028185e-04 1.652158862e-01 2.049961928e-03 8.619028185e-04
8.619028185e-04 2.725576028e-16 3.458915988e-01 2.725576028e-16 0.000000000e+00 8.619028185e-04
8.619028185e-04 2.725576028e-16 1.174683912e-01 1.776361029e-01 1.745142322e-01 2.725576028e-16
2.725576028e-16 2.725576028e-16 2.725576028e-16 2.725576028e-16 2.725576028e-16 8.619028185e-04
2.725576028e-16 8.619028185e-04 2.725576028e-16 2.049961928e-03 2.725576028e-16 2.725576028e-16

2.389097065e-16 1.687370113e-02 2.389097065e-16 1.343488010e-02 2.389097065e-16 2.389097065e-16
2.389097065e-16 2.389097065e-16 2.389097065e-16 7.363165356e-02 8.602136800e-03 2.389097065e-16
2.389097065e-16 2.389097065e-16 7.585504509e-01 0.000000000e+00 0.000000000e+00 2.389097065e-16
2.389097065e-16 2.389097065e-16 6.894232890e-02 2.389097065e-16 0.000000000e+00 1.796889163e-03
1.796889163e-03 2.389097065e-16 7.554988279e-04 4.223366840e-02 2.982877122e-03 2.389097065e-16
2.389097065e-16 2.389097065e-16 2.389097065e-16 8.602136800e-03 1.796889163e-03 2.389097065e-16

2.147880555e-03 4.059726253e-02 9.030725296e-04 8.480309344e-03 1.407750754e-02 2.147880555e-03
2.147880555e-03 9.030725296e-04 9.030725296e-04 1.414380308e-01 9.030725296e-04 9.030725296e-04
9.030725296e-04 9.030725296e-04 3.850146748e-01 0.000000000e+00 0.000000000e+00 9.030725296e-04
9.030725296e-04 9.030725296e-04 1.508035950e-01 0.000000000e+00 0.000000000e+00 9.030725296e-04
3.565530864e-03 9.030725296e-04 9.030725296e-04 2.160653450e-01 0.000000000e+00 5.108549676e-03
9.030725296e-04 9.030725296e-04 9.030725296e-04 9.030725296e-04 1.215024724e-02 9.030725296e-04

2.375384495e-16 2.375384495e-16 2.375384495e-16 3.779583288e-01 7.511625322e-04 2.375384495e-16
2.375384495e-16 2.375384495e-16 2.375384495e-16 3.488651220e-01 2.375384495e-16 2.375384495e-16
2.375384495e-16 2.375384495e-16 2.645556492e-01 0.000000000e+00 0.000000000e+00 0.000000000e+00
2.375384495e-16 2.375384495e-16 5.616249885e-03 0.000000000e+00 0.000000000e+00 0.000000000e+00
2.375384495e-16 2.375384495e-16 2.375384495e-16 7.511625322e-04 0.000000000e+00 7.511625322e-04
2.375384495e-16 2.375384495e-16 2.375384495e-16 2.375384495e-16 7.511625322e-04 2.375384495e-16

7.169851742e-04 7.169851742e-04 7.169851742e-04 8.163618955e-03 7.169851742e-04 7.169851742e-04
7.169851742e-04 7.169851742e-04 7.169851742e-04 2.295682865e-01 0.000000000e+00 7.169851742e-04
7.169851742e-04 7.169851742e-04 6.732854641e-03 0.000000000e+00 0.000000000e+00 0.000000000e+00
7.169851742e-04 7.169851742e-04 8.163618955e-03 0.000000000e+00 0.000000000e+00 0.000000000e+00
7.169851742e-04 7.169851742e-04 1.705287741e-03 0.000000000e+00 0.000000000e+00 7.306096446e-01
7.169851742e-04 7.169851742e-04 7.169851742e-04 7.169851742e-04 7.169851742e-04 7.169851742e-04

