2.418207324e-16 2.418207324e-16 3.643526086e-02 7.647042999e-04 7.647042999e-04 2.418207324e-16
7.647042999e-04 7.647042999e-04 1.119401107e-01 7.647042999e-04 2.418207324e-16 7.647042999e-04
1.028859367e-02 7.214778924e-02 2.418207324e-16 7.298989513e-01 7.647042999e-04 7.647042999e-04
7.647042999e-04 1.818783589e-03 2.447053759e-02 7.647042999e-04 2.418207324e-16 7.647042999e-04
7.647042999e-04 2.418207324e-16 2.418207324e-16 2.418207324e-16 2.418207324e-16 7.647042999e-04
2.418207324e-16 7.647042999e-04 7.647042999e-04 7.647042999e-04 7.647042999e-04 2.418207324e-16

2.104533347e-16 6.655118788e-04 6.486143762e-02 2.104533347e-16 6.655118788e-04 2.104533347e-16
6.655118788e-04 2.104533347e-16 8.831693809e-01 1.582862923e-03 2.104533347e-16 6.655118788e-04
6.655118788e-04 3.907261666e-02 0.000000000e+00 6.655118788e-04 6.655118788e-04 6.655118788e-04
2.104533347e-16 6.655118788e-04 6.655118788e-04 6.655118788e-04 2.104533347e-16 6.655118788e-04
6.655118788e-04 2.104533347e-16 6.655118788e-04 0.000000000e+00 2.104533347e-16 2.104533347e-16
2.104533347e-16 2.104533347e-16 2.104533347e-16 6.655118788e-04 6.655118788e-04 6.655118788e-04

2.278408889e-16 2.278408889e-16 2.278408889e-16 2.278408889e-16 2.278408889e-16 2.278408889e-16
2.278408889e-16 0.000000000e+00 2.221591786e-01 2.278408889e-16 2.278408889e-16 2.278408889e-16
2.052893646e-01 2.278408889e-16 0.000000000e+00 2.278408889e-16 2.278408889e-16 2.278408889e-16
2.278408889e-16 5.725514568e-01 2.278408889e-16 0.000000000e+00 2.278408889e-16 2.278408889e-16
2.278408889e-16 2.278408889e-16 2.278408889e-16 0.000000000e+00 2.278408889e-16 2.278408889e-16
2.278408889e-16 2.278408889e-16 2.278408889e-16 2.278408889e-16 2.278408889e-16 2.278408889e-16

1.804809297e-16 1.804809297e-16 1.804809297e-16 1.804809297e-16 1.804809297e-16 1.804809297e-16
1.804809297e-16 0.000000000e+00 7.678807905e-03 1.804809297e-16 1.804809297e-16 1.804809297e-16
9.923211921e-01 0.000000000e+00 0.000000000e+00 1.804809297e-16 1.804809297e-16 1.804809297e-16
1.804809297e-16 1.804809297e-16 0.000000000e+00 0.000000000e+00 1.804809297e-16 1.804809297e-16
1.804809297e-16 1.804809297e-16 1.804809297e-16 0.000000000e+00 1.804809297e-16 1.804809297e-16
1.804809297e-16 1.804809297e-16 1.804809297e-16 1.804809297e-16 1.804809297e-16 1.804809297e-16

