2.454900024e-16 2.454900024e-16 2.454900024e-16 2.454900024e-16 2.454900024e-16 2.454900024e-16
2.454900024e-16 2.454900024e-16 2.878223015e-02 7.763075505e-04 2.454900024e-16 2.454900024e-16
2.454900024e-16 1.733845389e-02 9.808110655e-02 2.454900024e-16 1.846380925e-03 2.454900024e-16
2.454900024e-16 2.454900024e-16 9.808110655e-02 6.802512666e-01 5.000130616e-02 2.454900024e-16
2.454900024e-16 2.454900024e-16 2.454900024e-16 2.484184161e-02 2.454900024e-16 2.454900024e-16
2.454900024e-16 2.454900024e-16 2.454900024e-16 2.454900024e-16 2.454900024e-16 2.454900024e-16

2.067902815e-16 2.067902815e-16 2.067902815e-16 2.067902815e-16 2.067902815e-16 2.067902815e-16
2.067902815e-16 2.067902815e-16 2.067902815e-16 2.842937173e-01 2.067902815e-16 2.067902815e-16
2.067902815e-16 2.067902815e-16 2.067902815e-16 0.000000000e+00 2.067902815e-16 2.067902815e-16
2.067902815e-16 2.067902815e-16 2.067902815e-16 2.067902815e-16 2.067902815e-16 2.067902815e-16
2.067902815e-16 0.000000000e+00 2.067902815e-16 7.157062827e-01 2.067902815e-16 2.067902815e-16
2.067902815e-16 2.067902815e-16 2.067902815e-16 2.067902815e-16 2.067902815e-16 2.067902815e-16

2.128173037e-16 2.128173037e-16 2.128173037e-16 9.054603143e-03 2.128173037e-16 2.128173037e-16
2.128173037e-16 2.128173037e-16 2.128173037e-16 5.122057026e-02 2.128173037e-16 2.128173037e-16
2.128173037e-16 3.206529852e-02 3.025387825e-02 0.000000000e+00 8.683510467e-01 2.128173037e-16
2.128173037e-16 2.128173037e-16 2.128173037e-16 0.000000000e+00 2.128173037e-16 2.128173037e-16
2.128173037e-16 0.000000000e+00 2.128173037e-16 0.000000000e+00 2.128173037e-16 2.128173037e-16
2.128173037e-16 9.054603143e-03 2.128173037e-16 2.128173037e-16 2.128173037e-16 2.128173037e-16

2.404581940e-16 2.404581940e-16 2.404581940e-16 2.404581940e-16 2.404581940e-16 2.404581940e-16
2.404581940e-16 2.404581940e-16 2.404581940e-16 2.404581940e-16 2.404581940e-16 7.140500336e-03
2.404581940e-16 4.943842013e-01 1.539614990e-01 0.000000000e+00 2.404581940e-16 3.020063945e-01
2.404581940e-16 2.404581940e-16 2.404581940e-16 0.000000000e+00 2.404581940e-16 2.404581940e-16
2.404581940e-16 0.000000000e+00 0.000000000e+00 0.000000000e+00 2.404581940e-16 2.404581940e-16
2.404581940e-16 4.250740489e-02 0.000000000e+00 2.404581940e-16 2.404581940e-16 2.404581940e-16

2.366860682e-16 2.366860682e-16 7.484670661e-04 1.007013236e-02 2.366860682e-16 2.366860682e-16
2.366860682e-16 2.366860682e-16 2.366860682e-16 2.366860682e-16 2.366860682e-16 2.366860682e-16
2.366860682e-16 0.000000000e+00 3.444212241e-01 0.000000000e+00 0.000000000e+00 2.485789616e-01
2.366860682e-16 2.366860682e-16 2.366860682e-16 0.000000000e+00 2.366860682e-16 2.366860682e-16
2.366860682e-16 0.000000000e+00 0.000000000e+00 0.000000000e+00 2.366860682e-16 2.366860682e-16
2.366860682e-16 3.961812149e-01 0.000000000e+00 2.366860682e-16 2.366860682e-16 2.366860682e-16

