2.554020676e-16 8.076522528e-04 2.554020676e-16 7.584264521e-03 8.076522528e-04 2.554020676e-16
2.554020676e-16 2.554020676e-16 8.076522528e-04 1.902209178e-01 8.076522528e-04 8.076522528e-04
8.076522528e-04 2.554020676e-16 2.618030028e-01 2.554020676e-16 4.812375630e-01 1.993671493e-02
8.076522528e-04 2.554020676e-16 6.038609059e-03 2.187179634e-02 8.076522528e-04 2.554020676e-16
8.076522528e-04 2.554020676e-16 2.554020676e-16 8.076522528e-04 2.554020676e-16 2.554020676e-16
8.076522528e-04 8.076522528e-04 8.076522528e-04 8.076522528e-04 2.554020676e-16 2.554020676e-16

6.490516550e-04 6.490516550e-04 2.052481549e-16 6.094924421e-03 2.052481549e-16 2.052481549e-16
2.052481549e-16 2.052481549e-16 1.543713692e-03 6.490516550e-04 2.052481549e-16 6.490516550e-04
6.490516550e-04 6.490516550e-04 9.302191383e-01 0.000000000e+00 1.915990430e-02 6.094924421e-03
6.490516550e-04 6.490516550e-04 2.052481549e-16 0.000000000e+00 6.490516550e-04 2.052481549e-16
2.052481549e-16 2.052481549e-16 2.076965296e-02 1.543713692e-03 2.052481549e-16 2.052481549e-16
2.052481549e-16 2.052481549e-16 8.732563359e-03 2.052481549e-16 2.052481549e-16 2.052481549e-16

2.092471752e-16 2.092471752e-16 2.092471752e-16 2.092471752e-16 2.092471752e-16 2.092471752e-16
2.092471752e-16 2.092471752e-16 3.618880368e-01 2.092471752e-16 2.092471752e-16 2.092471752e-16
2.092471752e-16 6.381119632e-01 2.092471752e-16 0.000000000e+00 2.092471752e-16 2.092471752e-16
2.092471752e-16 2.092471752e-16 0.000000000e+00 0.000000000e+00 2.092471752e-16 2.092471752e-16
2.092471752e-16 0.000000000e+00 2.092471752e-16 2.092471752e-16 2.092471752e-16 2.092471752e-16
2.092471752e-16 2.092471752e-16 2.092471752e-16 2.092471752e-16 2.092471752e-16 2.092471752e-16

1.773306804e-16 1.773306804e-16 1.773306804e-16 1.773306804e-16 1.773306804e-16 1.773306804e-16
1.773306804e-16 1.773306804e-16 1.773306804e-16 1.773306804e-16 1.773306804e-16 1.773306804e-16
1.773306804e-16 1.000000000e+00 0.000000000e+00 0.000000000e+00 1.773306804e-16 1.773306804e-16
1.773306804e-16 1.773306804e-16 0.000000000e+00 0.000000000e+00 1.773306804e-16 1.773306804e-16
1.773306804e-16 0.000000000e+00 1.773306804e-16 1.773306804e-16 1.773306804e-16 1.773306804e-16
1.773306804e-16 1.773306804e-16 0.000000000e+00 1.773306804e-16 1.773306804e-16 1.773306804e-16

0.000000000e+00 0.000000000e+00 0.000000000e+00 0.000000000e+00 0.000000000e+00 0.000000000e+00
0.000000000e+00 0.000000000e+00 0.000000000e+00 0.000000000e+00 0.000000000e+00 0.000000000e+00
0.000000000e+00 0.000000000e+00 0.000000000e+00 0.000000000e+00 0.000000000e+00 0.000000000e+00
0.000000000e+00 0.000000000e+00 0.000000000e+00 0.000000000e+00 0.000000000e+00 0.000000000e+00
0.000000000e+00 0.000000000e+00 0.000000000e+00 0.000000000e+00 0.000000000e+00 0.000000000e+00
0.000000000e+00 0.000000000e+00 0.000000000e+00 0.000000000e+00 0.000000000e+00 0.000000000e+00

