2.506265664e-13 2.506265664e-13 2.506265664e-13 2.506265664e-13 2.506265664e-13 2.506265664e-13
2.506265664e-13 2.506265664e-13 1.253132832e-02 2.506265664e-13 2.506265664e-13 2.506265664e-13
2.506265664e-13 2.882205514e-01 7.017543860e-02 3.408521303e-01 2.506265664e-13 2.506265664e-13
2.506265664e-13 0.000000000e+00 2.506265664e-13 2.756892231e-02 2.506265664e-13 2.506265664e-13
2.506265664e-13 1.754385965e-02 2.506265664e-13 2.431077694e-01 2.506265664e-13 2.506265664e-13
2.506265664e-13 2.506265664e-13 2.506265664e-13 2.506265664e-13 2.506265664e-13 2.506265664e-13

2.506265664e-13 2.506265664e-13 2.506265664e-13 2.506265664e-13 2.506265664e-13 2.506265664e-13
2.506265664e-13 0.000000000e+00 2.506265664e-13 2.506265664e-13 2.506265664e-13 2.506265664e-13
2.506265664e-13 2.506265664e-13 6.817042606e-01 1.002506266e-02 2.506265664e-13 2.506265664e-13
2.506265664e-13 0.000000000e+00 0.000000000e+00 7.518796993e-03 2.506265664e-13 2.506265664e-13
2.506265664e-13 2.506265664e-13 2.506265664e-13 3.007518797e-01 2.506265664e-13 2.506265664e-13
2.506265664e-13 2.506265664e-13 2.506265664e-13 2.506265664e-13 2.506265664e-13 2.506265664e-13

5.012531329e-03 2.506265664e-03 2.506265664e-03 3.508771930e-02 2.506265664e-03 2.506265664e-03
4.761904762e-02 0.000000000e+00 7.518796993e-03 4.010025063e-02 5.012531329e-03 2.506265664e-03
2.506265664e-03 0.000000000e+00 0.000000000e+00 1.829573935e-01 2.506265664e-03 5.012531329e-03
3.759398496e-02 0.000000000e+00 0.000000000e+00 4.511278195e-02 2.506265664e-03 2.506265664e-03
2.506265664e-03 7.518796993e-03 2.506265664e-03 5.313283208e-01 5.012531329e-03 2.506265664e-03
2.506265664e-03 2.506265664e-03 2.506265664e-03 2.506265664e-03 2.506265664e-03 2.506265664e-03

5.012531329e-03 5.012531329e-03 2.506265664e-03 3.508771930e-02 2.506265664e-13 5.012531329e-03
1.754385965e-02 0.000000000e+00 0.000000000e+00 4.761904762e-02 1.253132832e-02 5.012531329e-03
5.012531329e-03 0.000000000e+00 0.000000000e+00 3.233082707e-01 2.506265664e-03 5.012531329e-03
1.754385965e-02 0.000000000e+00 0.000000000e+00 3.057644110e-01 5.012531329e-03 5.012531329e-03
5.012531329e-03 2.506265664e-13 0.000000000e+00 1.177944862e-01 5.012531329e-03 5.012531329e-03
2.756892231e-02 5.012531329e-03 7.518796993e-03 1.503759399e-02 7.518796993e-03 2.506265664e-13

2.506265664e-13 2.155388471e-01 2.506265664e-13 5.012531329e-03 2.506265664e-13 1.002506266e-02
4.010025063e-02 0.000000000e+00 0.000000000e+00 0.000000000e+00 1.353383459e-01 2.506265664e-13
2.506265664e-13 0.000000000e+00 0.000000000e+00 2.506265664e-13 2.506265664e-13 2.506265664e-13
2.506265664e-13 0.000000000e+00 0.000000000e+00 2.506265664e-13 1.654135338e-01 2.506265664e-13
2.506265664e-13 0.000000000e+00 0.000000000e+00 2.506265664e-02 2.506265664e-13 2.506265664e-13
3.659147870e-01 2.506265664e-13 2.506265664e-13 3.759398496e-02 2.506265664e-13 2.506265664e-13

5.012531329e-03 2.506265664e-03 2.506265664e-03 2.506265664e-03 2.506265664e-03 2.506265664e-03
5.012531329e-03 0.000000000e+00 0.000000000e+00 0.000000000e+00 1.253132832e-02 2.506265664e-03
2.506265664e-03 0.000000000e+00 0.000000000e+00 0.000000000e+00 2.506265664e-03 2.506265664e-03
5.012531329e-03 0.000000000e+00 0.000000000e+00 0.000000000e+00 5.012531329e-03 2.506265664e-03
2.506265664e-03 0.000000000e+00 0.000000000e+00 2.506265664e-03 2.506265664e-03 2.506265664e-03
5.238095238e-01 2.506265664e-03 5.012531329e-03 3.909774436e-01 5.012531329e-03 5.012531329e-03

2.506265664e-03 2.506265664e-03 2.506265664e-03 2.506265664e-03 2.506265664e-03 1.754385965e-02
2.506265664e-03 0.000000000e+00 0.000000000e+00 0.000000000e+00 4.511278195e-02 2.506265664e-03
2.506265664e-03 0.000000000e+00 0.000000000e+00 0.000000000e+00 0.000000000e+00 2.506265664e-03
5.012531329e-03 0.000000000e+00 0.000000000e+00 0.000000000e+00 7.518796993e-03 8.270676692e-02
2.506265664e-03 0.000000000e+00 0.000000000e+00 2.506265664e-03 2.506265664e-03 5.012531329e-03
7.869674185e-01 1.002506266e-02 5.012531329e-03 0.000000000e+00 2.506265664e-03 2.506265664e-03

2.506265664e-13 2.506265664e-13 2.506265664e-13 2.506265664e-03 2.506265664e-13 5.012531329e-03
2.506265664e-13 0.000000000e+00 0.000000000e+00 0.000000000e+00 3.258145363e-02 0.000000000e+00
2.506265664e-13 0.000000000e+00 0.000000000e+00 0.000000000e+00 0.000000000e+00 8.771929825e-01
2.506265664e-03 0.000000000e+00 0.000000000e+00 0.000000000e+00 0.000000000e+00 2.506265664e-13
2.506265664e-13 0.000000000e+00 0.000000000e+00 2.506265664e-13 5.012531329e-03 2.506265664e-13
7.017543860e-02 2.506265664e-03 2.506265664e-13 0.000000000e+00 2.506265664e-03 2.506265664e-13

2.506265664e-13 2.506265664e-13 2.506265664e-13 5.012531329e-03 2.506265664e-13 2.506265664e-03
2.506265664e-13 0.000000000e+00 0.000000000e+00 0.000000000e+00 5.513784461e-02 0.000000000e+00
2.506265664e-13 0.000000000e+00 0.000000000e+00 0.000000000e+00 0.000000000e+00 8.070175439e-01
2.506265664e-03 0.000000000e+00 0.000000000e+00 0.000000000e+00 0.000000000e+00 0.000000000e+00
2.506265664e-13 0.000000000e+00 0.000000000e+00 0.000000000e+00 2.506265664e-13 2.506265664e-13
1.203007519e-01 2.506265664e-03 2.506265664e-03 0.000000000e+00 2.506265664e-13 2.506265664e-03

2.506265664e-13 2.506265664e-13 2.506265664e-13 2.005012531e-02 2.506265664e-13 2.506265664e-03
2.506265664e-03 0.000000000e+00 0.000000000e+00 0.000000000e+00 6.015037594e-02 0.000000000e+00
2.506265664e-13 0.000000000e+00 0.000000000e+00 0.000000000e+00 0.000000000e+00 4.285714286e-01
2.506265664e-03 0.000000000e+00 0.000000000e+00 0.000000000e+00 0.000000000e+00 0.000000000e+00
2.506265664e-13 0.000000000e+00 0.000000000e+00 0.000000000e+00 0.000000000e+00 2.506265664e-13
3.859649123e-01 2.506265664e-13 9.774436090e-02 0.000000000e+00 0.000000000e+00 2.506265664e-13

2.506265664e-13 2.506265664e-13 2.506265664e-13 2.506265664e-13 2.506265664e-13 2.506265664e-03
2.506265664e-13 0.000000000e+00 0.000000000e+00 0.000000000e+00 8.020050125e-02 0.000000000e+00
2.506265664e-13 0.000000000e+00 0.000000000e+00 0.000000000e+00 0.000000000e+00 2.531328321e-01
1.328320802e-01 0.000000000e+00 0.000000000e+00 0.000000000e+00 0.000000000e+00 0.000000000e+00
2.506265664e-13 0.000000000e+00 0.000000000e+00 0.000000000e+00 0.000000000e+00 0.000000000e+00
5.313283208e-01 0.000000000e+00 2.506265664e-13 0.000000000e+00 0.000000000e+00 2.506265664e-13

2.506265664e-03 2.506265664e-13 2.506265664e-13 2.506265664e-13 2.506265664e-13 2.506265664e-03
2.506265664e-13 0.000000000e+00 0.000000000e+00 0.000000000e+00 1.052631579e-01 0.000000000e+00
2.506265664e-13 0.000000000e+00 0.000000000e+00 0.000000000e+00 0.000000000e+00 4.360902256e-01
4.536340852e-01 0.000000000e+00 0.000000000e+00 0.000000000e+00 0.000000000e+00 0.000000000e+00
2.506265664e-13 0.000000000e+00 0.000000000e+00 0.000000000e+00 0.000000000e+00 0.000000000e+00
0.000000000e+00 0.000000000e+00 0.000000000e+00 0.000000000e+00 0.000000000e+00 2.506265664e-13

2.506265664e-13 2.506265664e-13 2.506265664e-13 2.506265664e-13 2.506265664e-13 9.273182957e-02
2.506265664e-03 0.000000000e+00 0.000000000e+00 0.000000000e+00 2.506265664e-13 0.000000000e+00
0.000000000e+00 0.000000000e+00 0.000000000e+00 0.000000000e+00 0.000000000e+00 2.506265664e-13
9.047619048e-01 0.000000000e+00 0.000000000e+00 0.000000000e+00 0.000000000e+00 0.000000000e+00
0.000000000e+00 0.000000000e+00 0.000000000e+00 0.000000000e+00 0.000000000e+00 0.000000000e+00
0.000000000e+00 0.000000000e+00 0.000000000e+00 0.000000000e+00 0.000000000e+00 2.506265664e-13

1.125000000e-01 1.125000000e-01 1.125000000e-01 1.125000000e-01 1.100000000e-01 1.100000000e-01
1.100000000e-01 0.000000000e+00 0.000000000e+00 0.000000000e+00 0.000000000e+00 0.000000000e+00
0.000000000e+00 0.000000000e+00 0.000000000e+00 0.000000000e+00 0.000000000e+00 1.100000000e-01
0.000000000e+00 0.000000000e+00 0.000000000e+00 0.000000000e+00 0.000000000e+00 0.000000000e+00
0.000000000e+00 0.000000000e+00 0.000000000e+00 0.000000000e+00 0.000000000e+00 0.000000000e+00
0.000000000e+00 0.000000000e+00 0.000000000e+00 0.000000000e+00 0.000000000e+00 1.100000000e-01

