2.849370730e-16 1.805052406e-02 2.849370730e-16 1.695035812e-01 2.849370730e-16 2.849370730e-16
2.849370730e-16 2.849370730e-16 2.849370730e-16 2.088657415e-01 2.849370730e-16 2.849370730e-16
3.557546023e-03 2.849370730e-16 1.662993894e-01 2.849370730e-16 1.599280514e-01 7.945607078e-02
9.010501407e-04 2.849370730e-16 0.000000000e+00 1.889794494e-01 3.557546023e-03 2.849370730e-16
2.849370730e-16 2.849370730e-16 2.849370730e-16 9.010501407e-04 2.849370730e-16 2.849370730e-16
2.849370730e-16 2.849370730e-16 2.849370730e-16 2.849370730e-16 2.849370730e-16 2.849370730e-16

4.306707622e-03 1.024313469e-02 2.594366424e-03 7.658529489e-02 8.155607677e-03 2.594366424e-03
6.170478021e-03 4.326989305e-02 1.700383795e-02 3.490549482e-02 4.306707622e-03 4.306707622e-03
7.340764945e-02 1.090796713e-03 2.407522751e-01 0.000000000e+00 2.953954933e-02 1.024313469e-02
2.594366424e-03 9.953961936e-02 0.000000000e+00 8.155607677e-03 1.241985057e-02 1.090796713e-03
8.155607677e-03 6.170478021e-03 2.130001756e-01 0.000000000e+00 1.090796713e-03 4.306707622e-03
4.044217014e-02 1.024313469e-02 1.024313469e-02 6.170478021e-03 2.594366424e-03 4.306707622e-03

2.369527351e-16 1.782170377e-03 2.369527351e-16 4.906005320e-01 2.369527351e-16 2.369527351e-16
2.369527351e-16 2.077135666e-01 2.369527351e-16 2.914165653e-01 2.369527351e-16 2.369527351e-16
1.782170377e-03 0.000000000e+00 0.000000000e+00 0.000000000e+00 7.493103409e-04 7.493103409e-04
2.369527351e-16 2.958443602e-03 0.000000000e+00 7.493103409e-04 2.369527351e-16 2.369527351e-16
2.369527351e-16 2.369527351e-16 7.493103409e-04 0.000000000e+00 2.369527351e-16 2.369527351e-16
7.493103409e-04 2.369527351e-16 2.369527351e-16 2.369527351e-16 2.369527351e-16 2.369527351e-16

8.443087968e-04 2.008116057e-03 8.443087968e-04 3.145084935e-01 8.443087968e-04 8.443087968e-04
3.333518599e-03 6.312680651e-03 0.000000000e+00 2.084157351e-02 8.443087968e-04 8.443087968e-04
1.316147160e-02 0.000000000e+00 0.000000000e+00 0.000000000e+00 8.443087968e-04 3.333518599e-03
8.443087968e-04 9.840495257e-02 0.000000000e+00 4.842098939e-01 8.443087968e-04 2.008116057e-03
8.443087968e-04 2.008116057e-03 0.000000000e+00 0.000000000e+00 8.443087968e-04 8.443087968e-04
1.885722885e-02 3.333518599e-03 8.443087968e-04 1.501416949e-02 8.443087968e-04 8.443087968e-04

8.405307193e-04 8.405307193e-04 8.405307193e-04 4.004810228e-02 8.405307193e-04 8.405307193e-04
3.318601910e-03 8.405307193e-04 0.000000000e+00 4.754759771e-03 8.405307193e-04 8.405307193e-04
7.893010006e-03 0.000000000e+00 0.000000000e+00 0.000000000e+00 8.405307193e-04 8.405307193e-04
1.999130223e-03 5.541715443e-01 0.000000000e+00 1.917198131e-01 8.405307193e-04 8.405307193e-04
8.405307193e-04 8.405307193e-04 0.000000000e+00 0.000000000e+00 0.000000000e+00 8.405307193e-04
1.258945565e-01 2.901447670e-02 0.000000000e+00 2.689698302e-02 8.405307193e-04 8.405307193e-04

