2.782542017e-16 2.782542017e-16 2.782542017e-16 8.799170460e-04 2.782542017e-16 2.092807223e-03
2.782542017e-16 2.782542017e-16 8.799170460e-04 2.782542017e-16 2.782542017e-16 8.799170460e-04
2.782542017e-16 2.597501487e-02 2.204394641e-01 0.000000000e+00 2.782542017e-16 2.782542017e-16
2.172055517e-02 2.405355318e-01 2.782542017e-16 2.439185714e-01 2.092807223e-03 1.001876710e-02
8.799170460e-04 8.799170460e-04 2.105252611e-01 8.262867602e-03 2.782542017e-16 2.782542017e-16
2.782542017e-16 2.782542017e-16 1.001876710e-02 2.782542017e-16 2.782542017e-16 2.782542017e-16

3.823373657e-03 2.303205398e-03 9.683785816e-04 9.683785816e-04 9.683785816e-04 2.303205398e-03
1.102599332e-02 9.683785816e-04 0.000000000e+00 9.683785816e-04 9.683785816e-04 9.683785816e-04
1.939929877e-02 9.683785816e-04 6.237243719e-02 0.000000000e+00 4.095742737e-02 9.093566313e-03
9.683785816e-04 2.622437942e-02 0.000000000e+00 5.168323149e-01 9.683785816e-04 4.877586390e-02
9.683785816e-04 2.303205398e-03 6.799026652e-02 9.741372807e-02 1.939929877e-02 1.939929877e-02
9.683785816e-04 9.683785816e-04 9.093566313e-03 5.477976494e-03 1.939929877e-02 3.823373657e-03

2.013704517e-16 2.013704517e-16 2.013704517e-16 2.013704517e-16 2.013704517e-16 2.013704517e-16
2.013704517e-16 2.013704517e-16 0.000000000e+00 2.013704517e-16 2.013704517e-16 2.013704517e-16
2.013704517e-16 2.013704517e-16 3.602224150e-03 0.000000000e+00 4.761110375e-03 2.013704517e-16
2.013704517e-16 2.013704517e-16 0.000000000e+00 0.000000000e+00 0.000000000e+00 3.602224150e-03
2.013704517e-16 2.013704517e-16 9.092406166e-01 2.013704517e-16 7.216250322e-02 3.602224150e-03
2.013704517e-16 2.013704517e-16 1.514548687e-03 2.013704517e-16 1.514548687e-03 2.013704517e-16

9.436619242e-04 3.725786806e-03 1.074456857e-02 9.436619242e-04 2.555503479e-02 3.725786806e-03
9.436619242e-04 9.436619242e-04 0.000000000e+00 0.000000000e+00 8.861464357e-03 1.074456857e-02
2.244418949e-03 9.436619242e-04 1.775196167e-01 0.000000000e+00 1.674912481e-01 5.338157965e-03
9.436619242e-04 9.436619242e-04 0.000000000e+00 0.000000000e+00 0.000000000e+00 5.012801230e-02
9.436619242e-04 2.244418949e-03 2.785675380e-02 0.000000000e+00 3.904752741e-01 8.903195866e-02
9.436619242e-04 9.436619242e-04 1.074456857e-02 2.244418949e-03 9.436619242e-04 9.436619242e-04

1.475372644e-02 1.273388940e-02 3.028646375e-02 0.000000000e+00 5.353940975e-03 9.464519924e-04
9.464519924e-04 0.000000000e+00 0.000000000e+00 0.000000000e+00 9.464519924e-04 8.887664514e-03
1.514898661e-01 2.251054887e-03 2.807069054e-01 0.000000000e+00 8.345968010e-02 2.251054887e-03
9.464519924e-04 9.464519924e-04 0.000000000e+00 0.000000000e+00 0.000000000e+00 1.683056091e-02
9.464519924e-04 9.464519924e-04 1.683056091e-02 0.000000000e+00 2.955579074e-01 6.369364268e-02
2.251054887e-03 9.464519924e-04 2.251054887e-03 9.464519924e-04 9.464519924e-04 9.464519924e-04

