2.691730821e-16 2.691730821e-16 2.691730821e-16 2.691730821e-16 2.691730821e-16 2.691730821e-16
2.691730821e-16 2.691730821e-16 2.691730821e-16 9.372753529e-02 2.691730821e-16 2.691730821e-16
2.691730821e-16 2.691730821e-16 1.570989647e-01 3.066799267e-01 1.513671477e-02 2.691730821e-16
2.691730821e-16 5.976311084e-02 3.415964433e-01 2.691730821e-16 6.364204594e-03 2.691730821e-16
2.691730821e-16 2.691730821e-16 6.364204594e-03 1.326889520e-02 2.691730821e-16 2.691730821e-16
2.691730821e-16 2.691730821e-16 2.691730821e-16 2.691730821e-16 2.691730821e-16 2.691730821e-16

2.355337902e-16 2.355337902e-16 2.355337902e-16 2.355337902e-16 2.355337902e-16 2.355337902e-16
2.355337902e-16 2.355337902e-16 1.771498200e-03 2.355337902e-16 2.355337902e-16 1.771498200e-03
2.355337902e-16 2.355337902e-16 2.384816336e-01 0.000000000e+00 3.586850415e-01 2.355337902e-16
2.355337902e-16 2.355337902e-16 3.975188302e-01 0.000000000e+00 2.355337902e-16 2.355337902e-16
2.355337902e-16 2.355337902e-16 2.355337902e-16 2.355337902e-16 2.355337902e-16 2.355337902e-16
2.355337902e-16 1.771498200e-03 2.355337902e-16 2.355337902e-16 2.355337902e-16 2.355337902e-16

1.983488648e-16 1.983488648e-16 1.983488648e-16 1.983488648e-16 1.983488648e-16 1.983488648e-16
1.983488648e-16 1.983488648e-16 1.983488648e-16 1.983488648e-16 1.983488648e-16 1.983488648e-16
1.983488648e-16 1.983488648e-16 0.000000000e+00 0.000000000e+00 8.655335774e-01 1.983488648e-16
1.983488648e-16 1.983488648e-16 1.983488648e-16 0.000000000e+00 1.983488648e-16 1.983488648e-16
1.983488648e-16 6.272341842e-04 0.000000000e+00 1.983488648e-16 1.338391884e-01 1.983488648e-16
1.983488648e-16 1.983488648e-16 1.983488648e-16 1.983488648e-16 1.983488648e-16 1.983488648e-16

2.020524418e-16 2.020524418e-16 2.020524418e-16 0.000000000e+00 2.020524418e-16 2.020524418e-16
2.020524418e-16 2.020524418e-16 2.020524418e-16 2.020524418e-16 2.020524418e-16 2.020524418e-16
2.020524418e-16 2.020524418e-16 0.000000000e+00 0.000000000e+00 8.647719141e-01 2.020524418e-16
2.020524418e-16 2.020524418e-16 2.020524418e-16 0.000000000e+00 2.020524418e-16 2.020524418e-16
2.020524418e-16 1.179249767e-01 0.000000000e+00 0.000000000e+00 1.730310917e-02 2.020524418e-16
2.020524418e-16 2.020524418e-16 2.020524418e-16 2.020524418e-16 2.020524418e-16 2.020524418e-16

