2.506265664e-13 2.506265664e-13 2.506265664e-13 2.506265664e-13 2.506265664e-13 2.506265664e-13
2.506265664e-13 2.506265664e-13 2.506265664e-13 1.077694236e-01 2.506265664e-13 2.506265664e-13
2.506265664e-13 2.506265664e-13 1.629072682e-01 2.781954887e-01 2.506265664e-02 2.506265664e-13
2.506265664e-13 7.518796992e-02 3.032581454e-01 2.506265664e-13 1.253132832e-02 2.506265664e-13
2.506265664e-13 2.506265664e-13 1.253132832e-02 2.255639098e-02 2.506265664e-13 2.506265664e-13
2.506265664e-13 2.506265664e-13 2.506265664e-13 2.506265664e-13 2.506265664e-13 2.506265664e-13

2.506265664e-13 2.506265664e-13 2.506265664e-13 2.506265664e-13 2.506265664e-13 2.506265664e-13
2.506265664e-13 2.506265664e-13 2.506265664e-13 2.506265664e-13 2.506265664e-13 5.012531329e-03
2.506265664e-13 2.506265664e-13 1.278195489e-01 1.654135338e-01 2.506265664e-13 2.506265664e-13
2.506265664e-13 2.506265664e-13 0.000000000e+00 0.000000000e+00 2.506265664e-13 2.506265664e-13
2.506265664e-13 2.506265664e-13 4.711779449e-01 2.506265664e-13 5.012531329e-03 2.506265664e-13
2.506265664e-13 2.255639098e-01 2.506265664e-13 2.506265664e-13 2.506265664e-13 2.506265664e-13

2.506265664e-13 2.506265664e-13 2.506265664e-13 2.506265664e-13 2.506265664e-13 2.506265664e-13
2.506265664e-13 2.506265664e-13 2.506265664e-13 1.754385965e-02 2.506265664e-13 2.506265664e-13
2.506265664e-13 2.506265664e-13 8.872180451e-01 2.506265664e-13 0.000000000e+00 2.506265664e-13
2.506265664e-13 2.506265664e-13 0.000000000e+00 0.000000000e+00 2.506265664e-13 2.506265664e-13
2.506265664e-13 2.506265664e-13 0.000000000e+00 8.270676692e-02 2.506265664e-13 2.506265664e-13
2.506265664e-13 2.506265664e-13 2.506265664e-13 1.253132832e-02 2.506265664e-13 2.506265664e-13

2.506265664e-13 2.506265664e-13 2.506265664e-03 4.085213033e-01 2.506265664e-13 2.506265664e-13
2.506265664e-13 2.506265664e-13 2.155388471e-01 2.506265664e-13 2.506265664e-13 2.506265664e-13
2.506265664e-13 2.506265664e-13 0.000000000e+00 0.000000000e+00 0.000000000e+00 2.506265664e-13
2.506265664e-13 2.506265664e-13 0.000000000e+00 0.000000000e+00 2.506265664e-13 2.506265664e-03
2.506265664e-13 2.506265664e-13 0.000000000e+00 5.263157895e-02 2.506265664e-13 2.506265664e-13
2.506265664e-13 2.506265664e-13 3.057644110e-01 1.253132832e-02 2.506265664e-13 2.506265664e-13

