2.495939440e-16 2.495939440e-16 2.495939440e-16 2.495939440e-16 2.495939440e-16 2.495939440e-16
2.495939440e-16 0.000000000e+00 3.398180988e-01 7.892853534e-04 2.495939440e-16 2.495939440e-16
2.495939440e-16 2.495939440e-16 4.177872940e-01 1.023243852e-01 2.495939440e-16 2.495939440e-16
2.495939440e-16 7.892853534e-04 1.182190338e-01 1.948333214e-02 2.495939440e-16 2.495939440e-16
2.495939440e-16 2.495939440e-16 2.495939440e-16 7.892853534e-04 2.495939440e-16 2.495939440e-16
2.495939440e-16 2.495939440e-16 2.495939440e-16 2.495939440e-16 2.495939440e-16 2.495939440e-16

2.068868457e-16 2.068868457e-16 2.068868457e-16 2.093547681e-02 2.068868457e-16 2.068868457e-16
2.068868457e-16 0.000000000e+00 2.068868457e-16 8.802283701e-03 2.068868457e-16 2.068868457e-16
2.068868457e-16 0.000000000e+00 0.000000000e+00 3.295282661e-02 2.068868457e-16 2.068868457e-16
1.614961110e-02 6.542336504e-04 8.802283701e-03 9.097405835e-01 6.542336504e-04 2.068868457e-16
2.068868457e-16 2.068868457e-16 2.068868457e-16 6.542336504e-04 2.068868457e-16 2.068868457e-16
2.068868457e-16 6.542336504e-04 2.068868457e-16 2.068868457e-16 2.068868457e-16 2.068868457e-16

2.111256420e-16 2.635982676e-03 2.111256420e-16 4.991757610e-03 2.111256420e-16 2.111256420e-16
2.111256420e-16 0.000000000e+00 0.000000000e+00 2.111256420e-16 2.111256420e-16 2.111256420e-16
2.111256420e-16 0.000000000e+00 0.000000000e+00 2.111256420e-16 0.000000000e+00 2.111256420e-16
2.635982676e-03 2.111256420e-16 2.111256420e-16 2.624065582e-01 7.273297188e-01 2.111256420e-16
2.111256420e-16 2.111256420e-16 2.111256420e-16 2.111256420e-16 2.111256420e-16 2.111256420e-16
2.111256420e-16 2.111256420e-16 2.111256420e-16 2.111256420e-16 2.111256420e-16 2.111256420e-16

1.987971305e-16 1.987971305e-16 1.987971305e-16 6.286517246e-04 1.987971305e-16 1.987971305e-16
1.987971305e-16 0.000000000e+00 0.000000000e+00 1.987971305e-16 1.987971305e-16 1.987971305e-16
1.987971305e-16 0.000000000e+00 0.000000000e+00 0.000000000e+00 0.000000000e+00 1.987971305e-16
6.286517246e-04 1.987971305e-16 0.000000000e+00 8.708274521e-01 1.272865927e-01 1.987971305e-16
1.987971305e-16 1.987971305e-16 1.987971305e-16 1.987971305e-16 1.987971305e-16 1.987971305e-16
1.987971305e-16 1.987971305e-16 6.286517246e-04 1.987971305e-16 1.987971305e-16 1.987971305e-16

2.050779652e-16 6.485134680e-04 2.050779652e-16 1.542433661e-03 2.050779652e-16 2.560475167e-03
6.485134680e-04 0.000000000e+00 0.000000000e+00 0.000000000e+00 2.050779652e-16 2.050779652e-16
2.050779652e-16 0.000000000e+00 0.000000000e+00 0.000000000e+00 0.000000000e+00 2.050779652e-16
6.485134680e-04 8.725322407e-03 0.000000000e+00 9.052349316e-01 6.933948515e-02 2.050779652e-16
6.485134680e-04 4.848769120e-03 0.000000000e+00 2.560475167e-03 6.485134680e-04 6.485134680e-04
2.050779652e-16 2.050779652e-16 6.485134680e-04 6.485134680e-04 2.050779652e-16 2.050779652e-16

6.541705250e-04 3.700547314e-03 6.541705250e-04 2.582810484e-03 6.541705250e-04 7.448409102e-03
6.541705250e-04 0.000000000e+00 0.000000000e+00 0.000000000e+00 0.000000000e+00 6.541705250e-04
6.541705250e-04 0.000000000e+00 0.000000000e+00 0.000000000e+00 0.000000000e+00 6.541705250e-04
6.541705250e-04 6.541705250e-04 0.000000000e+00 0.000000000e+00 1.019750927e-02 6.541705250e-04
6.541705250e-04 9.270722398e-01 0.000000000e+00 6.541705250e-04 6.541705250e-04 6.541705250e-04
6.541705250e-04 6.541705250e-04 6.541705250e-04 3.656924407e-02 6.541705250e-04 6.541705250e-04

1.813062371e-16 1.813062371e-16 1.813062371e-16 5.733406633e-04 1.813062371e-16 3.243304567e-03
1.813062371e-16 0.000000000e+00 0.000000000e+00 0.000000000e+00 0.000000000e+00 1.813062371e-16
1.813062371e-16 0.000000000e+00 0.000000000e+00 0.000000000e+00 0.000000000e+00 1.813062371e-16
1.813062371e-16 0.000000000e+00 0.000000000e+00 0.000000000e+00 0.000000000e+00 1.363641592e-03
1.813062371e-16 1.813062371e-16 0.000000000e+00 1.813062371e-16 5.733406633e-04 1.813062371e-16
1.813062371e-16 9.936730319e-01 1.813062371e-16 5.733406633e-04 1.813062371e-16 1.813062371e-16

