2.855187792e-16 1.028033408e-02 2.855187792e-16 6.750674740e-03 2.855187792e-16 2.855187792e-16
3.564808842e-03 4.058904157e-02 0.000000000e+00 6.339226164e-02 2.855187792e-16 2.855187792e-16
1.028033408e-02 2.194021866e-01 2.855187792e-16 3.179931761e-01 2.855187792e-16 2.147445608e-03
2.855187792e-16 3.564808842e-03 1.602545484e-01 1.539206794e-01 2.855187792e-16 2.855187792e-16
2.855187792e-16 2.855187792e-16 2.855187792e-16 2.855187792e-16 2.855187792e-16 2.147445608e-03
2.855187792e-16 2.855187792e-16 2.855187792e-16 3.564808842e-03 2.147445608e-03 2.855187792e-16

3.785381621e-03 3.031852722e-01 1.920653214e-02 5.423543027e-03 7.168373179e-03 3.031852722e-16
9.003205514e-03 3.031852722e-16 0.000000000e+00 6.175265579e-02 3.031852722e-16 3.031852722e-16
2.830232897e-02 0.000000000e+00 0.000000000e+00 1.179859852e-01 3.785381621e-03 5.423543027e-03
3.031852722e-16 2.657732319e-01 1.148564504e-01 1.920653214e-02 3.031852722e-16 3.031852722e-16
3.785381621e-03 3.031852722e-16 7.168373179e-03 3.031852722e-16 3.031852722e-16 2.280318945e-03
3.031852722e-16 7.168373179e-03 3.031852722e-16 3.785381621e-03 7.168373179e-03 3.785381621e-03

3.900228982e-01 6.696757079e-03 7.131411261e-04 2.255150251e-16 2.255150251e-16 2.255150251e-16
5.768930523e-01 0.000000000e+00 0.000000000e+00 2.255150251e-16 2.255150251e-16 2.255150251e-16
2.255150251e-16 0.000000000e+00 0.000000000e+00 1.696145002e-03 2.255150251e-16 2.255150251e-16
1.696145002e-03 0.000000000e+00 1.268164181e-02 1.696145002e-03 2.255150251e-16 2.255150251e-16
2.255150251e-16 1.696145002e-03 2.255150251e-16 2.255150251e-16 2.255150251e-16 2.255150251e-16
2.255150251e-16 1.696145002e-03 2.255150251e-16 1.696145002e-03 2.815639511e-03 2.255150251e-16

5.784687365e-04 1.375838274e-03 1.829278762e-16 5.784687365e-04 1.829278762e-16 1.829278762e-16
9.897238210e-01 0.000000000e+00 0.000000000e+00 1.829278762e-16 1.829278762e-16 1.829278762e-16
0.000000000e+00 0.000000000e+00 0.000000000e+00 1.829278762e-16 1.829278762e-16 1.829278762e-16
1.829278762e-16 0.000000000e+00 0.000000000e+00 5.784687365e-04 1.829278762e-16 1.829278762e-16
6.586465818e-03 5.784687365e-04 1.829278762e-16 1.829278762e-16 1.829278762e-16 1.829278762e-16
1.829278762e-16 1.829278762e-16 1.829278762e-16 1.829278762e-16 1.829278762e-16 1.829278762e-16

