2.457262693e-16 2.457262693e-16 2.457262693e-16 2.457262693e-16 2.457262693e-16 2.457262693e-16
2.457262693e-16 2.457262693e-16 2.457262693e-16 1.848157937e-03 2.457262693e-16 2.457262693e-16
2.457262693e-16 2.457262693e-16 2.990087616e-01 2.214044632e-01 4.421825150e-01 2.457262693e-16
2.457262693e-16 7.770546921e-04 1.556655260e-02 2.457262693e-16 0.000000000e+00 2.457262693e-16
2.457262693e-16 2.457262693e-16 8.847572644e-03 3.067984460e-03 7.296937898e-03 2.457262693e-16
2.457262693e-16 2.457262693e-16 2.457262693e-16 2.457262693e-16 2.457262693e-16 2.457262693e-16

2.107734346e-16 2.107734346e-16 2.107734346e-16 2.107734346e-16 2.107734346e-16 2.107734346e-16
2.107734346e-16 2.107734346e-16 2.107734346e-16 2.107734346e-16 2.107734346e-16 2.107734346e-16
2.107734346e-16 2.107734346e-16 2.107734346e-16 4.639948756e-01 5.360051244e-01 2.107734346e-16
2.107734346e-16 2.107734346e-16 2.107734346e-16 0.000000000e+00 0.000000000e+00 2.107734346e-16
2.107734346e-16 2.107734346e-16 2.107734346e-16 2.107734346e-16 0.000000000e+00 2.107734346e-16
2.107734346e-16 2.107734346e-16 2.107734346e-16 2.107734346e-16 2.107734346e-16 2.107734346e-16

2.401191338e-16 2.401191338e-16 2.401191338e-16 2.401191338e-16 2.401191338e-16 2.401191338e-16
2.401191338e-16 2.401191338e-16 2.401191338e-16 2.953107640e-01 2.401191338e-16 2.401191338e-16
2.401191338e-16 2.401191338e-16 2.401191338e-16 4.626847110e-01 2.401191338e-16 2.401191338e-16
2.401191338e-16 2.401191338e-16 2.401191338e-16 0.000000000e+00 0.000000000e+00 0.000000000e+00
2.401191338e-16 2.401191338e-16 4.890736978e-02 0.000000000e+00 0.000000000e+00 2.401191338e-16
2.401191338e-16 2.401191338e-16 2.401191338e-16 1.930971552e-01 2.401191338e-16 2.401191338e-16

3.179365256e-16 3.179365256e-16 2.722704246e-02 3.470576132e-02 1.787888471e-02 3.179365256e-16
3.179365256e-16 9.441249767e-03 5.687421471e-03 6.475718522e-02 7.517145033e-03 5.687421471e-03
9.441249767e-03 1.787888471e-02 1.352704416e-02 4.328654130e-01 0.000000000e+00 6.475718522e-02
1.787888471e-02 9.441249767e-03 3.969556542e-03 0.000000000e+00 0.000000000e+00 0.000000000e+00
9.441249767e-03 4.519751342e-02 5.687421471e-03 0.000000000e+00 0.000000000e+00 0.000000000e+00
3.179365256e-16 1.567269062e-02 9.441249767e-03 1.787888471e-02 1.540194108e-01 3.179365256e-16

