2.381067676e-16 2.381067676e-16 2.381067676e-16 2.381067676e-16 2.381067676e-16 2.381067676e-16
2.381067676e-16 2.381067676e-16 2.222725404e-02 2.381067676e-16 2.381067676e-16 2.381067676e-16
2.381067676e-16 4.084817334e-01 6.181877369e-02 0.000000000e+00 2.381067676e-16 2.381067676e-16
2.381067676e-16 7.529597121e-04 2.381067676e-16 2.039068351e-02 7.070673808e-03 2.381067676e-16
2.381067676e-16 2.381067676e-16 2.381067676e-16 4.792579218e-01 2.381067676e-16 2.381067676e-16
2.381067676e-16 2.381067676e-16 2.381067676e-16 2.381067676e-16 2.381067676e-16 2.381067676e-16

1.782088925e-16 1.782088925e-16 1.340345825e-03 1.782088925e-16 1.782088925e-16 1.782088925e-16
1.782088925e-16 1.782088925e-16 1.782088925e-16 1.782088925e-16 1.782088925e-16 1.782088925e-16
1.782088925e-16 1.782088925e-16 9.986596542e-01 0.000000000e+00 1.782088925e-16 1.782088925e-16
1.782088925e-16 1.782088925e-16 0.000000000e+00 1.782088925e-16 0.000000000e+00 1.782088925e-16
1.782088925e-16 1.782088925e-16 1.782088925e-16 1.782088925e-16 1.782088925e-16 1.782088925e-16
1.782088925e-16 1.782088925e-16 1.782088925e-16 1.782088925e-16 1.782088925e-16 1.782088925e-16

6.912524823e-04 6.912524823e-04 6.912524823e-04 6.912524823e-04 6.912524823e-04 6.912524823e-04
6.912524823e-04 6.912524823e-04 0.000000000e+00 7.776300888e-01 6.912524823e-04 6.912524823e-04
6.912524823e-04 2.023235892e-01 0.000000000e+00 0.000000000e+00 6.912524823e-04 6.912524823e-04
6.912524823e-04 6.912524823e-04 0.000000000e+00 6.912524823e-04 0.000000000e+00 6.912524823e-04
6.912524823e-04 6.912524823e-04 6.912524823e-04 6.912524823e-04 6.912524823e-04 6.912524823e-04
6.912524823e-04 6.912524823e-04 6.912524823e-04 6.912524823e-04 6.912524823e-04 6.912524823e-04

9.120963048e-04 9.120963048e-04 9.120963048e-04 9.120963048e-04 9.120963048e-04 5.159595857e-03
3.065683525e-01 4.845122349e-02 0.000000000e+00 4.275052034e-01 5.159595857e-03 5.159595857e-03
2.169342830e-03 0.000000000e+00 0.000000000e+00 0.000000000e+00 0.000000000e+00 9.120963048e-04
3.381670801e-02 2.251489296e-02 0.000000000e+00 2.037123007e-02 0.000000000e+00 9.120963048e-04
9.120963048e-04 9.120963048e-04 5.159595857e-03 6.819510488e-03 5.159595857e-03 5.613650900e-02
3.601158732e-03 2.169342830e-03 2.918708175e-02 3.601158732e-03 2.169342830e-03 9.120963048e-04

7.315276210e-04 7.315276210e-04 7.315276210e-04 7.315276210e-04 7.315276210e-04 7.315276210e-04
7.315276210e-04 0.000000000e+00 0.000000000e+00 7.315276210e-04 7.315276210e-04 6.005917678e-02
0.000000000e+00 0.000000000e+00 0.000000000e+00 0.000000000e+00 0.000000000e+00 7.315276210e-04
2.525177323e-02 8.117719443e-01 0.000000000e+00 7.315276210e-04 0.000000000e+00 7.315276210e-04
7.315276210e-04 7.315276210e-04 6.227529367e-02 7.315276210e-04 7.315276210e-04 7.315276210e-04
7.315276210e-04 5.469444682e-03 1.981028727e-02 7.315276210e-04 7.315276210e-04 7.315276210e-04

0.000000000e+00 0.000000000e+00 0.000000000e+00 0.000000000e+00 0.000000000e+00 0.000000000e+00
0.000000000e+00 0.000000000e+00 0.000000000e+00 0.000000000e+00 0.000000000e+00 0.000000000e+00
0.000000000e+00 0.000000000e+00 0.000000000e+00 0.000000000e+00 0.000000000e+00 0.000000000e+00
0.000000000e+00 0.000000000e+00 0.000000000e+00 0.000000000e+00 0.000000000e+00 0.000000000e+00
0.000000000e+00 0.000000000e+00 0.000000000e+00 0.000000000e+00 0.000000000e+00 0.000000000e+00
0.000000000e+00 0.000000000e+00 0.000000000e+00 0.000000000e+00 0.000000000e+00 0.000000000e+00

