3.061815931e-16 3.061815931e-16 9.682312118e-04 9.682312118e-04 3.061815931e-16 3.061815931e-16
3.061815931e-16 3.061815931e-16 3.061815931e-16 9.092182437e-03 3.061815931e-16 3.061815931e-16
9.682312118e-04 3.061815931e-16 0.000000000e+00 1.319598455e-01 1.097223054e-01 3.061815931e-16
3.061815931e-16 3.061815931e-16 1.684490982e-01 3.061815931e-16 2.030694997e-01 9.682312118e-04
1.509323087e-02 3.061815931e-16 9.682312118e-04 1.128482219e-01 1.066141007e-01 8.835502080e-02
3.061815931e-16 3.061815931e-16 3.061815931e-16 4.613254663e-02 3.822791809e-03 3.061815931e-16

8.963152363e-04 8.963152363e-04 8.416854930e-03 8.963152363e-04 2.131808912e-03 8.963152363e-04
8.963152363e-04 8.963152363e-04 2.212534082e-02 0.000000000e+00 8.963152363e-04 8.963152363e-04
8.963152363e-04 4.029349113e-02 0.000000000e+00 6.701519480e-03 8.963152363e-04 8.963152363e-04
6.293066881e-02 8.963152363e-04 6.322702974e-01 0.000000000e+00 4.514613480e-02 2.131808912e-03
3.538851569e-03 5.010554493e-02 6.701519480e-03 2.212534082e-02 6.701519480e-03 2.131808912e-03
8.963152363e-04 5.070324653e-03 5.070324653e-03 6.031957547e-02 3.538851569e-03 8.963152363e-04

2.340665915e-03 4.424111407e-02 1.957101275e-01 2.340665915e-03 7.358078923e-03 9.241468751e-03
3.885558972e-03 5.567073120e-03 3.112088483e-16 0.000000000e+00 9.841287887e-04 2.340665915e-03
1.750055962e-02 2.028265821e-01 0.000000000e+00 3.625767825e-01 1.324080593e-02 2.340665915e-03
2.905132937e-02 0.000000000e+00 0.000000000e+00 0.000000000e+00 1.120532575e-02 7.358078923e-03
3.885558972e-03 1.750055962e-02 9.241468751e-03 9.841287887e-04 2.340665915e-03 3.885558972e-03
2.340665915e-03 1.534104957e-02 7.358078923e-03 9.241468751e-03 3.885558972e-03 3.885558972e-03

7.647042910e-04 1.818783567e-03 1.028859355e-02 3.851707703e-02 7.647042910e-04 7.647042910e-04
7.647042910e-04 7.647042910e-04 0.000000000e+00 0.000000000e+00 1.192056016e-02 7.647042910e-04
7.647042910e-04 7.754176335e-01 0.000000000e+00 0.000000000e+00 7.647042910e-04 5.717498147e-03
3.019222335e-03 0.000000000e+00 0.000000000e+00 0.000000000e+00 9.410568267e-02 3.437697399e-02
7.647042910e-04 7.647042910e-04 7.647042910e-04 7.647042910e-04 7.647042910e-04 7.647042910e-04
7.647042910e-04 7.647042910e-04 7.647042910e-04 1.028859355e-02 7.647042910e-04 7.647042910e-04

1.015755154e-03 2.415886513e-03 7.594541161e-03 3.506309000e-02 1.015755154e-03 1.015755154e-03
1.015755154e-03 1.015755154e-03 0.000000000e+00 0.000000000e+00 7.730836843e-02 1.015755154e-03
1.015755154e-03 1.838713236e-01 0.000000000e+00 0.000000000e+00 0.000000000e+00 7.131659558e-02
7.131659558e-02 0.000000000e+00 0.000000000e+00 0.000000000e+00 2.279323799e-01 1.556051865e-01
1.015755154e-03 2.998493478e-02 0.000000000e+00 1.156542469e-02 7.430040005e-02 1.015755154e-03
1.015755154e-03 2.268640038e-02 1.015755154e-03 1.583405582e-02 1.015755154e-03 1.015755154e-03

8.864529447e-04 3.499913052e-03 8.864529447e-04 2.457303639e-01 1.090882587e-01 8.864529447e-04
8.864529447e-04 8.864529447e-04 0.000000000e+00 0.000000000e+00 8.864529447e-04 8.363444567e-02
8.864529447e-04 1.775810189e-02 0.000000000e+00 0.000000000e+00 0.000000000e+00 2.188189236e-02
8.864529447e-04 0.000000000e+00 0.000000000e+00 0.000000000e+00 4.003780298e-01 8.864529447e-04
5.014535107e-03 0.000000000e+00 0.000000000e+00 9.760931307e-02 8.864529447e-04 8.864529447e-04
8.864529447e-04 8.864529447e-04 0.000000000e+00 2.108352298e-03 8.864529447e-04 8.864529447e-04

