2.554020676e-16 8.076522528e-04 2.554020676e-16 7.584264521e-03 8.076522528e-04 2.554020676e-16
2.554020676e-16 2.554020676e-16 8.076522528e-04 1.902209178e-01 8.076522528e-04 8.076522528e-04
8.076522528e-04 2.554020676e-16 2.618030028e-01 2.554020676e-16 4.812375630e-01 1.993671493e-02
8.076522528e-04 2.554020676e-16 6.038609059e-03 2.187179634e-02 8.076522528e-04 2.554020676e-16
8.076522528e-04 2.554020676e-16 2.554020676e-16 8.076522528e-04 2.554020676e-16 2.554020676e-16
8.076522528e-04 8.076522528e-04 8.076522528e-04 8.076522528e-04 2.554020676e-16 2.554020676e-16

2.364568668e-16 2.364568668e-16 2.364568668e-16 5.590677443e-03 7.477422677e-04 2.364568668e-16
2.364568668e-16 2.364568668e-16 7.477422677e-04 7.477422677e-04 2.364568668e-16 7.477422677e-04
2.364568668e-16 4.229869024e-03 3.094062179e-01 0.000000000e+00 5.590677443e-03 2.024939142e-02
4.229869024e-03 4.229869024e-03 2.364568668e-16 6.263578832e-01 7.477422677e-04 2.364568668e-16
2.364568668e-16 7.477422677e-04 5.590677443e-03 7.477422677e-04 2.364568668e-16 2.364568668e-16
0.000000000e+00 2.952252501e-03 5.590677443e-03 2.364568668e-16 2.364568668e-16 7.477422677e-04

2.237528013e-16 2.237528013e-16 2.237528013e-16 2.237528013e-16 2.237528013e-16 2.237528013e-16
2.237528013e-16 2.237528013e-16 2.237528013e-16 2.237528013e-16 2.237528013e-16 2.237528013e-16
2.237528013e-16 2.237528013e-16 8.476484472e-02 0.000000000e+00 2.237528013e-16 2.237528013e-16
2.237528013e-16 2.237528013e-16 0.000000000e+00 2.237528013e-16 5.622783204e-01 2.237528013e-16
2.237528013e-16 0.000000000e+00 2.237528013e-16 3.529568349e-01 2.237528013e-16 2.237528013e-16
0.000000000e+00 2.237528013e-16 2.237528013e-16 2.237528013e-16 2.237528013e-16 2.237528013e-16

2.222836352e-16 2.222836352e-16 2.222836352e-16 2.222836352e-16 2.222836352e-16 2.222836352e-16
2.222836352e-16 2.222836352e-16 2.222836352e-16 2.222836352e-16 2.222836352e-16 2.222836352e-16
2.222836352e-16 2.222836352e-16 6.917865142e-01 0.000000000e+00 2.222836352e-16 2.222836352e-16
2.222836352e-16 0.000000000e+00 0.000000000e+00 0.000000000e+00 1.372598852e-01 2.222836352e-16
2.775294397e-03 0.000000000e+00 2.222836352e-16 1.681783062e-01 2.222836352e-16 2.222836352e-16
0.000000000e+00 2.222836352e-16 2.222836352e-16 2.222836352e-16 2.222836352e-16 2.222836352e-16

0.000000000e+00 0.000000000e+00 0.000000000e+00 0.000000000e+00 0.000000000e+00 0.000000000e+00
0.000000000e+00 0.000000000e+00 0.000000000e+00 0.000000000e+00 0.000000000e+00 0.000000000e+00
0.000000000e+00 0.000000000e+00 0.000000000e+00 0.000000000e+00 0.000000000e+00 0.000000000e+00
0.000000000e+00 0.000000000e+00 0.000000000e+00 0.000000000e+00 0.000000000e+00 0.000000000e+00
0.000000000e+00 0.000000000e+00 0.000000000e+00 0.000000000e+00 0.000000000e+00 0.000000000e+00
0.000000000e+00 0.000000000e+00 0.000000000e+00 0.000000000e+00 0.000000000e+00 0.000000000e+00

0.000000000e+00 0.000000000e+00 0.000000000e+00 0.000000000e+00 0.000000000e+00 0.000000000e+00
0.000000000e+00 0.000000000e+00 0.000000000e+00 0.000000000e+00 0.000000000e+00 0.000000000e+00
0.000000000e+00 0.000000000e+00 0.000000000e+00 0.000000000e+00 0.000000000e+00 0.000000000e+00
0.000000000e+00 0.000000000e+00 0.000000000e+00 0.000000000e+00 0.000000000e+00 0.000000000e+00
0.000000000e+00 0.000000000e+00 0.000000000e+00 0.000000000e+00 0.000000000e+00 0.000000000e+00
0.000000000e+00 0.000000000e+00 0.000000000e+00 0.000000000e+00 0.000000000e+00 0.000000000e+00

