2.454900024e-16 2.454900024e-16 2.454900024e-16 2.454900024e-16 2.454900024e-16 2.454900024e-16
2.454900024e-16 2.454900024e-16 2.878223015e-02 7.763075505e-04 2.454900024e-16 2.454900024e-16
2.454900024e-16 1.733845389e-02 9.808110655e-02 2.454900024e-16 1.846380925e-03 2.454900024e-16
2.454900024e-16 2.454900024e-16 9.808110655e-02 6.802512666e-01 5.000130616e-02 2.454900024e-16
2.454900024e-16 2.454900024e-16 2.454900024e-16 2.484184161e-02 2.454900024e-16 2.454900024e-16
2.454900024e-16 2.454900024e-16 2.454900024e-16 2.454900024e-16 2.454900024e-16 2.454900024e-16

2.631689087e-16 2.631689087e-16 2.631689087e-16 2.631689087e-16 2.631689087e-16 2.631689087e-16
2.631689087e-16 2.631689087e-16 2.872736095e-02 2.631689087e-16 3.100028194e-01 2.631689087e-16
2.631689087e-16 7.338591364e-02 3.285762342e-03 0.000000000e+00 0.000000000e+00 2.631689087e-16
2.631689087e-16 2.631689087e-16 2.631689087e-16 4.115329623e-01 3.301236063e-02 2.631689087e-16
2.631689087e-16 1.134219996e-01 2.631689087e-16 2.663082114e-02 2.631689087e-16 2.631689087e-16
2.631689087e-16 2.631689087e-16 2.631689087e-16 2.631689087e-16 2.631689087e-16 2.631689087e-16

2.012452848e-16 2.012452848e-16 2.012452848e-16 2.012452848e-16 2.012452848e-16 1.788658596e-01
2.012452848e-16 2.012452848e-16 2.012452848e-16 2.012452848e-16 2.012452848e-16 2.012452848e-16
2.012452848e-16 2.012452848e-16 2.012452848e-16 0.000000000e+00 0.000000000e+00 2.012452848e-16
2.012452848e-16 2.012452848e-16 0.000000000e+00 2.012452848e-16 2.012452848e-16 2.012452848e-16
2.012452848e-16 8.211341404e-01 2.012452848e-16 2.012452848e-16 0.000000000e+00 2.012452848e-16
2.012452848e-16 2.012452848e-16 2.012452848e-16 2.012452848e-16 2.012452848e-16 2.012452848e-16

3.299710139e-16 5.255760737e-02 5.902700941e-03 5.542935734e-02 3.299710139e-16 1.815371040e-01
3.601943887e-02 5.902700941e-03 7.632695000e-02 1.855563372e-02 0.000000000e+00 3.299710139e-16
5.833118538e-02 4.413298329e-02 3.299710139e-16 0.000000000e+00 0.000000000e+00 3.299710139e-16
3.299710139e-16 3.299710139e-16 0.000000000e+00 1.043459966e-03 0.000000000e+00 3.299710139e-16
3.299710139e-16 3.299710139e-16 1.855563372e-02 1.082569063e-01 0.000000000e+00 1.043459966e-03
1.778844908e-01 3.299710139e-16 6.720836501e-02 2.481780031e-03 8.883024228e-02 3.299710139e-16

