2.454900024e-16 2.454900024e-16 2.454900024e-16 2.454900024e-16 2.454900024e-16 2.454900024e-16
2.454900024e-16 2.454900024e-16 2.878223015e-02 7.763075505e-04 2.454900024e-16 2.454900024e-16
2.454900024e-16 1.733845389e-02 9.808110655e-02 2.454900024e-16 1.846380925e-03 2.454900024e-16
2.454900024e-16 2.454900024e-16 9.808110655e-02 6.802512666e-01 5.000130616e-02 2.454900024e-16
2.454900024e-16 2.454900024e-16 2.454900024e-16 2.484184161e-02 2.454900024e-16 2.454900024e-16
2.454900024e-16 2.454900024e-16 2.454900024e-16 2.454900024e-16 2.454900024e-16 2.454900024e-16

2.442408751e-16 2.442408751e-16 2.442408751e-16 2.442408751e-16 2.442408751e-16 2.442408751e-16
2.442408751e-16 2.442408751e-16 2.442408751e-16 2.442408751e-16 2.442408751e-16 2.442408751e-16
2.442408751e-16 2.442408751e-16 4.054454407e-01 0.000000000e+00 2.442408751e-16 2.442408751e-16
2.442408751e-16 2.442408751e-16 1.370862934e-01 1.078505904e-01 3.488453180e-01 2.442408751e-16
2.442408751e-16 2.442408751e-16 2.442408751e-16 2.442408751e-16 0.000000000e+00 7.723574630e-04
2.442408751e-16 2.442408751e-16 2.442408751e-16 2.442408751e-16 2.442408751e-16 2.442408751e-16

1.836926082e-16 1.836926082e-16 1.836926082e-16 1.836926082e-16 1.836926082e-16 1.836926082e-16
1.836926082e-16 0.000000000e+00 0.000000000e+00 1.836926082e-16 1.836926082e-16 1.836926082e-16
1.836926082e-16 5.454824011e-03 1.836926082e-16 0.000000000e+00 1.836926082e-16 1.836926082e-16
1.836926082e-16 1.836926082e-16 9.842153815e-01 1.836926082e-16 1.032979447e-02 1.836926082e-16
1.836926082e-16 1.836926082e-16 1.836926082e-16 1.836926082e-16 0.000000000e+00 1.836926082e-16
1.836926082e-16 1.836926082e-16 1.836926082e-16 1.836926082e-16 1.836926082e-16 1.836926082e-16

2.304994115e-16 2.304994115e-16 2.304994115e-16 2.304994115e-16 2.304994115e-16 2.304994115e-16
2.304994115e-16 0.000000000e+00 0.000000000e+00 2.304994115e-16 2.304994115e-16 2.304994115e-16
4.805742007e-01 2.304994115e-16 0.000000000e+00 0.000000000e+00 3.794483393e-01 5.449822108e-03
2.304994115e-16 2.304994115e-16 1.345276379e-01 2.304994115e-16 2.304994115e-16 2.304994115e-16
2.304994115e-16 2.304994115e-16 2.304994115e-16 2.304994115e-16 0.000000000e+00 2.304994115e-16
0.000000000e+00 2.304994115e-16 2.304994115e-16 2.304994115e-16 2.304994115e-16 2.304994115e-16

