2.495939440e-16 2.495939440e-16 2.495939440e-16 2.495939440e-16 2.495939440e-16 2.495939440e-16
2.495939440e-16 0.000000000e+00 3.398180988e-01 7.892853534e-04 2.495939440e-16 2.495939440e-16
2.495939440e-16 2.495939440e-16 4.177872940e-01 1.023243852e-01 2.495939440e-16 2.495939440e-16
2.495939440e-16 7.892853534e-04 1.182190338e-01 1.948333214e-02 2.495939440e-16 2.495939440e-16
2.495939440e-16 2.495939440e-16 2.495939440e-16 7.892853534e-04 2.495939440e-16 2.495939440e-16
2.495939440e-16 2.495939440e-16 2.495939440e-16 2.495939440e-16 2.495939440e-16 2.495939440e-16

2.068868457e-16 2.068868457e-16 2.068868457e-16 2.093547681e-02 2.068868457e-16 2.068868457e-16
2.068868457e-16 0.000000000e+00 2.068868457e-16 8.802283701e-03 2.068868457e-16 2.068868457e-16
2.068868457e-16 0.000000000e+00 0.000000000e+00 3.295282661e-02 2.068868457e-16 2.068868457e-16
1.614961110e-02 6.542336504e-04 8.802283701e-03 9.097405835e-01 6.542336504e-04 2.068868457e-16
2.068868457e-16 2.068868457e-16 2.068868457e-16 6.542336504e-04 2.068868457e-16 2.068868457e-16
2.068868457e-16 6.542336504e-04 2.068868457e-16 2.068868457e-16 2.068868457e-16 2.068868457e-16

2.150097092e-16 2.150097092e-16 2.150097092e-16 2.684476709e-03 2.150097092e-16 2.150097092e-16
2.684476709e-03 0.000000000e+00 0.000000000e+00 2.150097092e-16 2.150097092e-16 2.150097092e-16
2.150097092e-16 0.000000000e+00 0.000000000e+00 2.150097092e-16 2.150097092e-16 2.150097092e-16
2.684476709e-03 2.150097092e-16 2.150097092e-16 5.467781371e-01 2.150097092e-16 2.150097092e-16
2.150097092e-16 2.150097092e-16 0.000000000e+00 4.451684328e-01 2.150097092e-16 2.150097092e-16
2.150097092e-16 2.150097092e-16 2.150097092e-16 2.150097092e-16 2.150097092e-16 2.150097092e-16

2.067416569e-16 2.067416569e-16 2.067416569e-16 2.067416569e-16 2.067416569e-16 2.067416569e-16
2.067416569e-16 0.000000000e+00 0.000000000e+00 2.067416569e-16 2.067416569e-16 2.067416569e-16
2.067416569e-16 0.000000000e+00 0.000000000e+00 2.067416569e-16 2.067416569e-16 2.067416569e-16
2.328996570e-01 2.067416569e-16 0.000000000e+00 7.622122383e-01 2.067416569e-16 2.067416569e-16
2.067416569e-16 4.888104682e-03 0.000000000e+00 2.067416569e-16 2.067416569e-16 2.067416569e-16
2.067416569e-16 2.067416569e-16 0.000000000e+00 2.067416569e-16 2.067416569e-16 2.067416569e-16

2.073066283e-16 2.073066283e-16 2.073066283e-16 7.464242462e-03 2.073066283e-16 2.073066283e-16
2.073066283e-16 0.000000000e+00 0.000000000e+00 2.073066283e-16 2.073066283e-16 2.073066283e-16
2.073066283e-16 0.000000000e+00 0.000000000e+00 2.073066283e-16 2.073066283e-16 2.073066283e-16
2.073066283e-16 0.000000000e+00 0.000000000e+00 2.282405907e-01 2.073066283e-16 2.073066283e-16
2.073066283e-16 0.000000000e+00 0.000000000e+00 7.642951669e-01 2.073066283e-16 2.073066283e-16
2.073066283e-16 2.073066283e-16 0.000000000e+00 2.073066283e-16 2.073066283e-16 2.073066283e-16

