2.418207324e-16 2.418207324e-16 3.643526086e-02 7.647042999e-04 7.647042999e-04 2.418207324e-16
7.647042999e-04 7.647042999e-04 1.119401107e-01 7.647042999e-04 2.418207324e-16 7.647042999e-04
1.028859367e-02 7.214778924e-02 2.418207324e-16 7.298989513e-01 7.647042999e-04 7.647042999e-04
7.647042999e-04 1.818783589e-03 2.447053759e-02 7.647042999e-04 2.418207324e-16 7.647042999e-04
7.647042999e-04 2.418207324e-16 2.418207324e-16 2.418207324e-16 2.418207324e-16 7.647042999e-04
2.418207324e-16 7.647042999e-04 7.647042999e-04 7.647042999e-04 7.647042999e-04 2.418207324e-16

2.269379320e-16 2.269379320e-16 1.118691221e-02 2.269379320e-16 7.176407527e-04 2.269379320e-16
2.269379320e-16 2.269379320e-16 7.176407527e-04 8.171083395e-03 2.269379320e-16 2.269379320e-16
7.176407527e-04 7.445380780e-02 0.000000000e+00 8.073157877e-01 5.676093199e-02 2.269379320e-16
2.269379320e-16 2.269379320e-16 0.000000000e+00 2.269379320e-16 2.269379320e-16 2.477240917e-02
2.269379320e-16 2.269379320e-16 1.706846978e-03 1.276165774e-02 2.269379320e-16 2.269379320e-16
2.269379320e-16 2.269379320e-16 2.269379320e-16 7.176407527e-04 2.269379320e-16 2.269379320e-16

2.089406913e-16 2.089406913e-16 2.089406913e-16 2.089406913e-16 2.089406913e-16 2.089406913e-16
2.089406913e-16 2.089406913e-16 2.089406913e-16 6.502608813e-01 2.089406913e-16 2.089406913e-16
2.089406913e-16 2.089406913e-16 0.000000000e+00 2.089406913e-16 3.497391187e-01 2.089406913e-16
2.089406913e-16 0.000000000e+00 0.000000000e+00 0.000000000e+00 2.089406913e-16 2.089406913e-16
2.089406913e-16 2.089406913e-16 2.089406913e-16 2.089406913e-16 2.089406913e-16 2.089406913e-16
2.089406913e-16 2.089406913e-16 2.089406913e-16 2.089406913e-16 2.089406913e-16 2.089406913e-16

1.773306804e-16 1.773306804e-16 1.773306804e-16 1.773306804e-16 1.773306804e-16 1.773306804e-16
1.773306804e-16 1.773306804e-16 1.773306804e-16 1.773306804e-16 1.773306804e-16 1.773306804e-16
1.773306804e-16 1.773306804e-16 0.000000000e+00 0.000000000e+00 1.000000000e+00 1.773306804e-16
1.773306804e-16 0.000000000e+00 0.000000000e+00 0.000000000e+00 1.773306804e-16 1.773306804e-16
1.773306804e-16 0.000000000e+00 1.773306804e-16 1.773306804e-16 1.773306804e-16 1.773306804e-16
1.773306804e-16 1.773306804e-16 1.773306804e-16 1.773306804e-16 1.773306804e-16 1.773306804e-16

