2.664219589e-16 6.663654048e-02 3.326377892e-03 6.299158303e-03 1.687760714e-02 2.664219589e-16
1.313327850e-02 0.000000000e+00 6.663654048e-02 8.425002089e-04 2.664219589e-16 2.664219589e-16
2.003814486e-03 2.664219589e-16 6.021387173e-01 8.425002089e-04 2.664219589e-16 2.664219589e-16
2.664219589e-16 1.313327850e-02 1.614966510e-01 8.425002089e-04 2.664219589e-16 2.664219589e-16
2.003814486e-03 4.765900887e-03 2.664219589e-16 2.664219589e-16 2.664219589e-16 2.664219589e-16
2.664219589e-16 2.664219589e-16 3.326377892e-03 1.687760714e-02 1.881683492e-02 2.664219589e-16

2.724806123e-16 1.726141774e-02 7.335346981e-02 3.644375355e-02 6.442406316e-03 2.724806123e-16
8.616593531e-04 0.000000000e+00 2.724806123e-16 5.760031274e-01 2.724806123e-16 8.616593531e-04
6.815190994e-02 0.000000000e+00 0.000000000e+00 2.757309929e-02 2.724806123e-16 8.616593531e-04
2.724806123e-16 4.816822217e-02 1.319989997e-01 8.616593531e-04 2.724806123e-16 8.616593531e-04
8.616593531e-04 8.616593531e-04 8.616593531e-04 2.724806123e-16 2.724806123e-16 8.616593531e-04
8.616593531e-04 2.724806123e-16 8.616593531e-04 3.402022447e-03 8.616593531e-04 8.616593531e-04

2.448611722e-16 1.841651363e-03 1.841651363e-03 1.041795334e-02 3.057183399e-03 2.448611722e-16
7.743190147e-04 0.000000000e+00 0.000000000e+00 3.728893405e-01 2.448611722e-16 2.448611722e-16
1.841651363e-03 0.000000000e+00 0.000000000e+00 2.448611722e-16 0.000000000e+00 2.448611722e-16
2.448611722e-16 3.057183399e-03 2.357135735e-01 3.662425357e-01 7.743190147e-04 2.448611722e-16
2.448611722e-16 2.448611722e-16 2.448611722e-16 2.448611722e-16 2.448611722e-16 2.448611722e-16
7.743190147e-04 2.448611722e-16 2.448611722e-16 7.743190147e-04 2.448611722e-16 2.448611722e-16

7.553308586e-04 1.513136419e-02 7.553308586e-04 3.508010328e-01 7.092940077e-03 7.553308586e-04
7.553308586e-04 0.000000000e+00 0.000000000e+00 0.000000000e+00 5.647415394e-03 1.796489662e-03
2.982213942e-03 0.000000000e+00 0.000000000e+00 0.000000000e+00 0.000000000e+00 7.553308586e-04
7.553308586e-04 7.553308586e-04 1.016248018e-02 5.894829569e-01 7.553308586e-04 7.553308586e-04
7.553308586e-04 7.553308586e-04 7.553308586e-04 7.553308586e-04 7.553308586e-04 7.553308586e-04
7.553308586e-04 7.553308586e-04 7.553308586e-04 1.796489662e-03 7.553308586e-04 7.553308586e-04

9.150564495e-04 3.158704783e-02 1.041886561e-02 2.087186672e-01 8.069116992e-02 2.176383281e-03
2.893662568e-16 0.000000000e+00 0.000000000e+00 0.000000000e+00 0.000000000e+00 6.841642732e-03
1.833110912e-02 0.000000000e+00 0.000000000e+00 0.000000000e+00 0.000000000e+00 2.893662568e-16
2.893662568e-16 1.919170268e-01 2.893662568e-16 3.149035876e-01 1.156110733e-01 2.176383281e-03
2.893662568e-16 9.150564495e-04 0.000000000e+00 2.176383281e-03 2.893662568e-16 2.176383281e-03
2.176383281e-03 2.893662568e-16 9.150564495e-04 5.176340964e-03 2.893662568e-16 2.176383281e-03

1.815253347e-16 1.815253347e-16 1.815253347e-16 1.815253347e-16 1.815253347e-16 1.815253347e-16
1.815253347e-16 0.000000000e+00 0.000000000e+00 0.000000000e+00 0.000000000e+00 1.815253347e-16
1.815253347e-16 0.000000000e+00 0.000000000e+00 0.000000000e+00 0.000000000e+00 1.815253347e-16
1.149947736e-02 1.815253347e-16 0.000000000e+00 1.815253347e-16 1.815253347e-16 1.815253347e-16
1.815253347e-16 9.885005226e-01 0.000000000e+00 0.000000000e+00 1.815253347e-16 1.815253347e-16
1.815253347e-16 1.815253347e-16 1.815253347e-16 1.815253347e-16 1.815253347e-16 1.815253347e-16

1.773306804e-16 1.773306804e-16 1.773306804e-16 1.773306804e-16 1.773306804e-16 1.773306804e-16
1.773306804e-16 0.000000000e+00 0.000000000e+00 0.000000000e+00 0.000000000e+00 1.773306804e-16
1.773306804e-16 0.000000000e+00 0.000000000e+00 0.000000000e+00 0.000000000e+00 1.773306804e-16
1.773306804e-16 0.000000000e+00 0.000000000e+00 1.773306804e-16 1.773306804e-16 1.773306804e-16
1.773306804e-16 1.000000000e+00 0.000000000e+00 0.000000000e+00 1.773306804e-16 1.773306804e-16
1.773306804e-16 1.773306804e-16 1.773306804e-16 1.773306804e-16 0.000000000e+00 1.773306804e-16

