2.495939440e-16 2.495939440e-16 2.495939440e-16 2.495939440e-16 2.495939440e-16 2.495939440e-16
2.495939440e-16 0.000000000e+00 3.398180988e-01 7.892853534e-04 2.495939440e-16 2.495939440e-16
2.495939440e-16 2.495939440e-16 4.177872940e-01 1.023243852e-01 2.495939440e-16 2.495939440e-16
2.495939440e-16 7.892853534e-04 1.182190338e-01 1.948333214e-02 2.495939440e-16 2.495939440e-16
2.495939440e-16 2.495939440e-16 2.495939440e-16 7.892853534e-04 2.495939440e-16 2.495939440e-16
2.495939440e-16 2.495939440e-16 2.495939440e-16 2.495939440e-16 2.495939440e-16 2.495939440e-16

1.861132780e-16 1.861132780e-16 1.861132780e-16 1.861132780e-16 1.861132780e-16 1.861132780e-16
1.861132780e-16 0.000000000e+00 1.399796338e-03 1.861132780e-16 1.861132780e-16 1.861132780e-16
1.861132780e-16 0.000000000e+00 9.744558443e-01 1.861132780e-16 0.000000000e+00 1.861132780e-16
1.861132780e-16 1.861132780e-16 1.861132780e-16 2.182066540e-02 2.323693948e-03 1.861132780e-16
1.861132780e-16 1.861132780e-16 1.861132780e-16 1.861132780e-16 1.861132780e-16 1.861132780e-16
1.861132780e-16 1.861132780e-16 1.861132780e-16 1.861132780e-16 1.861132780e-16 1.861132780e-16

2.129150748e-16 2.129150748e-16 2.129150748e-16 2.658324413e-03 2.129150748e-16 2.129150748e-16
2.129150748e-16 0.000000000e+00 2.129150748e-16 2.129150748e-16 2.129150748e-16 2.129150748e-16
2.129150748e-16 0.000000000e+00 0.000000000e+00 0.000000000e+00 0.000000000e+00 2.129150748e-16
2.658324413e-03 2.129150748e-16 2.129150748e-16 3.981634049e-01 5.965199463e-01 2.129150748e-16
2.129150748e-16 2.129150748e-16 2.129150748e-16 2.129150748e-16 2.129150748e-16 2.129150748e-16
2.129150748e-16 2.129150748e-16 2.129150748e-16 2.129150748e-16 2.129150748e-16 2.129150748e-16

2.395860974e-16 7.114603086e-03 2.395860974e-16 1.517757787e-02 1.801976438e-03 5.541964387e-02
7.114603086e-03 0.000000000e+00 0.000000000e+00 0.000000000e+00 2.395860974e-16 2.395860974e-16
2.395860974e-16 0.000000000e+00 0.000000000e+00 0.000000000e+00 0.000000000e+00 2.395860974e-16
2.991322115e-03 4.285846402e-03 6.933961647e-01 4.285846402e-03 1.955398468e-01 2.395860974e-16
1.801976438e-03 5.664663531e-03 2.395860974e-16 1.801976438e-03 2.395860974e-16 1.801976438e-03
2.395860974e-16 2.395860974e-16 2.395860974e-16 1.801976438e-03 2.395860974e-16 2.395860974e-16

2.052402421e-16 2.052402421e-16 0.000000000e+00 7.389840559e-03 2.052402421e-16 3.628169174e-02
2.052402421e-16 0.000000000e+00 0.000000000e+00 0.000000000e+00 0.000000000e+00 2.562501255e-03
2.052402421e-16 0.000000000e+00 0.000000000e+00 0.000000000e+00 0.000000000e+00 2.052402421e-16
3.671449065e-03 1.543654179e-03 9.232467981e-01 6.094689448e-03 8.732226700e-03 1.543654179e-03
2.052402421e-16 7.389840559e-03 2.052402421e-16 1.543654179e-03 2.052402421e-16 2.052402421e-16
2.052402421e-16 2.052402421e-16 2.052402421e-16 2.052402421e-16 2.052402421e-16 2.052402421e-16

2.016344927e-16 2.016344927e-16 0.000000000e+00 2.866414192e-02 2.016344927e-16 2.364043471e-02
0.000000000e+00 0.000000000e+00 0.000000000e+00 0.000000000e+00 0.000000000e+00 6.376242519e-04
9.206662078e-01 0.000000000e+00 0.000000000e+00 0.000000000e+00 0.000000000e+00 2.016344927e-16
2.016344927e-16 2.016344927e-16 2.040397606e-02 0.000000000e+00 2.016344927e-16 2.016344927e-16
2.016344927e-16 5.987615307e-03 2.016344927e-16 2.016344927e-16 2.016344927e-16 2.016344927e-16
2.016344927e-16 2.016344927e-16 2.016344927e-16 2.016344927e-16 2.016344927e-16 2.016344927e-16

1.849289699e-16 1.849289699e-16 0.000000000e+00 5.847967504e-04 1.849289699e-16 1.039932020e-02
0.000000000e+00 0.000000000e+00 0.000000000e+00 0.000000000e+00 0.000000000e+00 1.849289699e-16
0.000000000e+00 0.000000000e+00 0.000000000e+00 0.000000000e+00 0.000000000e+00 1.849289699e-16
0.000000000e+00 1.849289699e-16 7.868055857e-03 0.000000000e+00 1.849289699e-16 1.849289699e-16
1.849289699e-16 9.811478272e-01 1.849289699e-16 1.849289699e-16 1.849289699e-16 1.849289699e-16
1.849289699e-16 1.849289699e-16 1.849289699e-16 1.849289699e-16 1.849289699e-16 1.849289699e-16

0.000000000e+00 0.000000000e+00 0.000000000e+00 0.000000000e+00 0.000000000e+00 0.000000000e+00
0.000000000e+00 0.000000000e+00 0.000000000e+00 0.000000000e+00 0.000000000e+00 0.000000000e+00
0.000000000e+00 0.000000000e+00 0.000000000e+00 0.000000000e+00 0.000000000e+00 0.000000000e+00
0.000000000e+00 0.000000000e+00 0.000000000e+00 0.000000000e+00 0.000000000e+00 0.000000000e+00
0.000000000e+00 0.000000000e+00 0.000000000e+00 0.000000000e+00 0.000000000e+00 0.000000000e+00
0.000000000e+00 0.000000000e+00 0.000000000e+00 0.000000000e+00 0.000000000e+00 0.000000000e+00

