2.566446434e-16 8.115816225e-04 2.566446434e-16 2.566446434e-16 2.566446434e-16 2.566446434e-16
2.566446434e-16 0.000000000e+00 2.566446434e-16 8.115816225e-04 2.566446434e-16 2.566446434e-16
2.566446434e-16 2.566446434e-16 2.801517605e-02 1.555699484e-01 2.566446434e-16 2.566446434e-16
2.566446434e-16 2.566446434e-16 3.528331176e-01 2.566446434e-16 3.256971191e-01 1.930277280e-03
2.566446434e-16 2.566446434e-16 2.566446434e-16 1.327080350e-01 2.566446434e-16 8.115816225e-04
2.566446434e-16 2.566446434e-16 2.566446434e-16 8.115816225e-04 2.566446434e-16 2.566446434e-16

1.039055674e-02 2.471304800e-02 8.272985450e-03 1.967658632e-02 8.272985450e-03 4.368690956e-03
4.974207220e-02 0.000000000e+00 5.272032831e-02 1.724856191e-02 2.631705267e-03 2.631705267e-03
6.259285257e-03 0.000000000e+00 3.499046831e-16 1.732979098e-01 1.488717312e-02 6.259285257e-03
1.106495763e-03 1.967658632e-02 3.411790454e-01 0.000000000e+00 1.039055674e-02 8.272985450e-03
2.731360003e-02 2.631705267e-03 1.259860051e-02 3.266358348e-02 1.724856191e-02 8.272985450e-03
2.216616754e-02 1.488717312e-02 1.039055674e-02 4.389264538e-02 1.967658632e-02 6.259285257e-03

6.020367905e-03 7.924559443e-01 1.915128949e-03 8.052125339e-04 3.179157872e-03 3.179157872e-03
8.052125339e-04 0.000000000e+00 0.000000000e+00 3.836532464e-02 3.179157872e-03 3.179157872e-03
4.554969944e-03 0.000000000e+00 0.000000000e+00 2.576680108e-02 4.554969944e-03 3.179157872e-03
3.179157872e-03 1.083360533e-02 4.727452908e-02 0.000000000e+00 3.179157872e-03 3.179157872e-03
3.179157872e-03 1.915128949e-03 6.020367905e-03 3.179157872e-03 3.179157872e-03 3.179157872e-03
1.915128949e-03 3.179157872e-03 3.179157872e-03 4.554969944e-03 4.554969944e-03 3.179157872e-03

