7.943555016e-04 7.943555016e-04 7.943555016e-04 7.943555016e-04 7.943555016e-04 7.943555016e-04
7.943555016e-04 2.511972657e-16 2.511972657e-16 1.889306429e-03 2.511972657e-16 7.943555016e-04
7.943555016e-04 2.511972657e-16 7.943555016e-04 2.344925134e-02 7.459401279e-03 7.943555016e-04
7.943555016e-04 7.943555016e-04 5.273672137e-01 2.511972657e-16 3.353343858e-01 1.591313562e-02
7.943555016e-04 2.511972657e-16 7.943555016e-04 6.762386098e-02 7.943555016e-04 7.943555016e-04
2.511972657e-16 2.511972657e-16 2.511972657e-16 7.459401279e-03 2.511972657e-16 2.511972657e-16

1.901942735e-16 1.901942735e-16 1.901942735e-16 1.901942735e-16 1.901942735e-16 1.901942735e-16
1.901942735e-16 1.901942735e-16 1.901942735e-16 1.901942735e-16 1.901942735e-16 6.014471021e-04
1.901942735e-16 1.901942735e-16 5.647893511e-03 0.000000000e+00 1.901942735e-16 6.014471021e-04
1.901942735e-16 1.901942735e-16 9.694093630e-01 0.000000000e+00 6.014471021e-04 1.901942735e-16
1.901942735e-16 1.901942735e-16 1.901942735e-16 1.628761448e-02 5.647893511e-03 1.901942735e-16
1.901942735e-16 1.901942735e-16 6.014471021e-04 6.014471021e-04 1.901942735e-16 1.901942735e-16

1.976207027e-16 1.976207027e-16 1.976207027e-16 1.976207027e-16 1.976207027e-16 1.976207027e-16
1.976207027e-16 1.976207027e-16 1.976207027e-16 1.976207027e-16 1.976207027e-16 1.976207027e-16
1.976207027e-16 1.976207027e-16 0.000000000e+00 0.000000000e+00 1.976207027e-16 1.976207027e-16
1.976207027e-16 1.976207027e-16 3.669011933e-02 0.000000000e+00 1.976207027e-16 1.976207027e-16
1.976207027e-16 1.976207027e-16 0.000000000e+00 1.976207027e-16 9.157468070e-01 1.976207027e-16
1.976207027e-16 1.976207027e-16 1.976207027e-16 4.756307366e-02 1.976207027e-16 1.976207027e-16

1.773306804e-16 1.773306804e-16 1.773306804e-16 0.000000000e+00 1.773306804e-16 1.773306804e-16
1.773306804e-16 1.773306804e-16 1.773306804e-16 1.773306804e-16 1.773306804e-16 1.773306804e-16
1.773306804e-16 1.773306804e-16 0.000000000e+00 0.000000000e+00 1.773306804e-16 1.773306804e-16
1.773306804e-16 1.773306804e-16 1.773306804e-16 0.000000000e+00 1.773306804e-16 1.773306804e-16
1.773306804e-16 1.773306804e-16 0.000000000e+00 0.000000000e+00 1.000000000e+00 1.773306804e-16
1.773306804e-16 1.773306804e-16 1.773306804e-16 1.773306804e-16 1.773306804e-16 1.773306804e-16

