2.464722198e-16 2.464722198e-16 2.464722198e-16 2.464722198e-16 2.464722198e-16 2.464722198e-16
2.464722198e-16 2.464722198e-16 7.794135947e-04 8.874431194e-03 2.464722198e-16 2.464722198e-16
2.464722198e-16 2.464722198e-16 2.464722198e-16 2.281275800e-01 1.923964998e-02 2.464722198e-16
2.464722198e-16 3.713610299e-02 5.752422274e-01 1.167404434e-01 2.464722198e-16 2.464722198e-16
2.464722198e-16 2.464722198e-16 1.386015147e-02 2.464722198e-16 2.464722198e-16 2.464722198e-16
2.464722198e-16 2.464722198e-16 2.464722198e-16 2.464722198e-16 2.464722198e-16 2.464722198e-16

2.192466210e-02 2.560193934e-16 2.560193934e-16 2.560193934e-16 2.560193934e-16 2.560193934e-16
2.560193934e-16 3.760074931e-01 2.560193934e-16 2.560193934e-16 2.560193934e-16 2.560193934e-16
2.560193934e-16 2.560193934e-16 0.000000000e+00 2.949819163e-01 1.262048372e-02 2.560193934e-16
2.560193934e-16 2.560193934e-16 0.000000000e+00 2.560193934e-16 2.560193934e-16 2.560193934e-16
2.560193934e-16 2.560193934e-16 2.560193934e-16 2.560193934e-16 1.786896686e-01 2.560193934e-16
2.560193934e-16 2.560193934e-16 2.560193934e-16 2.560193934e-16 2.560193934e-16 1.157757762e-01

2.584256205e-16 2.584256205e-16 2.584256205e-16 2.584256205e-16 2.584256205e-16 2.584256205e-16
2.584256205e-16 9.304823032e-03 2.584256205e-16 3.725774497e-01 2.584256205e-16 2.584256205e-16
2.584256205e-16 2.779507814e-01 0.000000000e+00 2.584256205e-16 1.141142151e-01 2.584256205e-16
2.584256205e-16 0.000000000e+00 0.000000000e+00 0.000000000e+00 2.584256205e-16 2.584256205e-16
2.584256205e-16 2.584256205e-16 2.584256205e-16 1.803691036e-01 2.584256205e-16 2.584256205e-16
2.584256205e-16 2.584256205e-16 2.584256205e-16 4.568362717e-02 2.584256205e-16 2.584256205e-16

1.556662256e-03 2.069697622e-16 2.069697622e-16 4.595242861e-02 2.069697622e-16 2.069697622e-16
2.069697622e-16 1.556662256e-03 2.069697622e-16 2.069697622e-16 2.069697622e-16 2.069697622e-16
2.584094960e-03 1.020258067e-02 0.000000000e+00 0.000000000e+00 9.066275265e-01 1.556662256e-03
2.069697622e-16 0.000000000e+00 0.000000000e+00 0.000000000e+00 2.069697622e-16 2.069697622e-16
2.069697622e-16 0.000000000e+00 2.069697622e-16 2.426596305e-02 2.069697622e-16 2.069697622e-16
2.069697622e-16 1.556662256e-03 2.069697622e-16 2.584094960e-03 2.069697622e-16 1.556662256e-03

