7.943555016e-04 7.943555016e-04 7.943555016e-04 7.943555016e-04 7.943555016e-04 7.943555016e-04
7.943555016e-04 2.511972657e-16 2.511972657e-16 1.889306429e-03 2.511972657e-16 7.943555016e-04
7.943555016e-04 2.511972657e-16 7.943555016e-04 2.344925134e-02 7.459401279e-03 7.943555016e-04
7.943555016e-04 7.943555016e-04 5.273672137e-01 2.511972657e-16 3.353343858e-01 1.591313562e-02
7.943555016e-04 2.511972657e-16 7.943555016e-04 6.762386098e-02 7.943555016e-04 7.943555016e-04
2.511972657e-16 2.511972657e-16 2.511972657e-16 7.459401279e-03 2.511972657e-16 2.511972657e-16

2.230561137e-16 7.053653654e-04 7.053653654e-04 2.230561137e-16 9.490227315e-03 2.230561137e-16
2.230561137e-16 2.230561137e-16 2.230561137e-16 7.053653654e-04 7.053653654e-04 1.677651022e-03
2.230561137e-16 2.230561137e-16 1.254336706e-02 7.187690311e-01 2.230561137e-16 7.053653654e-04
2.230561137e-16 2.230561137e-16 0.000000000e+00 0.000000000e+00 2.399089571e-01 7.053653654e-04
2.230561137e-16 2.230561137e-16 2.230561137e-16 1.099555786e-02 7.053653654e-04 2.230561137e-16
2.230561137e-16 2.230561137e-16 2.230561137e-16 1.677651022e-03 2.230561137e-16 2.230561137e-16

1.924112313e-16 1.924112313e-16 1.924112313e-16 1.924112313e-16 1.924112313e-16 1.924112313e-16
1.924112313e-16 1.924112313e-16 1.924112313e-16 7.888156508e-02 1.924112313e-16 1.924112313e-16
1.924112313e-16 1.924112313e-16 9.211184349e-01 1.924112313e-16 0.000000000e+00 1.924112313e-16
1.924112313e-16 1.924112313e-16 0.000000000e+00 0.000000000e+00 1.924112313e-16 1.924112313e-16
1.924112313e-16 1.924112313e-16 0.000000000e+00 1.924112313e-16 1.924112313e-16 1.924112313e-16
1.924112313e-16 1.924112313e-16 1.924112313e-16 1.924112313e-16 1.924112313e-16 1.924112313e-16

6.972873437e-04 1.658438140e-03 6.972873437e-04 1.721238188e-02 6.972873437e-04 2.205016189e-16
6.972873437e-04 6.972873437e-04 6.972873437e-04 8.633404961e-01 8.580924975e-02 1.658438140e-03
6.972873437e-04 1.658438140e-03 0.000000000e+00 0.000000000e+00 0.000000000e+00 6.972873437e-04
6.972873437e-04 6.972873437e-04 0.000000000e+00 0.000000000e+00 3.944452873e-03 6.972873437e-04
1.658438140e-03 6.972873437e-04 0.000000000e+00 1.658438140e-03 3.944452873e-03 6.972873437e-04
6.972873437e-04 6.972873437e-04 1.658438140e-03 3.944452873e-03 6.972873437e-04 6.972873437e-04

