2.691730821e-16 2.691730821e-16 2.691730821e-16 2.691730821e-16 2.691730821e-16 2.691730821e-16
2.691730821e-16 2.691730821e-16 2.691730821e-16 9.372753529e-02 2.691730821e-16 2.691730821e-16
2.691730821e-16 2.691730821e-16 1.570989647e-01 3.066799267e-01 1.513671477e-02 2.691730821e-16
2.691730821e-16 5.976311084e-02 3.415964433e-01 2.691730821e-16 6.364204594e-03 2.691730821e-16
2.691730821e-16 2.691730821e-16 6.364204594e-03 1.326889520e-02 2.691730821e-16 2.691730821e-16
2.691730821e-16 2.691730821e-16 2.691730821e-16 2.691730821e-16 2.691730821e-16 2.691730821e-16

2.244246927e-16 2.244246927e-16 2.244246927e-16 2.244246927e-16 2.244246927e-16 2.244246927e-16
2.244246927e-16 1.087190560e-01 2.244246927e-16 2.244246927e-16 2.244246927e-16 2.244246927e-16
2.244246927e-16 2.244246927e-16 2.244246927e-16 1.385819857e-01 9.548455378e-03 2.244246927e-16
2.244246927e-16 2.244246927e-16 5.306194249e-03 0.000000000e+00 0.000000000e+00 2.244246927e-16
2.244246927e-16 2.244246927e-16 4.014630949e-03 2.244246927e-16 7.338296777e-01 2.244246927e-16
2.244246927e-16 2.244246927e-16 2.244246927e-16 2.244246927e-16 2.244246927e-16 2.244246927e-16

1.742126645e-03 2.316286246e-16 2.316286246e-16 2.316286246e-16 2.316286246e-16 2.316286246e-16
2.316286246e-16 1.742126645e-03 1.430304053e-01 2.316286246e-16 0.000000000e+00 2.316286246e-16
2.316286246e-16 2.316286246e-16 0.000000000e+00 2.316286246e-16 2.316286246e-16 2.316286246e-16
2.316286246e-16 3.097987942e-02 2.316286246e-16 0.000000000e+00 0.000000000e+00 2.316286246e-16
2.316286246e-16 2.316286246e-16 6.739490357e-01 2.316286246e-16 1.456644562e-01 2.316286246e-16
2.316286246e-16 2.316286246e-16 2.891970089e-03 2.316286246e-16 2.316286246e-16 2.316286246e-16

1.041231741e-02 2.447287067e-16 2.447287067e-16 2.447287067e-16 1.376210653e-02 2.447287067e-16
2.447287067e-16 1.376210653e-02 2.869297279e-02 3.479036888e-02 0.000000000e+00 2.447287067e-16
2.447287067e-16 2.447287067e-16 0.000000000e+00 2.447287067e-16 2.447287067e-16 2.447287067e-16
3.299434919e-01 2.447287067e-16 0.000000000e+00 0.000000000e+00 0.000000000e+00 2.447287067e-16
2.447287067e-16 1.840655063e-03 0.000000000e+00 2.447287067e-16 5.495112958e-01 2.447287067e-16
2.447287067e-16 2.447287067e-16 2.447287067e-16 2.447287067e-16 2.447287067e-16 1.728468514e-02

