2.664219589e-16 6.663654048e-02 3.326377892e-03 6.299158303e-03 1.687760714e-02 2.664219589e-16
1.313327850e-02 0.000000000e+00 6.663654048e-02 8.425002089e-04 2.664219589e-16 2.664219589e-16
2.003814486e-03 2.664219589e-16 6.021387173e-01 8.425002089e-04 2.664219589e-16 2.664219589e-16
2.664219589e-16 1.313327850e-02 1.614966510e-01 8.425002089e-04 2.664219589e-16 2.664219589e-16
2.003814486e-03 4.765900887e-03 2.664219589e-16 2.664219589e-16 2.664219589e-16 2.664219589e-16
2.664219589e-16 2.664219589e-16 3.326377892e-03 1.687760714e-02 1.881683492e-02 2.664219589e-16

1.991701830e-16 1.991701830e-16 1.991701830e-16 1.991701830e-16 1.991701830e-16 1.991701830e-16
1.991701830e-16 0.000000000e+00 1.498000012e-03 1.991701830e-16 1.991701830e-16 1.991701830e-16
1.991701830e-16 0.000000000e+00 8.657760846e-01 1.991701830e-16 0.000000000e+00 1.991701830e-16
1.991701830e-16 1.991701830e-16 1.320960839e-01 6.298314203e-04 1.991701830e-16 1.991701830e-16
1.991701830e-16 1.991701830e-16 1.991701830e-16 1.991701830e-16 1.991701830e-16 1.991701830e-16
1.991701830e-16 1.991701830e-16 1.991701830e-16 1.991701830e-16 1.991701830e-16 1.991701830e-16

8.213954578e-04 1.953618645e-03 1.105133593e-02 3.913637961e-02 3.243051649e-03 2.597480506e-16
8.213954578e-04 0.000000000e+00 2.597480506e-16 4.637657823e-01 1.953618645e-03 8.213954578e-04
6.141363483e-03 0.000000000e+00 0.000000000e+00 0.000000000e+00 0.000000000e+00 2.597480506e-16
2.597480506e-16 3.243051649e-03 2.695248592e-01 1.873551793e-01 8.213954578e-04 8.213954578e-04
8.213954578e-04 8.213954578e-04 8.213954578e-04 2.597480506e-16 2.597480506e-16 8.213954578e-04
8.213954578e-04 8.213954578e-04 2.597480506e-16 8.213954578e-04 1.953618645e-03 8.213954578e-04

7.553308586e-04 1.513136419e-02 7.553308586e-04 3.508010328e-01 7.092940077e-03 7.553308586e-04
7.553308586e-04 0.000000000e+00 0.000000000e+00 0.000000000e+00 5.647415394e-03 1.796489662e-03
2.982213942e-03 0.000000000e+00 0.000000000e+00 0.000000000e+00 0.000000000e+00 7.553308586e-04
7.553308586e-04 7.553308586e-04 1.016248018e-02 5.894829569e-01 7.553308586e-04 7.553308586e-04
7.553308586e-04 7.553308586e-04 7.553308586e-04 7.553308586e-04 7.553308586e-04 7.553308586e-04
7.553308586e-04 7.553308586e-04 7.553308586e-04 1.796489662e-03 7.553308586e-04 7.553308586e-04

7.910633867e-04 9.007076144e-03 0.000000000e+00 2.595719831e-01 3.123293897e-03 7.910633867e-04
1.892665074e-01 0.000000000e+00 0.000000000e+00 0.000000000e+00 0.000000000e+00 5.914578355e-03
5.143234040e-01 0.000000000e+00 0.000000000e+00 0.000000000e+00 0.000000000e+00 7.910633867e-04
7.910633867e-04 7.910633867e-04 1.881476416e-03 1.881476416e-03 7.910633867e-04 7.910633867e-04
7.910633867e-04 7.910633867e-04 7.910633867e-04 7.910633867e-04 7.910633867e-04 7.910633867e-04
7.910633867e-04 7.910633867e-04 7.910633867e-04 7.910633867e-04 7.910633867e-04 7.910633867e-04

1.801037217e-16 5.695379758e-04 0.000000000e+00 5.695379758e-04 1.801037217e-16 1.801037217e-16
0.000000000e+00 0.000000000e+00 0.000000000e+00 0.000000000e+00 0.000000000e+00 1.801037217e-16
9.965827721e-01 0.000000000e+00 0.000000000e+00 0.000000000e+00 0.000000000e+00 1.801037217e-16
1.801037217e-16 5.695379758e-04 5.695379758e-04 0.000000000e+00 1.801037217e-16 1.801037217e-16
5.695379758e-04 1.801037217e-16 1.801037217e-16 1.801037217e-16 1.801037217e-16 1.801037217e-16
5.695379758e-04 1.801037217e-16 1.801037217e-16 1.801037217e-16 1.801037217e-16 1.801037217e-16

1.976082290e-16 1.976082290e-16 0.000000000e+00 1.976082290e-16 1.976082290e-16 1.976082290e-16
0.000000000e+00 0.000000000e+00 0.000000000e+00 0.000000000e+00 0.000000000e+00 1.976082290e-16
0.000000000e+00 0.000000000e+00 0.000000000e+00 0.000000000e+00 0.000000000e+00 1.976082290e-16
0.000000000e+00 1.976082290e-16 1.310601457e-01 0.000000000e+00 1.976082290e-16 1.976082290e-16
1.976082290e-16 8.689398543e-01 1.976082290e-16 1.976082290e-16 1.976082290e-16 1.976082290e-16
1.976082290e-16 1.976082290e-16 1.976082290e-16 1.976082290e-16 1.976082290e-16 1.976082290e-16

0.000000000e+00 0.000000000e+00 0.000000000e+00 0.000000000e+00 0.000000000e+00 0.000000000e+00
0.000000000e+00 0.000000000e+00 0.000000000e+00 0.000000000e+00 0.000000000e+00 0.000000000e+00
0.000000000e+00 0.000000000e+00 0.000000000e+00 0.000000000e+00 0.000000000e+00 0.000000000e+00
0.000000000e+00 0.000000000e+00 0.000000000e+00 0.000000000e+00 0.000000000e+00 0.000000000e+00
0.000000000e+00 0.000000000e+00 0.000000000e+00 0.000000000e+00 0.000000000e+00 0.000000000e+00
0.000000000e+00 0.000000000e+00 0.000000000e+00 0.000000000e+00 0.000000000e+00 0.000000000e+00

