2.554020676e-16 8.076522528e-04 2.554020676e-16 7.584264521e-03 8.076522528e-04 2.554020676e-16
2.554020676e-16 2.554020676e-16 8.076522528e-04 1.902209178e-01 8.076522528e-04 8.076522528e-04
8.076522528e-04 2.554020676e-16 2.618030028e-01 2.554020676e-16 4.812375630e-01 1.993671493e-02
8.076522528e-04 2.554020676e-16 6.038609059e-03 2.187179634e-02 8.076522528e-04 2.554020676e-16
8.076522528e-04 2.554020676e-16 2.554020676e-16 8.076522528e-04 2.554020676e-16 2.554020676e-16
8.076522528e-04 8.076522528e-04 8.076522528e-04 8.076522528e-04 2.554020676e-16 2.554020676e-16

2.419054219e-16 7.649721115e-04 7.649721115e-04 3.651019081e-01 2.419054219e-16 2.419054219e-16
2.419054219e-16 2.419054219e-16 2.419054219e-16 4.285159198e-01 7.649721115e-04 2.419054219e-16
7.649721115e-04 7.649721115e-04 1.858882231e-01 0.000000000e+00 4.327335740e-03 5.719500573e-03
2.419054219e-16 2.419054219e-16 0.000000000e+00 4.327335740e-03 2.419054219e-16 7.649721115e-04
7.649721115e-04 2.419054219e-16 2.419054219e-16 7.649721115e-04 2.419054219e-16 2.419054219e-16
2.419054219e-16 2.419054219e-16 2.419054219e-16 2.419054219e-16 2.419054219e-16 2.419054219e-16

2.448812620e-16 7.271845074e-03 2.448812620e-16 2.871085898e-02 2.448812620e-16 2.448812620e-16
2.448812620e-16 2.448812620e-16 0.000000000e+00 5.642854067e-01 2.448812620e-16 2.448812620e-16
2.448812620e-16 1.841802463e-03 2.510185227e-01 0.000000000e+00 1.081333690e-01 1.841802463e-03
2.448812620e-16 2.448812620e-16 0.000000000e+00 2.448812620e-16 0.000000000e+00 2.448812620e-16
2.448812620e-16 2.448812620e-16 2.448812620e-16 3.689639251e-02 2.448812620e-16 2.448812620e-16
2.448812620e-16 2.448812620e-16 2.448812620e-16 2.448812620e-16 2.448812620e-16 2.448812620e-16

2.186118357e-16 8.281727963e-02 2.186118357e-16 7.871295580e-03 2.186118357e-16 2.186118357e-16
2.186118357e-16 2.386353747e-02 0.000000000e+00 0.000000000e+00 2.186118357e-16 2.186118357e-16
2.186118357e-16 2.186118357e-16 8.416040838e-01 0.000000000e+00 1.644224691e-03 2.186118357e-16
1.077647704e-02 2.186118357e-16 0.000000000e+00 0.000000000e+00 0.000000000e+00 2.186118357e-16
2.186118357e-16 2.186118357e-16 2.186118357e-16 9.301139433e-03 2.186118357e-16 2.186118357e-16
2.186118357e-16 2.186118357e-16 2.186118357e-16 2.212196238e-02 2.186118357e-16 2.186118357e-16

2.489030757e-16 2.803955517e-01 1.593686204e-01 2.489030757e-16 1.757951223e-02 2.489030757e-16
2.489030757e-16 4.902762118e-01 0.000000000e+00 0.000000000e+00 2.489030757e-16 2.489030757e-16
3.107648077e-03 0.000000000e+00 0.000000000e+00 0.000000000e+00 2.131524396e-02 2.489030757e-16
2.489030757e-16 2.489030757e-16 0.000000000e+00 0.000000000e+00 0.000000000e+00 2.489030757e-16
2.489030757e-16 2.489030757e-16 2.489030757e-16 2.489030757e-16 2.489030757e-16 2.489030757e-16
7.871006358e-04 2.489030757e-16 2.489030757e-16 2.717011114e-02 2.489030757e-16 2.489030757e-16

3.580815690e-03 3.835905451e-02 2.677284189e-02 0.000000000e+00 5.130449163e-03 3.580815690e-03
5.130449163e-03 2.025615245e-02 0.000000000e+00 0.000000000e+00 3.580815690e-03 3.580815690e-03
2.796488219e-01 0.000000000e+00 0.000000000e+00 0.000000000e+00 5.130449163e-03 3.580815690e-03
9.069438485e-04 0.000000000e+00 0.000000000e+00 0.000000000e+00 0.000000000e+00 3.580815690e-03
5.069970242e-02 2.157088155e-03 4.800667017e-01 5.130449163e-03 3.580815690e-03 5.130449163e-03
6.780986891e-03 3.580815690e-03 5.130449163e-03 2.456068324e-02 6.780986891e-03 3.580815690e-03

