2.908635538e-16 2.908635538e-16 8.677983135e-02 2.908635538e-16 2.187644760e-03 2.908635538e-16
2.908635538e-16 2.187644760e-03 1.862352370e-01 2.187644760e-03 2.908635538e-16 2.187644760e-03
1.697582939e-01 1.600217140e-01 2.908635538e-16 1.665000137e-01 2.187644760e-03 2.908635538e-16
2.908635538e-16 2.908635538e-16 2.030092773e-01 0.000000000e+00 3.631540354e-03 2.187644760e-03
2.908635538e-16 2.908635538e-16 2.908635538e-16 2.187644760e-03 2.187644760e-03 2.187644760e-03
2.908635538e-16 2.908635538e-16 2.908635538e-16 2.187644760e-03 2.187644760e-03 2.908635538e-16

1.819540717e-16 1.819540717e-16 1.819540717e-16 1.819540717e-16 1.819540717e-16 1.819540717e-16
1.819540717e-16 1.819540717e-16 5.753892962e-04 1.819540717e-16 1.819540717e-16 5.753892962e-04
5.753892962e-04 5.753892962e-04 0.000000000e+00 1.368514090e-03 0.000000000e+00 1.819540717e-16
1.819540717e-16 5.753892962e-04 9.940283715e-01 0.000000000e+00 1.819540717e-16 1.819540717e-16
1.819540717e-16 1.819540717e-16 1.819540717e-16 5.753892962e-04 1.819540717e-16 1.819540717e-16
1.819540717e-16 1.819540717e-16 5.753892962e-04 5.753892962e-04 1.819540717e-16 1.819540717e-16

1.958949818e-16 1.958949818e-16 6.194743248e-04 6.194743248e-04 1.958949818e-16 6.194743248e-04
1.958949818e-16 6.194743248e-04 1.958949818e-16 1.958949818e-16 1.958949818e-16 1.958949818e-16
1.473366549e-03 9.512121488e-01 0.000000000e+00 6.194743248e-04 0.000000000e+00 6.194743248e-04
6.194743248e-04 1.958949818e-16 0.000000000e+00 0.000000000e+00 6.194743248e-04 6.194743248e-04
6.194743248e-04 3.462966751e-02 0.000000000e+00 6.194743248e-04 1.958949818e-16 1.958949818e-16
1.958949818e-16 4.631650882e-03 6.194743248e-04 6.194743248e-04 1.958949818e-16 1.958949818e-16

9.855150129e-04 9.855150129e-04 3.891032093e-03 7.368443367e-03 9.855150129e-04 9.855150129e-04
9.855150129e-04 7.368443367e-03 2.343962930e-03 9.855150129e-04 9.855150129e-04 9.855150129e-04
5.574914788e-03 3.630875009e-01 0.000000000e+00 1.245130270e-01 0.000000000e+00 1.116809476e-01
7.368443367e-03 0.000000000e+00 0.000000000e+00 0.000000000e+00 0.000000000e+00 9.855150129e-04
2.343962930e-03 1.310315112e-01 0.000000000e+00 2.432721732e-02 3.891032093e-03 5.509196404e-02
9.855150129e-04 8.389736093e-02 3.153648041e-02 1.536265866e-02 5.574914788e-03 3.891032093e-03

1.022543602e-03 1.022543602e-03 1.375765199e-02 1.427861274e-01 1.593987724e-02 1.022543602e-03
1.022543602e-03 4.037229184e-03 1.375765199e-02 1.022543602e-03 0.000000000e+00 1.022543602e-03
4.037229184e-03 1.291913339e-01 0.000000000e+00 2.446494926e-01 0.000000000e+00 7.782503209e-02
1.375765199e-02 0.000000000e+00 0.000000000e+00 0.000000000e+00 0.000000000e+00 0.000000000e+00
2.432032253e-03 1.427861274e-01 0.000000000e+00 7.645296642e-03 4.037229184e-03 9.647423230e-02
1.022543602e-03 5.150407960e-02 1.375765199e-02 9.602203340e-03 2.432032253e-03 2.432032253e-03

