2.325537037e-16 2.325537037e-16 2.325537037e-16 2.325537037e-16 2.325537037e-16 2.325537037e-16
2.325537037e-16 2.325537037e-16 2.325537037e-16 1.307745579e-02 2.325537037e-16 2.325537037e-16
2.325537037e-16 2.325537037e-16 0.000000000e+00 1.991513731e-02 2.981762502e-01 2.325537037e-16
2.325537037e-16 2.170887582e-02 3.110360694e-02 2.325537037e-16 2.325537037e-16 2.325537037e-16
2.325537037e-16 2.325537037e-16 6.160186739e-01 2.325537037e-16 2.325537037e-16 2.325537037e-16
2.325537037e-16 2.325537037e-16 2.325537037e-16 2.325537037e-16 2.325537037e-16 2.325537037e-16

1.965994266e-16 1.965994266e-16 1.965994266e-16 1.965994266e-16 1.965994266e-16 1.965994266e-16
1.965994266e-16 1.965994266e-16 1.965994266e-16 0.000000000e+00 1.965994266e-16 1.965994266e-16
1.965994266e-16 1.388541309e-02 0.000000000e+00 1.965994266e-16 2.466177028e-02 1.965994266e-16
1.965994266e-16 1.965994266e-16 9.445308394e-01 0.000000000e+00 1.478664824e-03 1.965994266e-16
1.965994266e-16 1.965994266e-16 7.078721023e-03 1.965994266e-16 1.965994266e-16 1.965994266e-16
1.965994266e-16 1.965994266e-16 1.965994266e-16 8.364591391e-03 1.965994266e-16 1.965994266e-16

7.389758213e-04 7.389758213e-04 7.389758213e-04 7.389758213e-04 7.389758213e-04 7.389758213e-04
7.389758213e-04 2.917640624e-03 2.336846731e-16 0.000000000e+00 7.389758213e-04 7.389758213e-04
2.336846731e-16 7.089866715e-01 0.000000000e+00 9.580216615e-02 4.180278515e-03 2.336846731e-16
2.336846731e-16 0.000000000e+00 0.000000000e+00 0.000000000e+00 7.389758213e-04 7.389758213e-04
2.336846731e-16 7.389758213e-04 1.712964972e-01 2.336846731e-16 1.757590609e-03 7.389758213e-04
7.389758213e-04 1.757590609e-03 7.389758213e-04 7.389758213e-04 7.389758213e-04 7.389758213e-04

2.941435698e-03 7.450026034e-04 7.450026034e-04 7.450026034e-04 1.771924793e-03 7.450026034e-04
7.450026034e-04 1.002352030e-02 0.000000000e+00 0.000000000e+00 7.450026034e-04 7.450026034e-04
7.450026034e-04 8.003129349e-01 0.000000000e+00 8.203390016e-02 4.214371143e-03 7.450026034e-04
7.450026034e-04 0.000000000e+00 0.000000000e+00 0.000000000e+00 1.771924793e-03 7.450026034e-04
2.941435698e-03 6.116548682e-02 0.000000000e+00 7.450026034e-04 1.324822790e-02 7.450026034e-04
7.450026034e-04 1.771924793e-03 2.941435698e-03 2.941435698e-03 7.450026034e-04 7.450026034e-04

7.223733119e-04 5.401000257e-03 7.223733119e-04 7.223733119e-04 7.223733119e-04 7.223733119e-04
7.223733119e-04 7.223733119e-04 0.000000000e+00 0.000000000e+00 7.223733119e-04 7.223733119e-04
7.223733119e-04 0.000000000e+00 0.000000000e+00 2.852090230e-03 7.223733119e-04 7.223733119e-04
7.223733119e-04 0.000000000e+00 0.000000000e+00 0.000000000e+00 3.140500236e-01 7.223733119e-04
7.223733119e-04 7.223733119e-04 0.000000000e+00 6.505439875e-01 7.223733119e-04 7.223733119e-04
7.223733119e-04 7.223733119e-04 0.000000000e+00 1.126068550e-02 7.223733119e-04 7.223733119e-04

6.993931967e-04 9.409875711e-03 6.993931967e-04 6.993931967e-04 6.993931967e-04 6.993931967e-04
6.993931967e-04 2.761359633e-03 0.000000000e+00 0.000000000e+00 6.993931967e-04 6.993931967e-04
6.993931967e-04 0.000000000e+00 0.000000000e+00 0.000000000e+00 6.993931967e-04 6.993931967e-04
1.726436439e-02 0.000000000e+00 0.000000000e+00 0.000000000e+00 8.586892821e-01 6.993931967e-04
6.993931967e-04 6.993931967e-04 0.000000000e+00 0.000000000e+00 1.401077826e-02 7.925693054e-02
2.761359633e-03 6.993931967e-04 0.000000000e+00 3.956365377e-03 6.993931967e-04 6.993931967e-04

0.000000000e+00 0.000000000e+00 0.000000000e+00 0.000000000e+00 0.000000000e+00 0.000000000e+00
0.000000000e+00 0.000000000e+00 0.000000000e+00 0.000000000e+00 0.000000000e+00 0.000000000e+00
0.000000000e+00 0.000000000e+00 0.000000000e+00 0.000000000e+00 0.000000000e+00 0.000000000e+00
0.000000000e+00 0.000000000e+00 0.000000000e+00 0.000000000e+00 0.000000000e+00 0.000000000e+00
0.000000000e+00 0.000000000e+00 0.000000000e+00 0.000000000e+00 0.000000000e+00 0.000000000e+00
0.000000000e+00 0.000000000e+00 0.000000000e+00 0.000000000e+00 0.000000000e+00 0.000000000e+00

