2.506265664e-13 2.506265664e-13 2.506265664e-13 2.506265664e-13 2.506265664e-13 2.506265664e-13
2.506265664e-13 2.506265664e-13 2.506265664e-13 2.506265664e-02 2.506265664e-13 2.506265664e-13
2.506265664e-13 2.506265664e-13 0.000000000e+00 3.508771930e-02 3.057644110e-01 2.506265664e-13
2.506265664e-13 3.759398496e-02 5.012531328e-02 2.506265664e-13 2.506265664e-13 2.506265664e-13
2.506265664e-13 2.506265664e-13 5.463659148e-01 2.506265664e-13 2.506265664e-13 2.506265664e-13
2.506265664e-13 2.506265664e-13 2.506265664e-13 2.506265664e-13 2.506265664e-13 2.506265664e-13

2.506265664e-13 2.506265664e-13 2.506265664e-13 2.506265664e-13 2.506265664e-13 2.506265664e-13
2.506265664e-13 2.506265664e-13 2.506265664e-13 0.000000000e+00 2.506265664e-13 2.506265664e-13
2.506265664e-13 3.007518797e-02 0.000000000e+00 2.506265664e-13 4.761904762e-02 2.506265664e-13
2.506265664e-13 2.506265664e-13 8.796992481e-01 0.000000000e+00 5.012531329e-03 2.506265664e-13
2.506265664e-13 2.506265664e-13 1.754385965e-02 2.506265664e-13 2.506265664e-13 2.506265664e-13
2.506265664e-13 2.506265664e-13 2.506265664e-13 2.005012531e-02 2.506265664e-13 2.506265664e-13

2.506265664e-03 2.506265664e-03 2.506265664e-03 2.506265664e-03 2.506265664e-03 2.506265664e-03
2.506265664e-03 7.518796993e-03 2.506265664e-13 0.000000000e+00 2.506265664e-03 2.506265664e-03
2.506265664e-13 6.090225564e-01 0.000000000e+00 1.228070175e-01 1.002506266e-02 2.506265664e-13
2.506265664e-13 0.000000000e+00 0.000000000e+00 0.000000000e+00 2.506265664e-03 2.506265664e-03
2.506265664e-13 2.506265664e-03 1.954887218e-01 2.506265664e-13 5.012531329e-03 2.506265664e-03
2.506265664e-03 5.012531329e-03 2.506265664e-03 2.506265664e-03 2.506265664e-03 2.506265664e-03

5.012531329e-03 2.506265664e-03 7.518796993e-03 5.012531329e-03 7.518796993e-03 7.518796993e-03
2.506265664e-03 2.506265664e-03 0.000000000e+00 0.000000000e+00 2.506265664e-03 1.754385965e-02
1.002506266e-02 3.558897243e-01 0.000000000e+00 0.000000000e+00 5.012531329e-03 2.506265664e-03
2.506265664e-03 0.000000000e+00 0.000000000e+00 0.000000000e+00 2.506265664e-03 5.012531329e-03
2.506265664e-03 2.506265664e-03 4.812030075e-01 2.506265664e-03 2.506265664e-03 2.506265664e-03
2.506265664e-03 4.761904762e-02 2.506265664e-03 2.506265664e-03 5.012531329e-03 2.506265664e-03

2.506265664e-03 2.506265664e-03 2.506265664e-03 2.506265664e-03 1.754385965e-02 5.012531329e-03
2.506265664e-03 7.518796993e-03 0.000000000e+00 0.000000000e+00 5.012531329e-03 8.020050125e-02
5.012531329e-03 6.240601504e-01 0.000000000e+00 0.000000000e+00 0.000000000e+00 2.506265664e-03
2.506265664e-03 0.000000000e+00 0.000000000e+00 0.000000000e+00 2.506265664e-03 7.518796993e-03
5.012531329e-03 6.516290727e-02 0.000000000e+00 7.518796993e-03 8.521303258e-02 2.506265664e-03
2.506265664e-03 4.761904762e-02 5.012531329e-03 2.506265664e-03 2.506265664e-03 2.506265664e-03

2.506265664e-03 2.506265664e-03 2.506265664e-03 2.506265664e-03 2.556390977e-01 2.506265664e-03
2.506265664e-03 2.506265664e-03 0.000000000e+00 0.000000000e+00 2.506265664e-03 1.503759399e-02
2.506265664e-03 7.518796993e-03 0.000000000e+00 0.000000000e+00 0.000000000e+00 2.506265664e-03
2.506265664e-03 0.000000000e+00 0.000000000e+00 0.000000000e+00 2.731829574e-01 2.506265664e-03
1.754385965e-02 0.000000000e+00 0.000000000e+00 5.012531329e-03 3.759398496e-01 2.506265664e-03
2.506265664e-03 7.518796993e-03 0.000000000e+00 2.506265664e-03 2.506265664e-03 2.506265664e-03

