2.252082790e-16 2.252082790e-16 2.252082790e-16 2.252082790e-16 2.252082790e-16 2.252082790e-16
2.252082790e-16 2.252082790e-16 6.275042525e-01 2.252082790e-16 2.252082790e-16 2.252082790e-16
2.252082790e-16 2.252082790e-16 0.000000000e+00 2.252082790e-16 2.252082790e-16 2.252082790e-16
2.252082790e-16 2.252082790e-16 2.799097675e-01 9.581794130e-03 8.300418583e-02 2.252082790e-16
2.252082790e-16 2.252082790e-16 2.252082790e-16 2.252082790e-16 2.252082790e-16 2.252082790e-16
2.252082790e-16 2.252082790e-16 2.252082790e-16 2.252082790e-16 2.252082790e-16 2.252082790e-16

7.866911412e-04 7.866911412e-04 7.866911412e-04 7.866911412e-04 7.866911412e-04 7.866911412e-04
7.866911412e-04 1.871077405e-03 2.770686458e-01 7.866911412e-04 3.106031301e-03 7.866911412e-04
7.866911412e-04 7.866911412e-04 0.000000000e+00 0.000000000e+00 1.941929459e-02 7.866911412e-04
7.866911412e-04 7.866911412e-04 7.866911412e-04 0.000000000e+00 5.953869775e-01 7.866911412e-04
7.866911412e-04 7.866911412e-04 7.422218844e-02 7.387429045e-03 7.866911412e-04 7.866911412e-04
7.866911412e-04 7.866911412e-04 7.866911412e-04 7.866911412e-04 1.871077405e-03 7.866911412e-04

8.172029036e-04 8.172029036e-04 8.172029036e-04 8.172029036e-04 8.172029036e-04 8.172029036e-04
8.172029036e-04 3.241693142e-02 1.654635931e-01 8.172029036e-04 8.172029036e-04 8.172029036e-04
8.172029036e-04 1.943647015e-03 0.000000000e+00 0.000000000e+00 8.172029036e-04 8.172029036e-04
8.172029036e-04 8.172029036e-04 0.000000000e+00 0.000000000e+00 2.878147344e-01 4.622797717e-03
8.172029036e-04 6.110016829e-03 4.796061142e-01 3.226498514e-03 0.000000000e+00 8.172029036e-04
8.172029036e-04 8.172029036e-04 8.172029036e-04 8.172029036e-04 8.172029036e-04 8.172029036e-04

0.000000000e+00 0.000000000e+00 0.000000000e+00 0.000000000e+00 0.000000000e+00 0.000000000e+00
0.000000000e+00 0.000000000e+00 0.000000000e+00 0.000000000e+00 0.000000000e+00 0.000000000e+00
0.000000000e+00 0.000000000e+00 0.000000000e+00 0.000000000e+00 0.000000000e+00 0.000000000e+00
0.000000000e+00 0.000000000e+00 0.000000000e+00 0.000000000e+00 0.000000000e+00 0.000000000e+00
0.000000000e+00 0.000000000e+00 0.000000000e+00 0.000000000e+00 0.000000000e+00 0.000000000e+00
0.000000000e+00 0.000000000e+00 0.000000000e+00 0.000000000e+00 0.000000000e+00 0.000000000e+00

