7.943555016e-04 7.943555016e-04 7.943555016e-04 7.943555016e-04 7.943555016e-04 7.943555016e-04
7.943555016e-04 2.511972657e-16 2.511972657e-16 1.889306429e-03 2.511972657e-16 7.943555016e-04
7.943555016e-04 2.511972657e-16 7.943555016e-04 2.344925134e-02 7.459401279e-03 7.943555016e-04
7.943555016e-04 7.943555016e-04 5.273672137e-01 2.511972657e-16 3.353343858e-01 1.591313562e-02
7.943555016e-04 2.511972657e-16 7.943555016e-04 6.762386098e-02 7.943555016e-04 7.943555016e-04
2.511972657e-16 2.511972657e-16 2.511972657e-16 7.459401279e-03 2.511972657e-16 2.511972657e-16

2.124719787e-16 2.124719787e-16 2.652792194e-03 2.124719787e-16 2.124719787e-16 2.124719787e-16
2.124719787e-16 2.124719787e-16 2.124719787e-16 1.598045561e-03 2.124719787e-16 2.124719787e-16
2.124719787e-16 2.124719787e-16 2.124719787e-16 7.627068684e-01 1.598045561e-03 6.718953919e-04
2.124719787e-16 2.124719787e-16 2.204693356e-01 0.000000000e+00 0.000000000e+00 2.124719787e-16
2.124719787e-16 2.124719787e-16 2.124719787e-16 2.124719787e-16 2.124719787e-16 2.652792194e-03
2.124719787e-16 2.124719787e-16 2.124719787e-16 7.650225073e-03 2.124719787e-16 2.124719787e-16

2.025146499e-16 2.025146499e-16 2.025146499e-16 2.025146499e-16 2.025146499e-16 2.025146499e-16
2.025146499e-16 2.025146499e-16 2.025146499e-16 2.025146499e-16 0.000000000e+00 2.025146499e-16
2.025146499e-16 2.025146499e-16 0.000000000e+00 3.579987057e-02 2.025146499e-16 2.025146499e-16
2.025146499e-16 8.728088993e-02 2.025146499e-16 0.000000000e+00 0.000000000e+00 2.025146499e-16
2.025146499e-16 2.025146499e-16 8.769192395e-01 2.025146499e-16 2.025146499e-16 2.025146499e-16
2.025146499e-16 2.025146499e-16 2.025146499e-16 2.025146499e-16 2.025146499e-16 2.025146499e-16

2.356223391e-16 2.356223391e-16 2.356223391e-16 2.356223391e-16 2.356223391e-16 2.356223391e-16
2.356223391e-16 2.356223391e-16 2.356223391e-16 2.356223391e-16 0.000000000e+00 2.356223391e-16
2.356223391e-16 6.420924183e-01 0.000000000e+00 2.094200233e-01 2.356223391e-16 2.356223391e-16
8.926141203e-02 2.356223391e-16 0.000000000e+00 0.000000000e+00 0.000000000e+00 2.356223391e-16
2.356223391e-16 4.374547616e-02 0.000000000e+00 8.483772483e-03 2.356223391e-16 2.356223391e-16
2.356223391e-16 6.996897730e-03 2.356223391e-16 2.356223391e-16 2.356223391e-16 2.356223391e-16

