2.454900024e-16 2.454900024e-16 2.454900024e-16 2.454900024e-16 2.454900024e-16 2.454900024e-16
2.454900024e-16 2.454900024e-16 2.878223015e-02 7.763075505e-04 2.454900024e-16 2.454900024e-16
2.454900024e-16 1.733845389e-02 9.808110655e-02 2.454900024e-16 1.846380925e-03 2.454900024e-16
2.454900024e-16 2.454900024e-16 9.808110655e-02 6.802512666e-01 5.000130616e-02 2.454900024e-16
2.454900024e-16 2.454900024e-16 2.454900024e-16 2.484184161e-02 2.454900024e-16 2.454900024e-16
2.454900024e-16 2.454900024e-16 2.454900024e-16 2.454900024e-16 2.454900024e-16 2.454900024e-16

2.576088927e-16 2.576088927e-16 2.576088927e-16 2.576088927e-16 2.576088927e-16 2.576088927e-16
2.576088927e-16 2.576088927e-16 2.576088927e-16 2.576088927e-16 9.231594006e-02 2.576088927e-16
2.576088927e-16 2.606818709e-02 4.276366559e-01 0.000000000e+00 2.576088927e-16 2.576088927e-16
2.576088927e-16 0.000000000e+00 2.576088927e-16 3.020309734e-02 2.576088927e-16 2.576088927e-16
2.576088927e-16 1.979552957e-01 2.576088927e-16 2.258208240e-01 2.576088927e-16 2.576088927e-16
2.576088927e-16 2.576088927e-16 2.576088927e-16 2.576088927e-16 2.576088927e-16 2.576088927e-16

2.092244393e-16 2.092244393e-16 2.092244393e-16 2.092244393e-16 2.092244393e-16 2.092244393e-16
2.092244393e-16 2.092244393e-16 2.092244393e-16 2.092244393e-16 1.325419235e-02 2.092244393e-16
2.092244393e-16 2.092244393e-16 2.356965736e-01 0.000000000e+00 2.092244393e-16 2.092244393e-16
2.092244393e-16 0.000000000e+00 0.000000000e+00 2.092244393e-16 2.092244393e-16 2.092244393e-16
2.092244393e-16 0.000000000e+00 2.092244393e-16 7.510492340e-01 2.092244393e-16 2.092244393e-16
2.092244393e-16 2.092244393e-16 2.092244393e-16 2.092244393e-16 2.092244393e-16 2.092244393e-16

1.912248777e-16 1.912248777e-16 1.912248777e-16 1.912248777e-16 1.912248777e-16 1.912248777e-16
1.912248777e-16 1.912248777e-16 1.912248777e-16 1.912248777e-16 1.912248777e-16 1.912248777e-16
9.548389026e-01 0.000000000e+00 1.912248777e-16 0.000000000e+00 3.380410194e-02 5.678497708e-03
1.912248777e-16 0.000000000e+00 0.000000000e+00 1.912248777e-16 1.912248777e-16 1.912248777e-16
1.912248777e-16 0.000000000e+00 5.678497708e-03 0.000000000e+00 1.912248777e-16 1.912248777e-16
1.912248777e-16 1.912248777e-16 1.912248777e-16 1.912248777e-16 1.912248777e-16 1.912248777e-16

0.000000000e+00 0.000000000e+00 0.000000000e+00 0.000000000e+00 0.000000000e+00 0.000000000e+00
0.000000000e+00 0.000000000e+00 0.000000000e+00 0.000000000e+00 0.000000000e+00 0.000000000e+00
0.000000000e+00 0.000000000e+00 0.000000000e+00 0.000000000e+00 0.000000000e+00 0.000000000e+00
0.000000000e+00 0.000000000e+00 0.000000000e+00 0.000000000e+00 0.000000000e+00 0.000000000e+00
0.000000000e+00 0.000000000e+00 0.000000000e+00 0.000000000e+00 0.000000000e+00 0.000000000e+00
0.000000000e+00 0.000000000e+00 0.000000000e+00 0.000000000e+00 0.000000000e+00 0.000000000e+00

