2.506265664e-13 2.506265664e-13 2.506265664e-13 2.506265664e-13 2.506265664e-13 2.506265664e-13
2.506265664e-13 2.506265664e-13 4.511278195e-02 2.506265664e-03 2.506265664e-13 2.506265664e-13
2.506265664e-13 3.007518797e-02 1.203007519e-01 2.506265664e-13 5.012531329e-03 2.506265664e-13
2.506265664e-13 2.506265664e-13 1.203007519e-01 5.664160401e-01 7.017543860e-02 2.506265664e-13
2.506265664e-13 2.506265664e-13 2.506265664e-13 4.010025063e-02 2.506265664e-13 2.506265664e-13
2.506265664e-13 2.506265664e-13 2.506265664e-13 2.506265664e-13 2.506265664e-13 2.506265664e-13

2.506265664e-13 2.506265664e-13 2.506265664e-13 2.506265664e-13 2.506265664e-13 2.506265664e-13
2.506265664e-13 2.506265664e-13 7.769423559e-02 7.518796993e-03 2.080200501e-01 2.506265664e-13
2.506265664e-13 2.506265664e-13 0.000000000e+00 0.000000000e+00 2.506265664e-13 2.506265664e-13
2.506265664e-13 2.506265664e-13 2.506265664e-13 4.887218045e-01 2.756892231e-02 2.506265664e-13
2.506265664e-13 1.378446115e-01 2.506265664e-13 5.263157895e-02 2.506265664e-13 2.506265664e-13
2.506265664e-13 2.506265664e-13 2.506265664e-13 2.506265664e-13 2.506265664e-13 2.506265664e-13

2.506265664e-13 2.506265664e-13 2.506265664e-13 2.506265664e-13 2.506265664e-13 4.010025063e-02
2.506265664e-13 2.506265664e-13 2.506265664e-13 2.506265664e-13 2.506265664e-13 2.506265664e-13
2.506265664e-13 2.506265664e-13 0.000000000e+00 0.000000000e+00 2.506265664e-13 2.506265664e-13
2.506265664e-13 2.506265664e-13 0.000000000e+00 7.844611529e-01 2.506265664e-13 2.506265664e-13
2.506265664e-13 1.754385965e-01 2.506265664e-13 2.506265664e-13 0.000000000e+00 2.506265664e-13
2.506265664e-13 2.506265664e-13 2.506265664e-13 2.506265664e-13 2.506265664e-13 2.506265664e-13

2.506265664e-03 2.506265664e-03 2.506265664e-03 2.506265664e-03 2.506265664e-03 8.771929825e-02
2.506265664e-03 2.506265664e-03 2.506265664e-03 2.506265664e-03 0.000000000e+00 2.506265664e-03
2.506265664e-03 7.142857143e-01 0.000000000e+00 0.000000000e+00 2.506265664e-03 2.506265664e-03
2.506265664e-03 2.506265664e-03 0.000000000e+00 0.000000000e+00 2.506265664e-03 2.506265664e-03
2.506265664e-03 2.506265664e-03 2.506265664e-03 2.506265664e-03 0.000000000e+00 2.506265664e-03
1.303258145e-01 2.506265664e-03 2.506265664e-03 2.506265664e-03 2.506265664e-03 2.506265664e-03

