2.506265664e-13 2.506265664e-13 2.506265664e-13 2.506265664e-13 2.506265664e-13 2.506265664e-13
2.506265664e-13 1.002506266e-02 0.000000000e+00 3.383458647e-01 2.506265664e-13 2.506265664e-13
2.506265664e-13 2.506265664e-13 2.506265664e-13 2.030075188e-01 5.012531329e-03 2.506265664e-13
2.506265664e-13 5.012531329e-03 7.518796993e-03 4.285714286e-01 2.506265664e-13 2.506265664e-13
2.506265664e-13 2.506265664e-13 2.506265664e-03 2.506265664e-13 2.506265664e-13 2.506265664e-13
2.506265664e-13 2.506265664e-13 2.506265664e-13 2.506265664e-13 2.506265664e-13 2.506265664e-13

2.506265664e-13 2.506265664e-13 2.506265664e-13 2.506265664e-13 2.506265664e-13 2.506265664e-13
2.506265664e-13 3.634085213e-01 0.000000000e+00 5.263157895e-02 2.506265664e-13 2.506265664e-13
9.022556391e-02 2.506265664e-13 0.000000000e+00 2.305764411e-01 0.000000000e+00 2.506265664e-13
2.506265664e-13 2.230576441e-01 2.506265664e-02 1.503759399e-02 2.506265664e-13 2.506265664e-13
2.506265664e-13 2.506265664e-13 2.506265664e-13 2.506265664e-13 2.506265664e-13 2.506265664e-13
2.506265664e-13 2.506265664e-13 2.506265664e-13 2.506265664e-13 2.506265664e-13 2.506265664e-13

2.506265664e-13 2.506265664e-13 2.506265664e-13 2.506265664e-13 2.506265664e-13 2.506265664e-13
2.506265664e-13 2.506265664e-13 0.000000000e+00 2.506265664e-13 2.506265664e-13 2.506265664e-13
2.506265664e-13 0.000000000e+00 0.000000000e+00 1.000000000e+00 0.000000000e+00 2.506265664e-13
2.506265664e-13 2.506265664e-13 2.506265664e-13 2.506265664e-13 2.506265664e-13 2.506265664e-13
2.506265664e-13 0.000000000e+00 2.506265664e-13 2.506265664e-13 2.506265664e-13 2.506265664e-13
2.506265664e-13 2.506265664e-13 2.506265664e-13 2.506265664e-13 2.506265664e-13 2.506265664e-13

3.500000000e-02 3.500000000e-02 3.500000000e-02 3.500000000e-02 3.500000000e-02 3.500000000e-02
3.500000000e-02 3.500000000e-02 0.000000000e+00 3.500000000e-02 0.000000000e+00 3.500000000e-02
0.000000000e+00 0.000000000e+00 0.000000000e+00 3.500000000e-02 0.000000000e+00 3.500000000e-02
3.500000000e-02 3.250000000e-02 3.500000000e-02 3.500000000e-02 3.500000000e-02 3.500000000e-02
3.500000000e-02 0.000000000e+00 3.500000000e-02 3.500000000e-02 3.500000000e-02 3.500000000e-02
3.500000000e-02 3.250000000e-02 3.250000000e-02 3.250000000e-02 3.250000000e-02 3.250000000e-02

