2.554020676e-16 8.076522528e-04 2.554020676e-16 7.584264521e-03 8.076522528e-04 2.554020676e-16
2.554020676e-16 2.554020676e-16 8.076522528e-04 1.902209178e-01 8.076522528e-04 8.076522528e-04
8.076522528e-04 2.554020676e-16 2.618030028e-01 2.554020676e-16 4.812375630e-01 1.993671493e-02
8.076522528e-04 2.554020676e-16 6.038609059e-03 2.187179634e-02 8.076522528e-04 2.554020676e-16
8.076522528e-04 2.554020676e-16 2.554020676e-16 8.076522528e-04 2.554020676e-16 2.554020676e-16
8.076522528e-04 8.076522528e-04 8.076522528e-04 8.076522528e-04 2.554020676e-16 2.554020676e-16

2.104373823e-16 2.104373823e-16 2.104373823e-16 2.627389495e-03 2.104373823e-16 6.654614329e-04
2.104373823e-16 2.104373823e-16 1.582742941e-03 6.249020563e-03 6.654614329e-04 2.104373823e-16
6.654614329e-04 3.764418334e-03 0.000000000e+00 0.000000000e+00 6.654614329e-04 4.975484713e-03
2.104373823e-16 2.467252071e-02 2.104373823e-16 9.041785110e-01 3.764418334e-03 2.104373823e-16
2.104373823e-16 2.104373823e-16 6.654614329e-04 4.286180241e-02 2.104373823e-16 2.104373823e-16
2.104373823e-16 6.654614329e-04 6.654614329e-04 2.104373823e-16 2.104373823e-16 6.654614329e-04

2.116905874e-16 2.116905874e-16 2.116905874e-16 6.694244155e-04 2.116905874e-16 2.116905874e-16
2.116905874e-16 2.116905874e-16 2.116905874e-16 7.394565803e-01 2.116905874e-16 2.116905874e-16
2.116905874e-16 2.116905874e-16 0.000000000e+00 0.000000000e+00 6.286234980e-03 6.694244155e-04
2.116905874e-16 2.116905874e-16 0.000000000e+00 2.466321009e-01 6.286234980e-03 2.116905874e-16
2.116905874e-16 2.116905874e-16 2.116905874e-16 2.116905874e-16 0.000000000e+00 2.116905874e-16
2.116905874e-16 2.116905874e-16 2.116905874e-16 2.116905874e-16 2.116905874e-16 2.116905874e-16

2.108053248e-16 2.108053248e-16 2.108053248e-16 2.108053248e-16 2.108053248e-16 6.666249694e-04
2.108053248e-16 2.108053248e-16 2.108053248e-16 5.473060173e-02 0.000000000e+00 2.108053248e-16
6.666249694e-04 2.108053248e-16 0.000000000e+00 0.000000000e+00 6.666249694e-04 2.133199902e-02
6.666249694e-04 8.811374030e-01 0.000000000e+00 0.000000000e+00 2.301138340e-02 2.108053248e-16
2.108053248e-16 2.108053248e-16 1.645548804e-02 2.108053248e-16 0.000000000e+00 2.108053248e-16
2.108053248e-16 6.666249694e-04 2.108053248e-16 2.108053248e-16 2.108053248e-16 2.108053248e-16

