2.506265664e-13 2.506265664e-13 2.506265664e-13 2.506265664e-13 2.506265664e-13 2.506265664e-13
2.506265664e-13 0.000000000e+00 3.208020050e-01 2.506265664e-03 2.506265664e-13 2.506265664e-13
2.506265664e-13 2.506265664e-13 3.784461153e-01 1.228070175e-01 2.506265664e-13 2.506265664e-13
2.506265664e-13 2.506265664e-03 1.378446115e-01 3.258145363e-02 2.506265664e-13 2.506265664e-13
2.506265664e-13 2.506265664e-13 2.506265664e-13 2.506265664e-03 2.506265664e-13 2.506265664e-13
2.506265664e-13 2.506265664e-13 2.506265664e-13 2.506265664e-13 2.506265664e-13 2.506265664e-13

2.506265664e-13 2.506265664e-13 2.506265664e-13 4.010025063e-02 2.506265664e-13 2.506265664e-13
2.506265664e-13 0.000000000e+00 2.506265664e-13 2.005012531e-02 2.506265664e-13 2.506265664e-13
2.506265664e-13 0.000000000e+00 0.000000000e+00 5.764411028e-02 2.506265664e-13 2.506265664e-13
3.258145363e-02 2.506265664e-03 2.005012531e-02 8.195488722e-01 2.506265664e-03 2.506265664e-13
2.506265664e-13 2.506265664e-13 2.506265664e-13 2.506265664e-03 2.506265664e-13 2.506265664e-13
2.506265664e-13 2.506265664e-03 2.506265664e-13 2.506265664e-13 2.506265664e-13 2.506265664e-13

2.506265664e-13 7.518796993e-03 2.506265664e-13 1.253132832e-02 2.506265664e-13 2.506265664e-13
2.506265664e-13 0.000000000e+00 0.000000000e+00 2.506265664e-13 2.506265664e-13 2.506265664e-13
2.506265664e-13 0.000000000e+00 0.000000000e+00 2.506265664e-13 0.000000000e+00 2.506265664e-13
7.518796993e-03 2.506265664e-13 2.506265664e-13 2.982456140e-01 6.741854637e-01 2.506265664e-13
2.506265664e-13 2.506265664e-13 2.506265664e-13 2.506265664e-13 2.506265664e-13 2.506265664e-13
2.506265664e-13 2.506265664e-13 2.506265664e-13 2.506265664e-13 2.506265664e-13 2.506265664e-13

2.506265664e-13 1.503759399e-02 2.506265664e-13 2.756892231e-02 5.012531329e-03 7.769423559e-02
1.503759399e-02 0.000000000e+00 0.000000000e+00 0.000000000e+00 2.506265664e-13 2.506265664e-13
2.506265664e-13 0.000000000e+00 0.000000000e+00 0.000000000e+00 0.000000000e+00 2.506265664e-13
7.518796993e-03 1.002506266e-02 5.864661654e-01 1.002506266e-02 2.130325815e-01 2.506265664e-13
5.012531329e-03 1.253132832e-02 2.506265664e-13 5.012531329e-03 2.506265664e-13 5.012531329e-03
2.506265664e-13 2.506265664e-13 2.506265664e-13 5.012531329e-03 2.506265664e-13 2.506265664e-13

2.506265664e-13 2.506265664e-13 2.506265664e-13 2.506265664e-13 2.506265664e-13 7.268170426e-02
1.253132832e-02 0.000000000e+00 0.000000000e+00 0.000000000e+00 0.000000000e+00 2.506265664e-13
2.506265664e-13 0.000000000e+00 0.000000000e+00 0.000000000e+00 0.000000000e+00 2.506265664e-13
2.506265664e-13 2.506265664e-13 2.506265664e-13 3.834586466e-01 4.010025063e-02 2.506265664e-13
2.506265664e-13 4.711779449e-01 0.000000000e+00 2.005012531e-02 2.506265664e-13 2.506265664e-13
2.506265664e-13 2.506265664e-13 2.506265664e-13 2.506265664e-13 2.506265664e-13 2.506265664e-13

2.506265664e-13 2.506265664e-13 2.506265664e-13 2.506265664e-13 2.506265664e-13 2.506265664e-13
2.506265664e-13 0.000000000e+00 0.000000000e+00 0.000000000e+00 0.000000000e+00 2.506265664e-13
2.506265664e-13 0.000000000e+00 0.000000000e+00 0.000000000e+00 0.000000000e+00 2.506265664e-13
2.506265664e-13 2.506265664e-13 0.000000000e+00 2.506265664e-13 2.506265664e-13 2.506265664e-13
2.506265664e-13 1.000000000e+00 0.000000000e+00 0.000000000e+00 2.506265664e-13 2.506265664e-13
2.506265664e-13 2.506265664e-13 2.506265664e-13 2.506265664e-13 2.506265664e-13 2.506265664e-13

2.506265664e-13 2.506265664e-13 2.506265664e-13 2.506265664e-13 2.506265664e-13 3.258145363e-02
2.506265664e-13 0.000000000e+00 0.000000000e+00 0.000000000e+00 0.000000000e+00 2.506265664e-13
2.506265664e-13 0.000000000e+00 0.000000000e+00 0.000000000e+00 0.000000000e+00 2.506265664e-13
2.506265664e-13 0.000000000e+00 0.000000000e+00 2.506265664e-13 2.506265664e-13 2.506265664e-13
2.506265664e-13 9.674185464e-01 0.000000000e+00 0.000000000e+00 2.506265664e-13 2.506265664e-13
2.506265664e-13 2.506265664e-13 2.506265664e-13 2.506265664e-13 0.000000000e+00 2.506265664e-13

