2.691730821e-16 2.691730821e-16 2.691730821e-16 2.691730821e-16 2.691730821e-16 2.691730821e-16
2.691730821e-16 2.691730821e-16 2.691730821e-16 9.372753529e-02 2.691730821e-16 2.691730821e-16
2.691730821e-16 2.691730821e-16 1.570989647e-01 3.066799267e-01 1.513671477e-02 2.691730821e-16
2.691730821e-16 5.976311084e-02 3.415964433e-01 2.691730821e-16 6.364204594e-03 2.691730821e-16
2.691730821e-16 2.691730821e-16 6.364204594e-03 1.326889520e-02 2.691730821e-16 2.691730821e-16
2.691730821e-16 2.691730821e-16 2.691730821e-16 2.691730821e-16 2.691730821e-16 2.691730821e-16

2.427830473e-16 2.427830473e-16 2.427830473e-16 2.427830473e-16 2.427830473e-16 2.427830473e-16
2.427830473e-16 2.427830473e-16 2.427830473e-16 2.427830473e-16 2.427830473e-16 1.826021357e-03
2.427830473e-16 2.427830473e-16 1.046359877e-01 1.444269625e-01 2.427830473e-16 2.427830473e-16
2.427830473e-16 2.427830473e-16 0.000000000e+00 0.000000000e+00 2.427830473e-16 2.427830473e-16
2.427830473e-16 2.427830473e-16 5.344605691e-01 2.427830473e-16 1.826021357e-03 2.427830473e-16
2.427830473e-16 2.128244379e-01 2.427830473e-16 2.427830473e-16 2.427830473e-16 2.427830473e-16

2.306807549e-16 2.306807549e-16 2.306807549e-16 2.306807549e-16 2.880135580e-03 2.306807549e-16
2.306807549e-16 2.306807549e-16 7.294765978e-04 2.306807549e-16 1.346334763e-01 2.306807549e-16
2.306807549e-16 2.306807549e-16 0.000000000e+00 2.306807549e-16 0.000000000e+00 2.306807549e-16
2.306807549e-16 2.306807549e-16 0.000000000e+00 0.000000000e+00 2.306807549e-16 2.306807549e-16
2.306807549e-16 2.306807549e-16 3.733860019e-01 2.306807549e-16 4.876414330e-01 2.306807549e-16
2.306807549e-16 7.294765978e-04 2.306807549e-16 2.306807549e-16 2.306807549e-16 2.306807549e-16

0.000000000e+00 2.166187817e-16 2.166187817e-16 2.166187817e-16 2.166187817e-16 2.166187817e-16
2.166187817e-16 2.166187817e-16 2.166187817e-16 2.166187817e-16 5.606777550e-01 2.166187817e-16
2.166187817e-16 2.166187817e-16 0.000000000e+00 2.166187817e-16 0.000000000e+00 2.166187817e-16
2.166187817e-16 2.166187817e-16 0.000000000e+00 0.000000000e+00 0.000000000e+00 2.166187817e-16
2.166187817e-16 2.166187817e-16 2.192027950e-02 2.166187817e-16 2.166187817e-16 2.166187817e-16
2.166187817e-16 2.166187817e-16 2.166187817e-16 2.166187817e-16 4.174019655e-01 2.166187817e-16

