2.506265664e-13 2.506265664e-13 2.506265664e-13 2.506265664e-13 2.506265664e-13 2.506265664e-13
2.506265664e-13 2.506265664e-13 4.511278195e-02 2.506265664e-03 2.506265664e-13 2.506265664e-13
2.506265664e-13 3.007518797e-02 1.203007519e-01 2.506265664e-13 5.012531329e-03 2.506265664e-13
2.506265664e-13 2.506265664e-13 1.203007519e-01 5.664160401e-01 7.017543860e-02 2.506265664e-13
2.506265664e-13 2.506265664e-13 2.506265664e-13 4.010025063e-02 2.506265664e-13 2.506265664e-13
2.506265664e-13 2.506265664e-13 2.506265664e-13 2.506265664e-13 2.506265664e-13 2.506265664e-13

2.506265664e-13 2.506265664e-13 2.506265664e-13 2.506265664e-13 2.506265664e-13 2.506265664e-13
2.506265664e-13 2.506265664e-13 2.506265664e-13 3.759398496e-02 2.506265664e-13 2.506265664e-13
2.506265664e-13 2.506265664e-13 5.739348371e-01 0.000000000e+00 2.506265664e-13 2.506265664e-13
2.506265664e-13 2.506265664e-13 0.000000000e+00 2.506265664e-13 2.506265664e-13 2.506265664e-13
2.506265664e-13 2.506265664e-13 2.506265664e-13 3.884711779e-01 2.506265664e-13 2.506265664e-13
2.506265664e-13 2.506265664e-13 2.506265664e-13 2.506265664e-13 2.506265664e-13 2.506265664e-13

2.506265664e-13 2.506265664e-13 2.506265664e-13 6.165413534e-01 2.506265664e-13 2.506265664e-13
2.506265664e-13 2.506265664e-13 2.506265664e-13 2.506265664e-13 2.506265664e-13 2.506265664e-13
2.506265664e-13 3.834586466e-01 2.506265664e-13 0.000000000e+00 2.506265664e-13 2.506265664e-13
2.506265664e-13 2.506265664e-13 0.000000000e+00 0.000000000e+00 2.506265664e-13 2.506265664e-13
2.506265664e-13 2.506265664e-13 2.506265664e-13 0.000000000e+00 2.506265664e-13 2.506265664e-13
2.506265664e-13 2.506265664e-13 2.506265664e-13 2.506265664e-13 2.506265664e-13 2.506265664e-13

2.506265664e-13 2.506265664e-13 2.506265664e-13 0.000000000e+00 2.506265664e-13 2.506265664e-13
2.506265664e-13 5.012531328e-02 2.506265664e-13 0.000000000e+00 2.506265664e-13 2.506265664e-13
3.759398496e-02 2.506265664e-13 8.646616541e-01 0.000000000e+00 2.255639098e-02 2.506265664e-13
1.002506266e-02 1.253132832e-02 0.000000000e+00 0.000000000e+00 2.506265664e-13 2.506265664e-13
2.506265664e-13 2.506265664e-13 2.506265664e-13 0.000000000e+00 2.506265664e-13 2.506265664e-13
2.506265664e-13 2.506265664e-13 2.506265664e-13 2.506265664e-13 2.506265664e-03 2.506265664e-13

2.506265664e-13 2.506265664e-13 7.518796992e-02 0.000000000e+00 2.506265664e-13 2.506265664e-13
2.506265664e-13 4.511278195e-02 1.052631579e-01 0.000000000e+00 2.506265664e-13 2.506265664e-13
2.506265664e-13 0.000000000e+00 0.000000000e+00 0.000000000e+00 7.092731830e-01 2.506265664e-13
2.506265664e-13 1.503759399e-02 0.000000000e+00 0.000000000e+00 2.506265664e-13 2.506265664e-13
2.506265664e-13 2.506265664e-13 2.506265664e-13 0.000000000e+00 2.506265664e-13 2.506265664e-13
2.506265664e-13 5.012531328e-02 2.506265664e-13 2.506265664e-13 2.506265664e-13 2.506265664e-13

2.506265664e-13 2.506265664e-13 0.000000000e+00 0.000000000e+00 2.506265664e-13 2.506265664e-13
5.012531328e-02 2.406015038e-01 2.506265664e-13 0.000000000e+00 1.754385965e-02 6.015037594e-02
2.506265664e-13 0.000000000e+00 0.000000000e+00 0.000000000e+00 4.310776942e-01 2.255639098e-02
6.766917293e-02 2.506265664e-13 0.000000000e+00 0.000000000e+00 2.506265664e-13 2.506265664e-13
2.506265664e-13 2.506265664e-13 0.000000000e+00 0.000000000e+00 2.506265664e-13 2.506265664e-13
2.506265664e-13 9.523809524e-02 1.503759399e-02 2.506265664e-13 2.506265664e-13 2.506265664e-13

4.250000000e-02 4.250000000e-02 0.000000000e+00 0.000000000e+00 0.000000000e+00 4.250000000e-02
4.250000000e-02 4.250000000e-02 0.000000000e+00 0.000000000e+00 4.250000000e-02 4.250000000e-02
4.250000000e-02 0.000000000e+00 0.000000000e+00 0.000000000e+00 4.000000000e-02 4.250000000e-02
4.250000000e-02 4.250000000e-02 0.000000000e+00 0.000000000e+00 4.250000000e-02 4.250000000e-02
4.250000000e-02 4.250000000e-02 0.000000000e+00 0.000000000e+00 4.250000000e-02 4.000000000e-02
4.000000000e-02 4.000000000e-02 4.000000000e-02 4.000000000e-02 4.000000000e-02 4.000000000e-02

