2.381067676e-16 2.381067676e-16 2.381067676e-16 2.381067676e-16 2.381067676e-16 2.381067676e-16
2.381067676e-16 2.381067676e-16 2.222725404e-02 2.381067676e-16 2.381067676e-16 2.381067676e-16
2.381067676e-16 4.084817334e-01 6.181877369e-02 0.000000000e+00 2.381067676e-16 2.381067676e-16
2.381067676e-16 7.529597121e-04 2.381067676e-16 2.039068351e-02 7.070673808e-03 2.381067676e-16
2.381067676e-16 2.381067676e-16 2.381067676e-16 4.792579218e-01 2.381067676e-16 2.381067676e-16
2.381067676e-16 2.381067676e-16 2.381067676e-16 2.381067676e-16 2.381067676e-16 2.381067676e-16

1.969598885e-16 1.969598885e-16 1.969598885e-16 1.969598885e-16 1.969598885e-16 1.969598885e-16
1.969598885e-16 1.969598885e-16 0.000000000e+00 1.969598885e-16 1.969598885e-16 1.969598885e-16
1.969598885e-16 1.247724337e-02 1.969598885e-16 0.000000000e+00 1.969598885e-16 1.969598885e-16
1.969598885e-16 3.523325597e-03 0.000000000e+00 9.193808212e-01 1.969598885e-16 1.969598885e-16
1.969598885e-16 1.969598885e-16 1.969598885e-16 6.461860985e-02 1.969598885e-16 1.969598885e-16
1.969598885e-16 1.969598885e-16 1.969598885e-16 1.969598885e-16 1.969598885e-16 1.969598885e-16

2.668204244e-16 3.331352883e-03 2.668204244e-16 2.284962701e-02 2.668204244e-16 2.668204244e-16
1.135223975e-02 2.668204244e-16 0.000000000e+00 3.331352883e-03 2.668204244e-16 2.668204244e-16
2.668204244e-16 1.467941277e-01 2.668204244e-16 0.000000000e+00 2.668204244e-16 2.284962701e-02
2.668204244e-16 2.668204244e-16 0.000000000e+00 0.000000000e+00 0.000000000e+00 2.668204244e-16
2.668204244e-16 2.668204244e-16 3.739453956e-01 2.668204244e-16 3.351163585e-01 2.668204244e-16
2.668204244e-16 2.668204244e-16 4.249901510e-02 2.668204244e-16 3.793090362e-02 2.668204244e-16

9.544195093e-04 9.544195093e-04 9.544195093e-04 7.135950249e-03 9.544195093e-04 2.270004942e-03
8.416226873e-02 9.544195093e-04 0.000000000e+00 0.000000000e+00 7.835883210e-02 9.544195093e-04
9.544195093e-04 1.237326767e-01 9.544195093e-04 0.000000000e+00 5.399012057e-03 1.593779994e-01
3.768260141e-03 9.544195093e-04 0.000000000e+00 0.000000000e+00 0.000000000e+00 9.544195093e-04
3.768260141e-03 3.768260141e-03 6.147334527e-02 0.000000000e+00 9.544195093e-04 9.544195093e-04
9.544195093e-04 9.544195093e-04 3.246172839e-01 9.544195093e-04 1.268971340e-01 9.544195093e-04

8.821653910e-04 8.821653910e-04 8.821653910e-04 0.000000000e+00 8.821653910e-04 8.821653910e-04
7.509915855e-02 0.000000000e+00 0.000000000e+00 0.000000000e+00 2.513534206e-01 8.821653910e-04
8.821653910e-04 4.021897642e-01 8.821653910e-04 0.000000000e+00 8.821653910e-04 8.322992654e-02
2.098154719e-03 8.821653910e-04 0.000000000e+00 0.000000000e+00 0.000000000e+00 8.821653910e-04
4.990281041e-03 8.821653910e-04 8.821653910e-04 0.000000000e+00 8.821653910e-04 8.821653910e-04
8.821653910e-04 8.821653910e-04 6.714095101e-02 8.821653910e-04 9.713720097e-02 8.821653910e-04

