3.014486496e-16 3.014486496e-16 3.014486496e-16 2.353111645e-02 3.014486496e-16 3.014486496e-16
3.014486496e-16 3.014486496e-16 9.532643303e-04 3.014486496e-16 3.014486496e-16 3.014486496e-16
3.014486496e-16 1.558756786e-01 1.427797787e-01 1.558756786e-01 3.014486496e-16 3.014486496e-16
3.014486496e-16 0.000000000e+00 3.014486496e-16 1.625083334e-01 3.014486496e-16 3.014486496e-16
1.909651855e-02 2.353111645e-02 1.759361315e-01 1.141985612e-01 3.014486496e-16 3.014486496e-16
3.014486496e-16 3.014486496e-16 1.485992028e-02 3.014486496e-16 1.085390192e-02 3.014486496e-16

2.560665014e-16 2.560665014e-16 2.560665014e-16 2.560665014e-16 2.560665014e-16 2.560665014e-16
2.560665014e-16 0.000000000e+00 5.923179378e-02 2.560665014e-16 2.560665014e-16 2.560665014e-16
2.560665014e-16 2.560665014e-16 2.721694600e-01 2.244687585e-01 2.560665014e-16 2.560665014e-16
2.560665014e-16 0.000000000e+00 0.000000000e+00 3.197086128e-03 2.560665014e-16 2.560665014e-16
2.560665014e-16 2.560665014e-16 3.760766791e-01 2.560665014e-16 2.560665014e-16 2.560665014e-16
2.560665014e-16 2.560665014e-16 8.097533768e-04 2.560665014e-16 6.404646919e-02 2.560665014e-16

2.766602675e-16 6.541228162e-03 9.076671405e-02 9.633461408e-02 1.363797623e-02 2.766602675e-16
2.766602675e-16 0.000000000e+00 2.766602675e-16 3.951494153e-01 2.766602675e-16 2.766602675e-16
5.635005336e-02 0.000000000e+00 0.000000000e+00 2.940582825e-01 2.766602675e-16 2.766602675e-16
2.080818915e-03 0.000000000e+00 0.000000000e+00 9.961376213e-03 2.766602675e-16 1.177088932e-02
2.080818915e-03 8.748765833e-04 6.541228162e-03 2.766602675e-16 2.766602675e-16 2.766602675e-16
2.766602675e-16 2.766602675e-16 2.080818915e-03 2.766602675e-16 1.177088932e-02 2.766602675e-16

2.577965926e-16 2.207685562e-02 3.664808543e-02 3.103485062e-01 8.152244056e-04 2.577965926e-16
2.577965926e-16 0.000000000e+00 0.000000000e+00 1.938941327e-03 2.577965926e-16 8.152244056e-04
1.096830848e-02 0.000000000e+00 0.000000000e+00 3.070078450e-01 2.577965926e-16 2.577965926e-16
2.577965926e-16 0.000000000e+00 0.000000000e+00 3.036744383e-01 2.577965926e-16 2.577965926e-16
8.152244056e-04 2.577965926e-16 0.000000000e+00 2.577965926e-16 2.577965926e-16 2.577965926e-16
8.152244056e-04 8.152244056e-04 8.152244056e-04 8.152244056e-04 8.152244056e-04 8.152244056e-04

6.434981865e-04 2.034919939e-16 1.588460858e-02 4.330567623e-02 6.434981865e-04 6.434981865e-04
2.034919939e-16 0.000000000e+00 0.000000000e+00 0.000000000e+00 6.434981865e-04 6.434981865e-04
6.434981865e-04 0.000000000e+00 0.000000000e+00 2.034919939e-16 6.434981865e-04 6.434981865e-04
2.034919939e-16 0.000000000e+00 0.000000000e+00 9.257024731e-01 2.034919939e-16 2.034919939e-16
4.811271144e-03 0.000000000e+00 0.000000000e+00 6.434981865e-04 2.034919939e-16 6.434981865e-04
6.434981865e-04 6.434981865e-04 6.434981865e-04 6.434981865e-04 6.434981865e-04 6.434981865e-04

6.765826597e-04 3.827329493e-03 3.041550148e-02 3.827329493e-03 6.765826597e-04 6.765826597e-04
6.765826597e-04 0.000000000e+00 0.000000000e+00 0.000000000e+00 6.765826597e-04 6.765826597e-04
6.765826597e-04 0.000000000e+00 0.000000000e+00 0.000000000e+00 1.609193825e-03 6.765826597e-04
6.765826597e-04 0.000000000e+00 0.000000000e+00 0.000000000e+00 6.765826597e-04 6.765826597e-04
6.765826597e-04 0.000000000e+00 0.000000000e+00 6.765826597e-04 6.765826597e-04 6.765826597e-04
6.765826597e-04 6.765826597e-04 6.383375004e-02 6.765826597e-04 8.836318251e-01 6.765826597e-04

7.090766452e-04 7.090766452e-04 4.011143233e-03 4.011143233e-03 6.658589541e-03 8.339705654e-01
7.090766452e-04 0.000000000e+00 0.000000000e+00 0.000000000e+00 7.090766452e-04 7.090766452e-04
1.686477983e-03 0.000000000e+00 0.000000000e+00 0.000000000e+00 0.000000000e+00 7.807801269e-02
7.090766452e-04 0.000000000e+00 0.000000000e+00 0.000000000e+00 7.090766452e-04 2.799592038e-03
7.090766452e-04 0.000000000e+00 0.000000000e+00 7.090766452e-04 7.090766452e-04 7.090766452e-04
7.090766452e-04 7.090766452e-04 2.799592038e-03 0.000000000e+00 5.396729546e-02 2.799592038e-03

1.934447504e-16 1.934447504e-16 2.415230125e-03 6.117260127e-04 6.117260127e-04 6.117260127e-04
1.934447504e-16 0.000000000e+00 0.000000000e+00 0.000000000e+00 6.117260127e-04 0.000000000e+00
6.117260127e-04 0.000000000e+00 0.000000000e+00 0.000000000e+00 0.000000000e+00 9.659233433e-01
1.934447504e-16 0.000000000e+00 0.000000000e+00 0.000000000e+00 0.000000000e+00 1.934447504e-16
1.934447504e-16 0.000000000e+00 0.000000000e+00 6.117260127e-04 5.744417698e-03 6.117260127e-04
1.934447504e-16 1.934447504e-16 2.415230125e-03 0.000000000e+00 1.225456233e-02 6.965134360e-03

2.123404065e-16 2.123404065e-16 6.714793239e-04 2.123404065e-16 2.123404065e-16 2.123404065e-16
2.123404065e-16 0.000000000e+00 0.000000000e+00 0.000000000e+00 2.123404065e-16 0.000000000e+00
6.714793239e-04 0.000000000e+00 0.000000000e+00 0.000000000e+00 0.000000000e+00 8.699228605e-01
2.123404065e-16 0.000000000e+00 0.000000000e+00 0.000000000e+00 0.000000000e+00 0.000000000e+00
2.123404065e-16 0.000000000e+00 0.000000000e+00 0.000000000e+00 2.123404065e-16 2.317895200e-02
2.123404065e-16 2.123404065e-16 2.663634588e-02 0.000000000e+00 4.324940964e-02 3.566947330e-02

1.773306804e-16 1.773306804e-16 1.773306804e-16 1.773306804e-16 1.773306804e-16 1.773306804e-16
1.773306804e-16 0.000000000e+00 0.000000000e+00 0.000000000e+00 1.773306804e-16 0.000000000e+00
1.773306804e-16 0.000000000e+00 0.000000000e+00 0.000000000e+00 0.000000000e+00 1.773306804e-16
1.773306804e-16 0.000000000e+00 0.000000000e+00 0.000000000e+00 0.000000000e+00 0.000000000e+00
1.773306804e-16 0.000000000e+00 0.000000000e+00 0.000000000e+00 0.000000000e+00 1.773306804e-16
1.773306804e-16 1.773306804e-16 1.000000000e+00 0.000000000e+00 0.000000000e+00 1.773306804e-16

2.102430532e-16 2.102430532e-16 2.102430532e-16 6.648469103e-04 2.102430532e-16 2.102430532e-16
2.102430532e-16 0.000000000e+00 0.000000000e+00 0.000000000e+00 2.102430532e-16 0.000000000e+00
2.102430532e-16 0.000000000e+00 0.000000000e+00 0.000000000e+00 0.000000000e+00 2.295000616e-02
2.102430532e-16 0.000000000e+00 0.000000000e+00 0.000000000e+00 0.000000000e+00 0.000000000e+00
1.971860382e-01 0.000000000e+00 0.000000000e+00 0.000000000e+00 0.000000000e+00 0.000000000e+00
7.785342618e-01 0.000000000e+00 2.102430532e-16 0.000000000e+00 0.000000000e+00 6.648469103e-04

2.020482744e-16 2.020482744e-16 2.020482744e-16 6.389327444e-04 2.020482744e-16 2.020482744e-16
4.777136503e-03 0.000000000e+00 0.000000000e+00 0.000000000e+00 2.020482744e-16 0.000000000e+00
2.020482744e-16 0.000000000e+00 0.000000000e+00 0.000000000e+00 0.000000000e+00 8.546321443e-01
6.389327444e-04 0.000000000e+00 0.000000000e+00 0.000000000e+00 0.000000000e+00 0.000000000e+00
1.386739210e-01 0.000000000e+00 0.000000000e+00 0.000000000e+00 0.000000000e+00 0.000000000e+00
0.000000000e+00 0.000000000e+00 0.000000000e+00 0.000000000e+00 0.000000000e+00 6.389327444e-04

1.883953990e-16 1.883953990e-16 1.883953990e-16 4.182845857e-02 1.883953990e-16 1.883953990e-16
1.883953990e-16 0.000000000e+00 0.000000000e+00 0.000000000e+00 1.883953990e-16 0.000000000e+00
0.000000000e+00 0.000000000e+00 0.000000000e+00 0.000000000e+00 0.000000000e+00 9.569800243e-01
5.957585616e-04 0.000000000e+00 0.000000000e+00 0.000000000e+00 0.000000000e+00 0.000000000e+00
0.000000000e+00 0.000000000e+00 0.000000000e+00 0.000000000e+00 0.000000000e+00 0.000000000e+00
0.000000000e+00 0.000000000e+00 0.000000000e+00 0.000000000e+00 0.000000000e+00 5.957585616e-04

0.000000000e+00 0.000000000e+00 0.000000000e+00 0.000000000e+00 0.000000000e+00 0.000000000e+00
0.000000000e+00 0.000000000e+00 0.000000000e+00 0.000000000e+00 0.000000000e+00 0.000000000e+00
0.000000000e+00 0.000000000e+00 0.000000000e+00 0.000000000e+00 0.000000000e+00 0.000000000e+00
0.000000000e+00 0.000000000e+00 0.000000000e+00 0.000000000e+00 0.000000000e+00 0.000000000e+00
0.000000000e+00 0.000000000e+00 0.000000000e+00 0.000000000e+00 0.000000000e+00 0.000000000e+00
0.000000000e+00 0.000000000e+00 0.000000000e+00 0.000000000e+00 0.000000000e+00 0.000000000e+00

