2.454900024e-16 2.454900024e-16 2.454900024e-16 2.454900024e-16 2.454900024e-16 2.454900024e-16
2.454900024e-16 2.454900024e-16 2.878223015e-02 7.763075505e-04 2.454900024e-16 2.454900024e-16
2.454900024e-16 1.733845389e-02 9.808110655e-02 2.454900024e-16 1.846380925e-03 2.454900024e-16
2.454900024e-16 2.454900024e-16 9.808110655e-02 6.802512666e-01 5.000130616e-02 2.454900024e-16
2.454900024e-16 2.454900024e-16 2.454900024e-16 2.484184161e-02 2.454900024e-16 2.454900024e-16
2.454900024e-16 2.454900024e-16 2.454900024e-16 2.454900024e-16 2.454900024e-16 2.454900024e-16

2.736489946e-16 2.736489946e-16 2.736489946e-16 2.736489946e-16 2.736489946e-16 2.058170511e-03
2.736489946e-16 2.736489946e-16 5.823597544e-02 2.736489946e-16 4.656484325e-01 2.736489946e-16
2.736489946e-16 4.358666613e-02 6.075687461e-02 0.000000000e+00 2.736489946e-16 2.736489946e-16
2.736489946e-16 2.736489946e-16 2.736489946e-16 1.535923353e-01 2.136107216e-02 2.736489946e-16
2.736489946e-16 1.415007922e-01 2.736489946e-16 5.325968114e-02 2.736489946e-16 2.736489946e-16
0.000000000e+00 2.736489946e-16 2.736489946e-16 2.736489946e-16 2.736489946e-16 2.736489946e-16

2.420319042e-16 2.420319042e-16 2.420319042e-16 3.237129788e-02 2.420319042e-16 2.420319042e-16
2.420319042e-16 2.420319042e-16 2.420319042e-16 2.259366533e-02 2.420319042e-16 2.420319042e-16
2.420319042e-16 2.420319042e-16 2.420319042e-16 0.000000000e+00 2.420319042e-16 2.420319042e-16
5.722491062e-03 1.198715683e-01 0.000000000e+00 2.420319042e-16 1.439801219e-01 8.714554046e-03
2.420319042e-16 0.000000000e+00 2.420319042e-16 6.595590692e-01 2.420319042e-16 2.420319042e-16
0.000000000e+00 2.420319042e-16 2.420319042e-16 7.187232277e-03 2.420319042e-16 2.420319042e-16

1.773306804e-16 1.773306804e-16 1.773306804e-16 1.773306804e-16 1.773306804e-16 1.773306804e-16
1.773306804e-16 1.773306804e-16 1.773306804e-16 1.773306804e-16 1.773306804e-16 1.773306804e-16
1.773306804e-16 1.773306804e-16 1.773306804e-16 0.000000000e+00 1.773306804e-16 1.773306804e-16
1.773306804e-16 0.000000000e+00 0.000000000e+00 0.000000000e+00 1.773306804e-16 1.773306804e-16
1.773306804e-16 0.000000000e+00 1.773306804e-16 1.000000000e+00 1.773306804e-16 1.773306804e-16
0.000000000e+00 1.773306804e-16 1.773306804e-16 1.773306804e-16 1.773306804e-16 1.773306804e-16

0.000000000e+00 0.000000000e+00 0.000000000e+00 0.000000000e+00 0.000000000e+00 0.000000000e+00
0.000000000e+00 0.000000000e+00 0.000000000e+00 0.000000000e+00 0.000000000e+00 0.000000000e+00
0.000000000e+00 0.000000000e+00 0.000000000e+00 0.000000000e+00 0.000000000e+00 0.000000000e+00
0.000000000e+00 0.000000000e+00 0.000000000e+00 0.000000000e+00 0.000000000e+00 0.000000000e+00
0.000000000e+00 0.000000000e+00 0.000000000e+00 0.000000000e+00 0.000000000e+00 0.000000000e+00
0.000000000e+00 0.000000000e+00 0.000000000e+00 0.000000000e+00 0.000000000e+00 0.000000000e+00

0.000000000e+00 0.000000000e+00 0.000000000e+00 0.000000000e+00 0.000000000e+00 0.000000000e+00
0.000000000e+00 0.000000000e+00 0.000000000e+00 0.000000000e+00 0.000000000e+00 0.000000000e+00
0.000000000e+00 0.000000000e+00 0.000000000e+00 0.000000000e+00 0.000000000e+00 0.000000000e+00
0.000000000e+00 0.000000000e+00 0.000000000e+00 0.000000000e+00 0.000000000e+00 0.000000000e+00
0.000000000e+00 0.000000000e+00 0.000000000e+00 0.000000000e+00 0.000000000e+00 0.000000000e+00
0.000000000e+00 0.000000000e+00 0.000000000e+00 0.000000000e+00 0.000000000e+00 0.000000000e+00

