2.433033205e-16 7.693926550e-04 7.693926550e-04 7.693926550e-04 7.693926550e-04 7.693926550e-04
7.693926550e-04 2.433033205e-16 1.829934439e-03 7.693926550e-04 2.433033205e-16 7.693926550e-04
2.433033205e-16 3.037733037e-03 2.655884520e-02 1.199364452e-02 2.433033205e-16 7.693926550e-04
5.752551844e-03 5.401938113e-02 2.433033205e-16 7.457712576e-01 7.693926550e-04 7.693926550e-04
7.693926550e-04 7.693926550e-04 1.074365900e-01 7.693926550e-04 2.433033205e-16 2.433033205e-16
2.433033205e-16 7.693926550e-04 3.052038707e-02 2.433033205e-16 7.693926550e-04 7.693926550e-04

2.572863774e-16 2.572863774e-16 2.572863774e-16 6.083160815e-03 8.136109638e-04 0.000000000e+00
2.572863774e-16 2.572863774e-16 8.136109638e-04 2.008380438e-02 8.136109638e-04 3.212316738e-03
2.572863774e-16 9.263803667e-03 5.364230407e-01 2.572863774e-16 2.799925748e-01 4.602478637e-03
8.136109638e-04 8.136109638e-04 0.000000000e+00 9.746845496e-02 1.094660068e-02 2.572863774e-16
8.136109638e-04 2.572863774e-16 1.446827624e-02 8.136109638e-04 2.572863774e-16 2.572863774e-16
2.572863774e-16 2.572863774e-16 1.094660068e-02 2.572863774e-16 2.572863774e-16 8.136109638e-04

2.401624500e-16 2.401624500e-16 2.401624500e-16 2.401624500e-16 2.401624500e-16 0.000000000e+00
2.401624500e-16 2.401624500e-16 0.000000000e+00 7.594603505e-04 7.594603505e-04 7.594603505e-04
2.401624500e-16 1.806311305e-03 4.674227116e-02 0.000000000e+00 7.594603505e-04 2.401624500e-16
7.594603505e-04 2.798035109e-01 0.000000000e+00 5.747780532e-01 7.594603505e-04 2.401624500e-16
7.594603505e-04 2.401624500e-16 8.851578954e-02 7.594603505e-04 2.401624500e-16 7.594603505e-04
2.401624500e-16 7.594603505e-04 7.594603505e-04 2.401624500e-16 2.401624500e-16 2.401624500e-16

2.489033081e-16 2.489033081e-16 2.489033081e-16 2.489033081e-16 2.489033081e-16 0.000000000e+00
2.489033081e-16 2.489033081e-16 0.000000000e+00 7.871013709e-04 0.000000000e+00 2.489033081e-16
2.489033081e-16 2.489033081e-16 7.871013709e-04 0.000000000e+00 7.871013709e-04 2.489033081e-16
4.181140109e-02 2.061359470e-01 0.000000000e+00 4.400030426e-02 7.871013709e-04 2.489033081e-16
6.180072936e-01 0.000000000e+00 3.964518637e-02 7.871013709e-04 2.489033081e-16 2.489033081e-16
2.489033081e-16 8.961964490e-03 3.750239638e-02 2.489033081e-16 2.489033081e-16 2.489033081e-16

