2.554020676e-16 8.076522528e-04 2.554020676e-16 7.584264521e-03 8.076522528e-04 2.554020676e-16
2.554020676e-16 2.554020676e-16 8.076522528e-04 1.902209178e-01 8.076522528e-04 8.076522528e-04
8.076522528e-04 2.554020676e-16 2.618030028e-01 2.554020676e-16 4.812375630e-01 1.993671493e-02
8.076522528e-04 2.554020676e-16 6.038609059e-03 2.187179634e-02 8.076522528e-04 2.554020676e-16
8.076522528e-04 2.554020676e-16 2.554020676e-16 8.076522528e-04 2.554020676e-16 2.554020676e-16
8.076522528e-04 8.076522528e-04 8.076522528e-04 8.076522528e-04 2.554020676e-16 2.554020676e-16

2.687490357e-16 2.687490357e-16 2.687490357e-16 4.807528901e-03 2.687490357e-16 2.687490357e-16
2.687490357e-16 2.687490357e-16 2.687490357e-16 1.629072520e-01 2.687490357e-16 2.687490357e-16
2.687490357e-16 2.687490357e-16 2.553794550e-01 0.000000000e+00 1.508421109e-01 2.687490357e-16
2.687490357e-16 2.687490357e-16 2.653938825e-01 2.687490357e-16 4.807528901e-03 2.687490357e-16
2.021316910e-03 0.000000000e+00 2.687490357e-16 1.538409248e-01 2.687490357e-16 2.687490357e-16
2.687490357e-16 2.687490357e-16 2.687490357e-16 2.687490357e-16 2.687490357e-16 2.687490357e-16

2.039392351e-16 2.039392351e-16 2.039392351e-16 2.039392351e-16 2.039392351e-16 2.039392351e-16
2.039392351e-16 2.039392351e-16 2.039392351e-16 6.056055537e-03 2.039392351e-16 6.449124874e-04
2.039392351e-16 2.039392351e-16 1.076935887e-01 0.000000000e+00 6.449124874e-04 2.039392351e-16
6.449124874e-04 1.146834598e-02 8.728472724e-01 0.000000000e+00 2.039392351e-16 2.039392351e-16
2.039392351e-16 0.000000000e+00 2.039392351e-16 0.000000000e+00 2.039392351e-16 2.039392351e-16
2.039392351e-16 2.039392351e-16 2.039392351e-16 2.039392351e-16 2.039392351e-16 2.039392351e-16

2.119090493e-16 2.119090493e-16 2.119090493e-16 2.119090493e-16 2.119090493e-16 2.119090493e-16
2.119090493e-16 2.119090493e-16 2.119090493e-16 9.582842274e-02 6.701152526e-04 2.119090493e-16
2.119090493e-16 2.119090493e-16 8.054076295e-01 0.000000000e+00 2.119090493e-16 2.119090493e-16
2.119090493e-16 2.119090493e-16 9.809383254e-02 0.000000000e+00 2.119090493e-16 2.119090493e-16
2.119090493e-16 0.000000000e+00 0.000000000e+00 0.000000000e+00 2.119090493e-16 2.119090493e-16
2.119090493e-16 2.119090493e-16 0.000000000e+00 2.119090493e-16 2.119090493e-16 2.119090493e-16

2.251158486e-16 2.251158486e-16 2.251158486e-16 2.251158486e-16 2.251158486e-16 2.251158486e-16
2.251158486e-16 2.251158486e-16 2.251158486e-16 4.922753385e-01 1.109709255e-02 2.251158486e-16
2.251158486e-16 0.000000000e+00 4.466462584e-01 0.000000000e+00 0.000000000e+00 2.251158486e-16
2.251158486e-16 2.251158486e-16 4.998131057e-02 0.000000000e+00 2.251158486e-16 2.251158486e-16
2.251158486e-16 0.000000000e+00 0.000000000e+00 0.000000000e+00 2.251158486e-16 2.251158486e-16
2.251158486e-16 2.251158486e-16 0.000000000e+00 2.251158486e-16 2.251158486e-16 2.251158486e-16

