2.699258974e-16 2.699258974e-16 2.699258974e-16 2.699258974e-16 2.699258974e-16 2.699258974e-16
2.699258974e-16 2.699258974e-16 1.134898598e-01 2.699258974e-16 2.699258974e-16 2.699258974e-16
2.699258974e-16 4.771660812e-02 2.465177752e-01 1.078440280e-01 2.699258974e-16 2.699258974e-16
2.699258974e-16 2.030168330e-03 2.699258974e-16 4.110594138e-01 2.311556955e-02 2.699258974e-16
2.699258974e-16 8.535806354e-04 2.030168330e-03 4.534282829e-02 2.699258974e-16 2.699258974e-16
2.699258974e-16 2.699258974e-16 2.699258974e-16 2.699258974e-16 2.699258974e-16 2.699258974e-16

2.878970264e-16 2.878970264e-16 2.878970264e-16 2.878970264e-16 2.878970264e-16 0.000000000e+00
2.878970264e-16 2.878970264e-16 1.745141646e-01 2.878970264e-16 2.212297114e-01 2.878970264e-16
2.878970264e-16 3.850566905e-02 4.836166355e-02 2.878970264e-16 2.878970264e-16 2.878970264e-16
2.878970264e-16 2.878970264e-16 0.000000000e+00 1.745141646e-01 6.929065267e-02 2.878970264e-16
2.878970264e-16 2.042933215e-01 2.878970264e-16 6.929065267e-02 2.878970264e-16 2.878970264e-16
2.878970264e-16 2.878970264e-16 2.878970264e-16 2.878970264e-16 2.878970264e-16 2.878970264e-16

2.065560086e-16 2.065560086e-16 2.065560086e-16 2.065560086e-16 2.065560086e-16 0.000000000e+00
2.065560086e-16 2.065560086e-16 0.000000000e+00 2.065560086e-16 2.784790214e-01 2.065560086e-16
2.065560086e-16 2.065560086e-16 2.065560086e-16 0.000000000e+00 2.065560086e-16 2.065560086e-16
2.065560086e-16 2.065560086e-16 0.000000000e+00 2.065560086e-16 2.065560086e-16 2.065560086e-16
2.065560086e-16 2.065560086e-16 2.065560086e-16 2.065560086e-16 2.065560086e-16 2.065560086e-16
7.215209786e-01 2.065560086e-16 2.065560086e-16 2.065560086e-16 2.065560086e-16 2.065560086e-16

2.323855626e-16 2.323855626e-16 2.323855626e-16 2.323855626e-16 7.348676732e-04 0.000000000e+00
7.348676732e-04 7.348676732e-04 0.000000000e+00 3.412972419e-01 0.000000000e+00 2.323855626e-16
7.348676732e-04 5.804814045e-01 7.348676732e-04 0.000000000e+00 2.323855626e-16 2.323855626e-16
7.348676732e-04 2.323855626e-16 0.000000000e+00 1.747819731e-03 4.157039320e-03 2.323855626e-16
2.323855626e-16 0.000000000e+00 2.323855626e-16 4.157039320e-03 7.348676732e-04 2.323855626e-16
5.812347455e-02 2.323855626e-16 4.157039320e-03 2.323855626e-16 7.348676732e-04 2.323855626e-16

