2.664219589e-16 6.663654048e-02 3.326377892e-03 6.299158303e-03 1.687760714e-02 2.664219589e-16
1.313327850e-02 0.000000000e+00 6.663654048e-02 8.425002089e-04 2.664219589e-16 2.664219589e-16
2.003814486e-03 2.664219589e-16 6.021387173e-01 8.425002089e-04 2.664219589e-16 2.664219589e-16
2.664219589e-16 1.313327850e-02 1.614966510e-01 8.425002089e-04 2.664219589e-16 2.664219589e-16
2.003814486e-03 4.765900887e-03 2.664219589e-16 2.664219589e-16 2.664219589e-16 2.664219589e-16
2.664219589e-16 2.664219589e-16 3.326377892e-03 1.687760714e-02 1.881683492e-02 2.664219589e-16

1.908620881e-16 1.908620881e-16 1.908620881e-16 1.908620881e-16 1.908620881e-16 1.908620881e-16
1.908620881e-16 0.000000000e+00 1.908620881e-16 1.908620881e-16 1.908620881e-16 1.908620881e-16
1.908620881e-16 0.000000000e+00 9.629101208e-01 1.634480394e-02 1.908620881e-16 1.908620881e-16
1.908620881e-16 9.408552393e-03 1.908620881e-16 1.908620881e-16 0.000000000e+00 1.908620881e-16
1.908620881e-16 1.073296396e-02 6.035589175e-04 1.908620881e-16 1.908620881e-16 1.908620881e-16
1.908620881e-16 1.908620881e-16 1.908620881e-16 1.908620881e-16 1.908620881e-16 1.908620881e-16

1.868943757e-16 1.868943757e-16 1.868943757e-16 1.868943757e-16 1.868943757e-16 1.868943757e-16
1.868943757e-16 0.000000000e+00 1.868943757e-16 1.868943757e-16 1.868943757e-16 1.868943757e-16
1.868943757e-16 0.000000000e+00 1.050984309e-02 1.868943757e-16 1.868943757e-16 0.000000000e+00
1.744657999e-02 1.868943757e-16 0.000000000e+00 1.868943757e-16 0.000000000e+00 1.868943757e-16
1.868943757e-16 9.720435769e-01 1.868943757e-16 1.868943757e-16 1.868943757e-16 1.868943757e-16
1.868943757e-16 1.868943757e-16 1.868943757e-16 1.868943757e-16 1.868943757e-16 1.868943757e-16

1.847467243e-16 0.000000000e+00 1.847467243e-16 1.847467243e-16 1.847467243e-16 1.847467243e-16
1.847467243e-16 0.000000000e+00 1.847467243e-16 1.847467243e-16 1.847467243e-16 1.847467243e-16
1.847467243e-16 0.000000000e+00 2.626339498e-02 1.847467243e-16 1.847467243e-16 0.000000000e+00
1.847467243e-16 0.000000000e+00 0.000000000e+00 1.847467243e-16 0.000000000e+00 1.847467243e-16
1.847467243e-16 9.737366050e-01 1.847467243e-16 1.847467243e-16 1.847467243e-16 1.847467243e-16
1.847467243e-16 1.847467243e-16 1.847467243e-16 1.847467243e-16 1.847467243e-16 1.847467243e-16

