2.782542017e-16 2.782542017e-16 2.782542017e-16 8.799170460e-04 2.782542017e-16 2.092807223e-03
2.782542017e-16 2.782542017e-16 8.799170460e-04 2.782542017e-16 2.782542017e-16 8.799170460e-04
2.782542017e-16 2.597501487e-02 2.204394641e-01 0.000000000e+00 2.782542017e-16 2.782542017e-16
2.172055517e-02 2.405355318e-01 2.782542017e-16 2.439185714e-01 2.092807223e-03 1.001876710e-02
8.799170460e-04 8.799170460e-04 2.105252611e-01 8.262867602e-03 2.782542017e-16 2.782542017e-16
2.782542017e-16 2.782542017e-16 1.001876710e-02 2.782542017e-16 2.782542017e-16 2.782542017e-16

8.502524861e-04 8.502524861e-04 9.362319975e-02 1.703290667e-02 8.502524861e-04 2.022252612e-03
8.502524861e-04 8.821201270e-02 8.502524861e-04 1.325412455e-02 8.502524861e-04 8.502524861e-04
8.502524861e-04 1.703290667e-02 6.315087876e-01 0.000000000e+00 8.821201270e-02 8.502524861e-04
8.502524861e-04 2.022252612e-03 0.000000000e+00 1.325412455e-02 0.000000000e+00 8.502524861e-04
8.502524861e-04 8.502524861e-04 1.511986489e-02 8.502524861e-04 8.502524861e-04 8.502524861e-04
8.502524861e-04 8.502524861e-04 8.502524861e-04 8.502524861e-04 8.502524861e-04 8.502524861e-04

7.684622511e-04 7.684622511e-04 5.171541760e-02 2.849135933e-02 4.347078950e-03 1.827721553e-03
1.827721553e-03 1.827721553e-03 0.000000000e+00 7.216250516e-03 7.684622511e-04 7.684622511e-04
7.684622511e-04 9.962484039e-02 0.000000000e+00 0.000000000e+00 2.430091009e-16 3.034059595e-03
3.034059595e-03 1.827721553e-03 0.000000000e+00 7.715662361e-01 0.000000000e+00 1.827721553e-03
1.827721553e-03 7.684622511e-04 7.684622511e-04 3.034059595e-03 7.684622511e-04 1.827721553e-03
7.684622511e-04 7.684622511e-04 3.034059595e-03 1.827721553e-03 7.684622511e-04 1.827721553e-03

9.578795718e-04 3.306526922e-02 5.088326416e-02 2.594005878e-02 9.937810984e-02 9.578795718e-04
4.819710071e-01 1.918897459e-02 0.000000000e+00 7.576233238e-02 7.161820251e-03 1.918897459e-02
9.578795718e-04 0.000000000e+00 0.000000000e+00 0.000000000e+00 0.000000000e+00 2.278234404e-03
5.623770591e-02 8.994975284e-03 0.000000000e+00 7.006692023e-02 0.000000000e+00 9.578795718e-04
9.578795718e-04 9.578795718e-04 9.578795718e-04 9.578795718e-04 9.578795718e-04 9.578795718e-04
9.578795718e-04 9.578795718e-04 3.551415965e-02 9.578795718e-04 9.578795718e-04 9.578795718e-04

9.363503614e-03 9.971243444e-04 1.325750577e-01 8.186494337e-02 8.186494337e-02 3.936868312e-03
4.750919486e-02 2.164158024e-01 0.000000000e+00 9.971243444e-04 2.687525908e-01 3.936868312e-03
0.000000000e+00 0.000000000e+00 0.000000000e+00 0.000000000e+00 0.000000000e+00 5.640587084e-03
3.441996871e-02 5.854179094e-02 0.000000000e+00 0.000000000e+00 0.000000000e+00 2.227029024e-02
2.371574730e-03 9.971243444e-04 9.971243444e-04 9.971243444e-04 9.971243444e-04 2.371574730e-03
9.363503614e-03 2.371574730e-03 9.971243444e-04 9.971243444e-04 9.971243444e-04 7.455243365e-03

1.106766937e-02 1.576838432e-01 8.226094479e-04 6.342075421e-01 1.647914024e-02 1.956506016e-03
1.647914024e-02 0.000000000e+00 0.000000000e+00 0.000000000e+00 7.002913284e-02 1.956506016e-03
0.000000000e+00 0.000000000e+00 0.000000000e+00 0.000000000e+00 0.000000000e+00 8.226094479e-04
9.366260730e-03 6.260819252e-02 0.000000000e+00 0.000000000e+00 0.000000000e+00 1.956506016e-03
8.226094479e-04 8.226094479e-04 8.226094479e-04 8.226094479e-04 8.226094479e-04 3.247844751e-03
1.956506016e-03 8.226094479e-04 8.226094479e-04 8.226094479e-04 8.226094479e-04 1.956506016e-03

2.180419846e-16 2.180419846e-16 0.000000000e+00 7.302722733e-01 1.521831977e-01 2.180419846e-16
2.180419846e-16 0.000000000e+00 0.000000000e+00 0.000000000e+00 2.180419846e-16 1.175445290e-01
0.000000000e+00 0.000000000e+00 0.000000000e+00 0.000000000e+00 0.000000000e+00 2.180419846e-16
2.180419846e-16 2.180419846e-16 0.000000000e+00 0.000000000e+00 0.000000000e+00 0.000000000e+00
2.180419846e-16 2.180419846e-16 2.180419846e-16 2.180419846e-16 2.180419846e-16 2.180419846e-16
2.180419846e-16 2.180419846e-16 2.180419846e-16 2.180419846e-16 2.180419846e-16 2.180419846e-16

